# Rounds: 500, repetitions: 1000
# Good arm ~ N(5.0,4.0), 7 bad arm(s) ~ N(2.0,4.0)
# Observation noise range from 0.5 to 8.0 with step size 0.1

# Observation noise | mean | standard deviation

0.5 2141.1580753197204 569.7293821816878
0.6 2153.509304078256 562.9828000430564
0.7 2180.2022629596336 535.0437632952794
0.7999999999999999 2204.499782518939 506.75557786795343
0.8999999999999999 2225.7755035755117 483.2850155225005
0.9999999999999999 2218.6503134648956 470.3974614726935
1.0999999999999999 2240.9602096394865 456.33119279739236
1.1999999999999997 2259.379758941855 422.44994353553994
1.2999999999999996 2283.2378269355554 401.3778416796064
1.3999999999999995 2292.208965748301 354.57824416864895
1.4999999999999993 2322.30041173124 327.4012886159519
1.5999999999999992 2291.828932890845 354.84658482348294
1.699999999999999 2334.2473521061283 284.4602007290545
1.799999999999999 2333.598704296089 266.2511159107695
1.8999999999999988 2339.2307293201316 254.58939949284112
1.9999999999999987 2323.910265752223 273.1070247839327
2.0999999999999988 2340.7500120434474 230.40991857515536
2.199999999999999 2351.791115480893 178.7467952159016
2.299999999999999 2339.7599526468266 201.3359747839681
2.399999999999999 2347.3152047147646 169.77605705430602
2.499999999999999 2348.6818601556706 175.3415576003005
2.599999999999999 2331.872821964768 164.38175248185163
2.6999999999999993 2335.8222359192246 165.103059028937
2.7999999999999994 2327.5142211416023 159.20212516416305
2.8999999999999995 2329.4445941823537 147.73561464496663
2.9999999999999996 2314.9284315700734 157.6075712413928
3.0999999999999996 2320.4435695635602 127.29596243517744
3.1999999999999997 2311.5083112806224 140.81448151660976
3.3 2307.5773937662766 141.06295916753007
3.4 2303.406962442557 123.36047231572248
3.5 2293.9191714702633 135.40926147662947
3.6 2287.2943386223765 134.53907953737962
3.7 2277.854764405831 134.00481908861133
3.8000000000000003 2278.4778771932374 136.31111287494215
3.9000000000000004 2273.4357960358448 127.21832011766881
4.0 2262.519052229428 135.62915687228968
4.1 2253.215999466871 132.592268973119
4.199999999999999 2254.3190445459854 132.2645970031533
4.299999999999999 2247.72161847931 128.9269787730814
4.399999999999999 2238.91899852418 132.749364998844
4.499999999999998 2222.578092386364 136.38851136833705
4.599999999999998 2220.0008009657217 136.23064388505216
4.6999999999999975 2221.8538034137564 134.99380874172707
4.799999999999997 2209.9410296526526 133.88044966619904
4.899999999999997 2203.5652000271493 135.4951780433198
4.9999999999999964 2186.2941555218626 144.53171942605292
5.099999999999996 2182.2032746900104 136.32784507437958
5.199999999999996 2183.888992108824 142.3501348387459
5.299999999999995 2172.220608401938 139.50217985656548
5.399999999999995 2164.2976306160226 136.10780500483042
5.499999999999995 2142.6615072391264 144.57498374864292
5.599999999999994 2144.047377643523 145.47804001330456
5.699999999999994 2131.629053868827 147.56959568284876
5.799999999999994 2124.581460891135 146.30561781827072
5.899999999999993 2119.9918584947677 153.0249417173184
5.999999999999993 2114.5233132181706 149.19671863439206
6.0999999999999925 2093.90794821387 144.33673953731864
6.199999999999992 2102.636900964055 158.28507750809754
6.299999999999992 2089.3596378470424 149.30653883438484
6.3999999999999915 2081.118409831405 146.64528815045634
6.499999999999991 2064.2478930072916 149.83729555371337
6.599999999999991 2061.6229587486296 146.7539608388269
6.69999999999999 2047.656646587564 152.21958674447717
6.79999999999999 2043.8700001025281 143.10018144725478
6.89999999999999 2041.9103708027799 145.1748561314176
6.999999999999989 2025.9990887524648 152.22161158583265
7.099999999999989 2018.0902478672474 155.3065027297505
7.199999999999989 2020.2877813839348 154.57141164128586
7.299999999999988 2003.3812434006752 158.40576146871615
7.399999999999988 1993.2410857703828 155.57001794507832
7.499999999999988 1987.5208562885207 157.55600588585247
7.599999999999987 1976.2359686704272 162.53603473341806
7.699999999999987 1965.7474404470918 159.85741419495773
7.7999999999999865 1964.5186094560595 155.95755932357935
7.899999999999986 1948.0415150932708 157.04970333995757
7.999999999999986 1939.839360396611 157.40192171591752
