# Rounds: 100, repetitions: 1000
# Good arm ~ N(5.0,4.0), 13 bad arm(s) ~ N(0.5,4.0)
# Observation noise range from 0.5 to 8.0 with step size 0.1

# Observation noise | mean | standard deviation

0.5 347.08248180810784 136.94799042334864
0.6 349.9256814151961 132.28659433600896
0.7 349.52321262665 131.7683788438276
0.7999999999999999 353.1725966343604 123.39231291047516
0.8999999999999999 358.88941648069914 116.6451951075278
0.9999999999999999 354.05493638682077 116.53583079568895
1.0999999999999999 348.4362337884092 120.31101166132467
1.1999999999999997 354.8669526353572 111.2354644795376
1.2999999999999996 350.55909781101417 110.58676064398337
1.3999999999999995 349.7741346923086 107.60933865177408
1.4999999999999993 351.1556644494109 105.47245706989553
1.5999999999999992 351.7414822152254 100.39191153889374
1.699999999999999 350.26003847525914 100.41090442984971
1.799999999999999 344.60065086403444 98.37729191362344
1.8999999999999988 336.34026563098143 101.28783512071985
1.9999999999999987 339.339694573156 98.12346990681945
2.0999999999999988 335.2906084064076 95.5854067981937
2.199999999999999 330.9550500953566 94.37239154305416
2.299999999999999 328.2831523275994 91.83936521423398
2.399999999999999 332.15655751722096 88.94952350794732
2.499999999999999 322.33145584167363 91.6325280876238
2.599999999999999 318.08193805646124 86.39362335240324
2.6999999999999993 310.6807597825982 90.73411928421551
2.7999999999999994 300.56578474031903 93.68365920365741
2.8999999999999995 302.2477069577019 90.6631073843783
2.9999999999999996 299.63388991496277 88.28720587533772
3.0999999999999996 290.8325749551909 85.71961083342623
3.1999999999999997 285.7950112625968 92.12349700743229
3.3 283.084636455805 88.39056627453678
3.4 275.616638663438 90.19914295589302
3.5 277.28604187382376 90.90693045533594
3.6 269.6624211380335 89.21828367964248
3.7 260.09107290206197 88.28121608899629
3.8000000000000003 253.59766104583971 87.7133343468204
3.9000000000000004 249.4602084769472 90.27071140529517
4.0 244.68792784415254 92.35712368496411
4.1 244.02676387479417 90.75981560520806
4.199999999999999 237.19906977562314 89.63324435719397
4.299999999999999 233.58775961378677 85.90665031372005
4.399999999999999 226.54507053652785 84.79438240389469
4.499999999999998 216.87949405012824 85.09635341258173
4.599999999999998 213.88774659931502 85.59666177562924
4.6999999999999975 209.24803500690354 82.01605881333275
4.799999999999997 204.32946600449984 81.42254243753045
4.899999999999997 202.70998201570683 81.75555705240743
4.9999999999999964 197.97764950219664 79.67487772480473
5.099999999999996 197.32463024681377 81.53265295385495
5.199999999999996 191.68205262023636 79.22505722922295
5.299999999999995 185.53731525128325 77.43317642413344
5.399999999999995 179.1004560115628 76.00784296995332
5.499999999999995 175.644033763909 72.87859393464632
5.599999999999994 173.82930412184888 72.84810098632973
5.699999999999994 172.58154069025238 70.27992898524832
5.799999999999994 167.64117148835967 73.20669702859202
5.899999999999993 164.16710310523993 71.86972932857608
5.999999999999993 158.6317431839848 67.25992449203925
6.0999999999999925 165.0131519594244 70.40318874395224
6.199999999999992 160.55583054738898 68.52604245607277
6.299999999999992 151.01337288649557 63.73877502793718
6.3999999999999915 153.57871142436625 67.6127784672219
6.499999999999991 148.227395428745 63.27546658007493
6.599999999999991 147.2783744799922 65.76630375322915
6.69999999999999 144.40881600884208 62.35530450045192
6.79999999999999 140.36279358459143 58.49315870874522
6.89999999999999 136.5984224811244 60.424299805555904
6.999999999999989 138.92532308764555 59.99568629960627
7.099999999999989 135.4408756515516 58.77713151926464
7.199999999999989 134.396594440231 57.433149016004826
7.299999999999988 133.1215682509062 59.60582433967329
7.399999999999988 128.63109492777875 56.37841924627298
7.499999999999988 130.28513899658398 56.22333805740173
7.599999999999987 129.59049491052204 55.738349210050416
7.699999999999987 126.88130856728621 53.84783194651404
7.7999999999999865 122.24571012732693 56.74684676320131
7.899999999999986 123.72402872753892 55.88555008302211
7.999999999999986 121.48446385463352 51.10263267165865
