# Rounds: 100, repetitions: 1000
# Good arm ~ N(5.0,3.0), 13 bad arm(s) ~ N(3.0,3.0)
# Observation noise range from 0.5 to 8.0 with step size 0.1

# Observation noise | mean | standard deviation

0.5 390.4941003383201 72.06599009957742
0.6 389.6906176192752 69.23763341384986
0.7 386.85545950767505 68.34057453116682
0.7999999999999999 390.2607143907221 65.20869554776715
0.8999999999999999 386.11230411733743 67.08251104191791
0.9999999999999999 388.14659137090047 66.7243159634301
1.0999999999999999 388.45973419087056 64.50008735195233
1.1999999999999997 385.9454039000273 63.28790993550465
1.2999999999999996 381.86340353364847 62.40777172397296
1.3999999999999995 384.2845728591098 58.98732644926005
1.4999999999999993 380.77528717947195 57.545559819781005
1.5999999999999992 381.0239624018741 61.16261663135683
1.699999999999999 379.12370765039975 58.29831930137167
1.799999999999999 375.2502594417414 55.716009483429794
1.8999999999999988 372.9948281208614 55.25422282735068
1.9999999999999987 373.8100991518557 55.95802683455739
2.0999999999999988 369.8114929349225 53.9904463930031
2.199999999999999 368.6271790449959 53.958407639061605
2.299999999999999 368.33637678500105 52.609525682785026
2.399999999999999 368.0093950919755 52.22153281256508
2.499999999999999 361.49153393706365 49.94779922580175
2.599999999999999 362.16170786293713 49.31385364898645
2.6999999999999993 356.8678404888219 49.21767239810674
2.7999999999999994 355.3741726661843 48.26330413557442
2.8999999999999995 356.2417079116209 48.98384116939187
2.9999999999999996 356.32115901828615 45.8744465644827
3.0999999999999996 354.2805403142699 46.256610883314345
3.1999999999999997 353.001187219274 46.71393599141338
3.3 353.07608887875847 45.340995560328004
3.4 349.4184139059483 43.795665172989985
3.5 349.1075412043396 43.339610030320266
3.6 346.58756730032366 43.751137089064045
3.7 347.20683816107015 40.800812134560516
3.8000000000000003 344.08909428602 42.15871602281292
3.9000000000000004 345.35216081243055 42.39644881738131
4.0 344.2740341516168 41.734522225298896
4.1 340.27841919379244 39.64262557016845
4.199999999999999 343.3541996160927 40.994564210327795
4.299999999999999 342.3059193650375 40.60168382710698
4.399999999999999 338.5155416125336 39.84537670669394
4.499999999999998 338.8649087704611 38.20312361680103
4.599999999999998 337.03252671644407 39.472960139689086
4.6999999999999975 334.3253605556063 39.43028057930479
4.799999999999997 333.9432144459218 36.42263959459564
4.899999999999997 336.9953734127845 37.64583923082044
4.9999999999999964 331.32061223646116 36.7097294007362
5.099999999999996 334.8907442450099 35.65501012051965
5.199999999999996 332.2548002399984 34.870293557903246
5.299999999999995 332.2047795915921 35.365343521123684
5.399999999999995 330.4956914904921 36.4338122509061
5.499999999999995 330.52244680498274 36.508654317481216
5.599999999999994 330.28765055932547 35.886923944105
5.699999999999994 330.4996723269181 35.455141891478604
5.799999999999994 330.17618556271594 34.298243507206536
5.899999999999993 329.3569074173576 34.90401455144609
5.999999999999993 329.30075124861514 34.20663231275457
6.0999999999999925 325.7653889325852 34.068636249399205
6.199999999999992 327.90362424329777 33.44732642290623
6.299999999999992 325.28065316361653 33.797195589423175
6.3999999999999915 326.9701279991115 32.74722792831934
6.499999999999991 326.34514488917415 32.29602761705997
6.599999999999991 326.3690905123465 32.48232628743616
6.69999999999999 326.7304852816208 33.41829351420794
6.79999999999999 324.2297479916771 31.446946452276645
6.89999999999999 326.24572318783885 32.542278034250444
6.999999999999989 324.9021190661825 32.18024381300908
7.099999999999989 323.93598804317446 32.2251687786594
7.199999999999989 325.21076453204995 32.793332192368716
7.299999999999988 324.88441405384134 32.02900750010442
7.399999999999988 323.3716989932522 32.377670652621674
7.499999999999988 323.54449356937755 32.83627375760532
7.599999999999987 321.50013006928276 33.103780600053284
7.699999999999987 322.85766481675836 30.360628921641876
7.7999999999999865 323.8999959300293 32.51202071608871
7.899999999999986 322.72492999380506 32.23180783365987
7.999999999999986 320.3792175631555 31.178393983197388
