# Rounds: 10000, repetitions: 1000
# Good arm ~ N(5.0,3.0), 19 bad arm(s) ~ N(4.5,3.0)
# Observation noise range from 0.5 to 8.0 with step size 0.1

# Observation noise | mean | standard deviation

0.5 47073.38552297136 2331.657116264143
0.6 47406.65386328552 2347.5929998028923
0.7 47418.17730251437 2299.701724047115
0.7999999999999999 47547.86406663735 2249.4464282604595
0.8999999999999999 47885.87412586107 2148.9348475992865
0.9999999999999999 47982.34269053947 2103.7629469485264
1.0999999999999999 48064.758484330785 2026.5387159474296
1.1999999999999997 48173.788353718555 1922.2205660122027
1.2999999999999996 48404.917419259466 1746.6035897611011
1.3999999999999995 48397.44250570821 1690.5589137148763
1.4999999999999993 48522.20013618201 1520.7327298991795
1.5999999999999992 48477.9469940484 1499.474235614709
1.699999999999999 48431.92514385401 1459.8940782816542
1.799999999999999 48495.8097930141 1316.0843614588955
1.8999999999999988 48526.031203531114 1200.4924687538908
1.9999999999999987 48423.40627218605 1225.3758771443906
2.0999999999999988 48435.32508353365 1122.1432709229846
2.199999999999999 48396.28859079837 1017.5855600890304
2.299999999999999 48340.45884082978 987.5938060527654
2.399999999999999 48310.78546851207 919.0176158269232
2.499999999999999 48284.65737586147 827.8190069511708
2.599999999999999 48194.64838468478 760.7218310037003
2.6999999999999993 48168.399118500245 760.5891839635269
2.7999999999999994 48092.93651551326 743.7384080793745
2.8999999999999995 48008.582800535456 749.1513698776811
2.9999999999999996 47966.377000377295 728.1045921523795
3.0999999999999996 47876.85477820177 695.7855662505781
3.1999999999999997 47824.97289454709 662.379121427661
3.3 47790.75197509355 644.79440720596
3.4 47696.092095809814 638.1776309226658
3.5 47562.445380662124 663.4099517304777
3.6 47502.76007555177 657.8529372897589
3.7 47472.742761269175 632.0346509303587
3.8000000000000003 47400.57866763921 616.8730321647921
3.9000000000000004 47285.227659084514 613.1146145175668
4.0 47270.37225787913 597.1369565192261
4.1 47187.004809481434 633.9982708703694
4.199999999999999 47116.125743978984 598.2812043200342
4.299999999999999 47065.83281358189 597.1094910746534
4.399999999999999 47071.8038126266 579.137682998345
4.499999999999998 46961.35966195735 596.3488906128366
4.599999999999998 46905.31327326548 578.1257140137136
4.6999999999999975 46861.96894884274 546.653812762838
4.799999999999997 46810.2417707452 570.99508240074
4.899999999999997 46759.72595833245 558.7232345187804
4.9999999999999964 46732.814020840095 547.813883926947
5.099999999999996 46670.825161566834 562.8705309644097
5.199999999999996 46645.79378809663 546.612298318885
5.299999999999995 46612.13880028228 518.2584565906598
5.399999999999995 46537.25684015407 526.2750574386257
5.499999999999995 46502.98551427863 496.5466793409153
5.599999999999994 46449.11116109781 498.54312672261545
5.699999999999994 46437.245002515374 504.00741134876284
5.799999999999994 46376.84358960895 496.51513698926976
5.899999999999993 46378.43730448965 501.8771792256458
5.999999999999993 46343.28816883083 503.2116970213974
6.0999999999999925 46313.593662389045 518.6714788133913
6.199999999999992 46266.36974448757 471.0353401735563
6.299999999999992 46241.78102042485 473.7900844100509
6.3999999999999915 46227.04922729911 469.39586512908164
6.499999999999991 46208.079696747576 468.1139641499962
6.599999999999991 46196.01459569257 451.57057044798523
6.69999999999999 46161.803528042095 471.6343947318376
6.79999999999999 46124.457541794625 443.85603715261186
6.89999999999999 46103.96707327039 440.14600311242543
6.999999999999989 46094.58848097848 442.97084109146925
7.099999999999989 46063.57493740101 434.1962096199652
7.199999999999989 46031.96693046658 430.57025946435493
7.299999999999988 46043.253025412014 431.0447341157436
7.399999999999988 45979.83451554517 424.0845088613715
7.499999999999988 46013.61799878914 424.51305829784434
7.599999999999987 45998.08819358019 420.74697100206663
7.699999999999987 45981.90020955679 424.95946388988796
7.7999999999999865 45975.264455634875 394.7719573259132
7.899999999999986 45933.74183407406 402.93108248756306
7.999999999999986 45930.142942587336 392.7235026725393
