# Rounds: 10000, repetitions: 1000
# Good arm ~ N(5.0,5.0), 19 bad arm(s) ~ N(0.5,5.0)
# Observation noise range from 0.5 to 8.0 with step size 0.1

# Observation noise | mean | standard deviation

0.5 44160.872694310994 14378.951693299745
0.6 44560.41886858217 14000.499662520406
0.7 44502.259078058785 13963.821601083428
0.7999999999999999 46149.996001061416 11642.528223792797
0.8999999999999999 45859.498040595485 12102.453115204775
0.9999999999999999 47216.09863415017 9768.82745588816
1.0999999999999999 47364.043302080245 9410.159110188384
1.1999999999999997 48001.89546612719 7947.934692085125
1.2999999999999996 48105.81219167221 7638.411360887639
1.3999999999999995 48659.80085066385 5865.019921811321
1.4999999999999993 48950.671103717985 4706.752154053157
1.5999999999999992 48741.93292577552 5690.909438667116
1.699999999999999 49130.392990183434 3949.16871356543
1.799999999999999 49080.77943981055 4233.018683233908
1.8999999999999988 49397.3718740939 2142.5697398431384
1.9999999999999987 49491.270116760934 1495.9033690615054
2.0999999999999988 49492.13845925508 845.1881492806789
2.199999999999999 49429.274106252815 1722.0418158215514
2.299999999999999 49420.926520408335 2041.07481648694
2.399999999999999 49507.885698662176 607.0267541335971
2.499999999999999 49451.88909155267 891.3622331234837
2.599999999999999 49474.752718152704 634.4757422943518
2.6999999999999993 49488.514576162095 626.8464024569896
2.7999999999999994 49392.85496236933 1526.8831235020798
2.8999999999999995 49432.942737566955 553.8980722313911
2.9999999999999996 49403.13931912053 520.9937258277092
3.0999999999999996 49432.43715304447 532.9607197233769
3.1999999999999997 49362.07331563081 526.0499357620713
3.3 49319.08415955923 553.3134306492533
3.4 49308.291046159015 519.2422142993896
3.5 49247.64567659764 540.9441526563002
3.6 49232.59064880449 538.7296664990143
3.7 49265.653630254565 504.8373115562457
3.8000000000000003 49212.5858456784 548.6061682652867
3.9000000000000004 49175.21914568215 523.8557431194661
4.0 49160.84970092589 510.91412884509015
4.1 49078.94914308284 539.3194304901252
4.199999999999999 49098.54784716886 522.6074652776609
4.299999999999999 49048.02969376717 544.9111356762468
4.399999999999999 49003.96948907033 540.8951529898515
4.499999999999998 48994.57657687279 525.206778870549
4.599999999999998 48958.064132271815 539.1141760440585
4.6999999999999975 48898.451814614236 536.9544307036101
4.799999999999997 48891.96872297344 533.8889584003912
4.899999999999997 48839.06440412975 512.7626203960435
4.9999999999999964 48808.96358962929 525.7788860110486
5.099999999999996 48749.079812001495 531.2101154081068
5.199999999999996 48732.3270907875 540.2915950483402
5.299999999999995 48700.75156403691 534.8488572669672
5.399999999999995 48625.04043923256 536.6822991024114
5.499999999999995 48567.88519698928 526.9947696106116
5.599999999999994 48571.59685616281 543.1582334407892
5.699999999999994 48525.35287767155 545.4852582829573
5.799999999999994 48515.124250944726 528.006758571675
5.899999999999993 48434.86874885665 543.3236887500731
5.999999999999993 48397.8187513386 539.3618794363728
6.0999999999999925 48350.171385234775 533.9677790656698
6.199999999999992 48326.178113126414 536.787964887745
6.299999999999992 48292.010307025754 529.2158254946565
6.3999999999999915 48232.46427261274 543.8411682019203
6.499999999999991 48169.29447570071 533.0837085771186
6.599999999999991 48170.131618757914 550.8972909881986
6.69999999999999 48094.561826594414 558.2249915995552
6.79999999999999 48039.17674723202 559.6430329794132
6.89999999999999 48001.25263534989 547.7719334982628
6.999999999999989 47940.45956434218 563.3052210323924
7.099999999999989 47916.924261704095 536.775896098105
7.199999999999989 47893.174582153035 534.2499956690946
7.299999999999988 47830.80541914641 539.302908454157
7.399999999999988 47787.00750173003 561.243478356109
7.499999999999988 47736.11145530603 573.5655018248942
7.599999999999987 47703.78918217271 554.2854790657528
7.699999999999987 47648.91794633044 568.1925561894552
7.7999999999999865 47571.7845550969 559.5473538830823
7.899999999999986 47527.70989927899 552.9706826022862
7.999999999999986 47484.10648407293 570.6290204644616
