# Rounds: 10000, repetitions: 1000
# Good arm ~ N(5.0,0.0), 19 bad arm(s) ~ N(4.9,0.0)
# Observation noise range from 0.5 to 8.0 with step size 0.1

# Observation noise | mean | standard deviation

0.5 49690.03780000115 2.006314146981334
0.6 49602.39890000191 2.321856974425489
0.7 49518.53330000281 2.6776913826966022
0.7999999999999999 49442.00790000354 2.9787515086582177
0.8999999999999999 49375.374000004376 2.9989027021885444
0.9999999999999999 49320.20040000503 3.053837874793502
1.0999999999999999 49275.4555000057 2.9457133222274967
1.1999999999999997 49240.15500000607 2.9106884249058824
1.2999999999999996 49212.599900006455 2.7657583786747533
1.3999999999999995 49190.723800006686 2.7098148749436852
1.4999999999999993 49173.55110000697 2.5937784169632243
1.5999999999999992 49159.51770000705 2.467339553915399
1.699999999999999 49148.40210000731 2.4258999526826472
1.799999999999999 49139.03250000738 2.319097229919494
1.8999999999999988 49131.50420000745 2.257906220454909
1.9999999999999987 49124.88420000759 1.9923252042823147
2.0999999999999988 49119.49990000768 2.0702260325176756
2.199999999999999 49114.776300007645 2.0259745513634937
2.299999999999999 49110.51130000776 1.9748119384108989
2.399999999999999 49106.95650000781 1.8460405238037243
2.499999999999999 49103.81310000782 1.954343329036304
2.599999999999999 49101.00980000783 1.856262284695059
2.6999999999999993 49098.366500007854 1.8211711655763967
2.7999999999999994 49096.2784000079 1.7890483878449615
2.8999999999999995 49094.17280000794 1.7972396140044617
2.9999999999999996 49092.37720000791 1.7994327211743568
3.0999999999999996 49090.65460000803 1.7273860896229525
3.1999999999999997 49089.105100008004 1.684898475517132
3.3 49087.80800000804 1.7721897913525098
3.4 49086.58670000802 1.6639777437994232
3.5 49085.269100008 1.704124182433476
3.6 49084.177300008036 1.6581266821392902
3.7 49083.097600008026 1.6642247095302727
3.8000000000000003 49082.266600008064 1.5858371036313834
3.9000000000000004 49081.3283000081 1.6763529667700316
4.0 49080.54100000813 1.685728531114036
4.1 49079.75260000803 1.6010360884415393
4.199999999999999 49079.01730000812 1.6238866086183896
4.299999999999999 49078.322000008215 1.5941698081813074
4.399999999999999 49077.61060000809 1.5761446227455747
4.499999999999998 49077.060800008134 1.498762706232588
4.599999999999998 49076.5322000081 1.5514800192693663
4.6999999999999975 49076.01650000822 1.5527358882570812
4.799999999999997 49075.54540000819 1.5237324570092987
4.899999999999997 49075.02730000818 1.5671888178297027
4.9999999999999964 49074.57230000819 1.5911991153107619
5.099999999999996 49073.99110000813 1.5256534365144865
5.199999999999996 49073.64920000814 1.5980215996575255
5.299999999999995 49073.21980000825 1.5447699745329355
5.399999999999995 49072.953500008196 1.565342789292482
5.499999999999995 49072.54060000824 1.545237651411525
5.599999999999994 49072.05770000818 1.5810567511605185
5.699999999999994 49071.76700000829 1.5413132863212673
5.799999999999994 49071.436200008175 1.5150726071539977
5.899999999999993 49071.11230000822 1.5700202780903527
5.999999999999993 49070.84820000817 1.618856836597156
6.0999999999999925 49070.5800000082 1.5455707000115844
6.199999999999992 49070.28100000823 1.5351011482904169
6.299999999999992 49070.001400008274 1.5992234226334432
6.3999999999999915 49069.766000008276 1.5509059640262228
6.499999999999991 49069.45910000822 1.5525616372899012
6.599999999999991 49069.25980000825 1.5301193499758388
6.69999999999999 49068.98290000823 1.61149449407887
6.79999999999999 49068.72620000823 1.6010299362597558
6.89999999999999 49068.54820000826 1.6441776303130198
6.999999999999989 49068.29920000828 1.561357485377858
7.099999999999989 49068.214500008304 1.6204708191190793
7.199999999999989 49067.96940000824 1.60882937936731
7.299999999999988 49067.71710000823 1.5796622812714367
7.399999999999988 49067.644400008234 1.5702784512176111
7.499999999999988 49067.57600000824 1.6025705077086212
7.599999999999987 49067.24030000825 1.6002270578217015
7.699999999999987 49067.03080000824 1.5305861798683704
7.7999999999999865 49066.81780000821 1.6139913655523115
7.899999999999986 49066.83330000823 1.5700529214406045
7.999999999999986 49066.55140000825 1.5937371295117053
