# Rounds: 10000, repetitions: 1000
# Good arm ~ N(5.0,2.0), 19 bad arm(s) ~ N(1.0,2.0)
# Observation noise range from 0.5 to 8.0 with step size 0.1

# Observation noise | mean | standard deviation

0.5 49832.56630596848 1497.5932420821484
0.6 49899.562748488526 351.9898596945347
0.7 49893.4585715142 233.3508783128122
0.7999999999999999 49889.66832898072 198.52461120577675
0.8999999999999999 49844.84580537883 1273.9568631930374
0.9999999999999999 49878.78541090611 226.14985854265885
1.0999999999999999 49869.28122458147 209.2847653995547
1.1999999999999997 49856.97281245505 252.4966202529374
1.2999999999999996 49840.43097588124 208.02396789923213
1.3999999999999995 49835.51478267183 204.7600864618541
1.4999999999999993 49815.96771131586 202.09739145711833
1.5999999999999992 49794.421347837764 203.3497725068138
1.699999999999999 49783.705495294926 205.35076296103054
1.799999999999999 49762.889269196545 199.97688859184163
1.8999999999999988 49744.97857002387 204.7526522862604
1.9999999999999987 49727.595852244165 204.99726458538245
2.0999999999999988 49703.3471324382 200.30142014101256
2.199999999999999 49679.65170422935 200.14734966384233
2.299999999999999 49649.831695458284 201.0534986633366
2.399999999999999 49629.13204251624 208.04966829722756
2.499999999999999 49607.16064849612 201.2081211169579
2.599999999999999 49591.41230972473 204.53885950499392
2.6999999999999993 49546.02436571963 210.00543890474316
2.7999999999999994 49519.773665697234 208.99812061907397
2.8999999999999995 49496.93711327148 203.2190123095319
2.9999999999999996 49453.184017815765 201.9685261516085
3.0999999999999996 49438.87341973677 214.18802771290035
3.1999999999999997 49414.14289516803 214.8253473675186
3.3 49374.29972119433 214.3364613462533
3.4 49346.26705127737 206.46007798130614
3.5 49310.137913507846 210.73411186768985
3.6 49278.216765999765 209.60432305728492
3.7 49259.9756218664 211.22792097211683
3.8000000000000003 49221.669804061545 204.8750572349544
3.9000000000000004 49191.08464890225 199.61561007060257
4.0 49159.439189830664 215.10594348666703
4.1 49116.04453552443 204.97532259911577
4.199999999999999 49087.62154757819 205.95267411820774
4.299999999999999 49036.41759610742 211.50583239917202
4.399999999999999 49009.93322642128 211.64718791205956
4.499999999999998 48973.10495055422 209.14591355867256
4.599999999999998 48946.90444716963 205.36720897753293
4.6999999999999975 48912.75253730205 209.05422893908604
4.799999999999997 48866.643394816034 210.71104872360544
4.899999999999997 48833.06989482941 207.92746542563864
4.9999999999999964 48785.252960510894 209.44307975142772
5.099999999999996 48761.55463929395 201.32083017414263
5.199999999999996 48710.78362217392 218.4639831759236
5.299999999999995 48680.23162085666 216.67878564608617
5.399999999999995 48635.34064968045 218.14631821113053
5.499999999999995 48595.035352168496 208.50280030003663
5.599999999999994 48558.630553797186 214.9209984519693
5.699999999999994 48506.25644180304 216.2409850207001
5.799999999999994 48469.25010645192 220.93067019620327
5.899999999999993 48414.819619407084 219.2821856057474
5.999999999999993 48374.4337885182 218.1689281158628
6.0999999999999925 48323.45210178126 219.36928601698486
6.199999999999992 48283.694673358994 222.43579487563855
6.299999999999992 48238.30226378029 213.7445434827656
6.3999999999999915 48200.849314854706 212.4747076569541
6.499999999999991 48157.22533163145 218.32015331723014
6.599999999999991 48105.341162872515 223.4337506991638
6.69999999999999 48075.66303105516 219.9548851324258
6.79999999999999 48021.83959761418 218.96620163295768
6.89999999999999 47980.265871435826 217.05822412398132
6.999999999999989 47908.7586342351 231.13099499079075
7.099999999999989 47878.67494751569 225.84831220062458
7.199999999999989 47832.12366856041 234.04579019634076
7.299999999999988 47780.315258441246 215.76886580459012
7.399999999999988 47739.94925078188 234.10870797299708
7.499999999999988 47693.703029441516 217.28009875273293
7.599999999999987 47651.20648036941 221.0355849012081
7.699999999999987 47586.49133751914 225.79115921887936
7.7999999999999865 47537.55935959924 226.26179626038726
7.899999999999986 47482.86636678025 228.01253914945534
7.999999999999986 47428.17539386579 224.91332973406233
