# Rounds: 10000, repetitions: 1000
# Good arm ~ N(5.0,5.0), 19 bad arm(s) ~ N(4.5,5.0)
# Observation noise range from 0.5 to 8.0 with step size 0.1

# Observation noise | mean | standard deviation

0.5 46247.53223186847 2082.5267931112285
0.6 46319.30428541313 2149.4287115186494
0.7 46285.69199813387 2117.036478904556
0.7999999999999999 46531.82439895769 2214.5734478132663
0.8999999999999999 46487.30635820107 2138.319494730004
0.9999999999999999 46642.75592441386 2181.352496902535
1.0999999999999999 46819.944838513286 2188.6848939391543
1.1999999999999997 46847.14644809801 2156.7075233223727
1.2999999999999996 46848.87438220761 2151.493860125696
1.3999999999999995 46976.946748647446 2129.8904299442256
1.4999999999999993 46963.67502256066 2106.365321467974
1.5999999999999992 47161.899101371164 2130.308624788422
1.699999999999999 47214.7908226478 2053.353327930552
1.799999999999999 47295.487389557 2006.9869294194714
1.8999999999999988 47272.456279905164 1963.042382887811
1.9999999999999987 47385.632474856335 1928.5454595453975
2.0999999999999988 47239.51688937395 1881.4509900456871
2.199999999999999 47306.82197023852 1865.9015537058672
2.299999999999999 47366.14262348571 1778.5915464253635
2.399999999999999 47324.35060505281 1760.2238747841109
2.499999999999999 47448.79438053187 1676.7937955848813
2.599999999999999 47315.400146509026 1662.321622616121
2.6999999999999993 47397.518748755254 1601.1033054851948
2.7999999999999994 47336.596559046135 1566.4871205897734
2.8999999999999995 47271.275855991866 1489.1918292009468
2.9999999999999996 47392.32369492381 1414.1762688507554
3.0999999999999996 47298.841003171445 1415.3994832951687
3.1999999999999997 47220.79527669739 1411.7243202567975
3.3 47289.80826138437 1341.7079351916034
3.4 47212.51148565847 1304.4780508700403
3.5 47065.8275402072 1288.9527524485973
3.6 47113.11909516732 1240.736382869468
3.7 47051.89128085445 1181.88683381094
3.8000000000000003 47068.551130836815 1195.7154338002777
3.9000000000000004 47030.290129060275 1179.3823506462695
4.0 46975.59745496674 1091.9911626014757
4.1 46917.73584194125 1142.792216249276
4.199999999999999 46841.911328774644 1120.9007276051907
4.299999999999999 46877.930055500656 1054.0149987590555
4.399999999999999 46820.8498167972 1053.5123653457374
4.499999999999998 46738.34682189048 1028.030373605544
4.599999999999998 46691.82938887859 1018.1803031968261
4.6999999999999975 46614.375233665094 1011.0948782361287
4.799999999999997 46645.19402585197 976.0305813265704
4.899999999999997 46559.22769524391 996.3045265410387
4.9999999999999964 46508.10778537649 948.0953211532228
5.099999999999996 46560.0707553095 933.4887307201155
5.199999999999996 46449.602424292105 878.1169600903766
5.299999999999995 46391.52423375377 937.7409224120034
5.399999999999995 46480.73446389592 878.4441276404785
5.499999999999995 46365.514884975426 889.6144567826133
5.599999999999994 46353.65552239393 883.8437262938387
5.699999999999994 46372.254673840354 831.4793333924459
5.799999999999994 46236.86470960835 858.7368122508572
5.899999999999993 46291.63902997374 818.7385514651886
5.999999999999993 46288.59312914068 778.5977776391438
6.0999999999999925 46229.19752097618 786.8312192315192
6.199999999999992 46197.60891310957 789.583151986038
6.299999999999992 46206.349947959025 754.3073298036691
6.3999999999999915 46183.11809860604 764.8821067998784
6.499999999999991 46133.84793940557 769.7789431053974
6.599999999999991 46173.13449526763 760.8408287225961
6.69999999999999 46133.045277307494 743.5904158216522
6.79999999999999 46090.302317401525 733.0947618782395
6.89999999999999 46067.139371309684 741.3919977107644
6.999999999999989 46057.904821288495 704.4539646158929
7.099999999999989 46037.08609402427 716.8674717349495
7.199999999999989 45969.538480180774 730.1487118035221
7.299999999999988 45975.891529385 711.7813171101525
7.399999999999988 46005.45817893124 694.1270846181312
7.499999999999988 45982.42209504989 685.8188744840281
7.599999999999987 45966.804892149485 684.7576433614202
7.699999999999987 45924.06865497298 683.9011067961719
7.7999999999999865 45889.19566957993 674.179660032317
7.899999999999986 45904.24881728694 665.3989943865768
7.999999999999986 45909.06593558198 653.0873426229289
