# Rounds: 5000, repetitions: 1000
# Good arm ~ N(5.0,5.0), 10 bad arm(s) ~ N(5.0,5.0)
# Observation noise range from 0.5 to 8.0 with step size 0.1

# Observation noise | mean | standard deviation

0.5 24992.362336083155 355.3258989170258
0.6 24996.4126957339 352.81018754649887
0.7 24992.286151803943 345.99958775595195
0.7999999999999999 25026.77034762045 343.48718102976744
0.8999999999999999 25015.1149387513 353.87325885208253
0.9999999999999999 25006.537425063947 346.85297725043915
1.0999999999999999 25021.10361377313 348.084152851952
1.1999999999999997 25007.11018168691 356.1331832301154
1.2999999999999996 24988.208845949415 352.4604827152313
1.3999999999999995 25008.253497244063 351.8104899738464
1.4999999999999993 25015.960947677002 342.8599545241379
1.5999999999999992 25027.629941489762 363.1339117793879
1.699999999999999 24993.34016294546 354.2730488752975
1.799999999999999 24992.918795509428 339.7325183312134
1.8999999999999988 24995.661506257948 364.2658463555427
1.9999999999999987 24994.91803916709 354.83801530855385
2.0999999999999988 24987.997452395983 348.02195655406365
2.199999999999999 25012.451142163565 347.3513625224796
2.299999999999999 25004.845065818758 359.78852328982003
2.399999999999999 24990.20816236548 360.3213951179294
2.499999999999999 25024.501401612095 347.6371366193297
2.599999999999999 25007.596374095898 347.91321146917136
2.6999999999999993 24983.24627131976 347.6331716007145
2.7999999999999994 25000.680103454928 356.76753604452887
2.8999999999999995 25020.63947321799 365.5518388106895
2.9999999999999996 25010.69660264143 346.2865487576705
3.0999999999999996 25020.04338795918 357.5829032656664
3.1999999999999997 25002.390384160793 352.588366161563
3.3 24982.177844887712 343.5171074956035
3.4 25004.741702342075 349.597721393244
3.5 25026.908420926953 347.0526089792009
3.6 25004.28103656755 354.9760440983592
3.7 24988.705695932502 353.6100479983035
3.8000000000000003 24993.16650241676 352.1656206795176
3.9000000000000004 24996.287921163843 332.854218121247
4.0 25021.79652450027 347.88541566484747
4.1 24993.268382442722 351.00851219529005
4.199999999999999 25007.851000062397 365.18415495732273
4.299999999999999 25010.069724035984 343.56927917943574
4.399999999999999 25009.056113967996 351.2408736962603
4.499999999999998 25013.697072062907 349.20827092623296
4.599999999999998 25002.492222299006 353.3051857277648
4.6999999999999975 24993.200434590057 373.0195835024538
4.799999999999997 24998.013293657456 363.60753130898877
4.899999999999997 25006.784517128504 344.8192892428235
4.9999999999999964 25001.89028461226 348.44448263361994
5.099999999999996 24989.460721386222 351.0123198023226
5.199999999999996 24996.818054659503 350.77581399950594
5.299999999999995 25004.730678513326 349.0665831188251
5.399999999999995 24995.06490506228 352.7948911148316
5.499999999999995 24997.824579690885 348.2163585605744
5.599999999999994 24997.44045438686 335.60009789616015
5.699999999999994 25014.43326396667 361.3353427892283
5.799999999999994 24997.753712565576 347.2856443384626
5.899999999999993 24992.190024052576 361.1544272408046
5.999999999999993 24985.730829862114 354.95050344132807
6.0999999999999925 25017.09837317414 362.1041722074772
6.199999999999992 25007.88776633228 344.319418563906
6.299999999999992 25011.369628117245 360.4515631107647
6.3999999999999915 25006.822014264402 351.1826210336389
6.499999999999991 25013.547388706946 361.8083359607233
6.599999999999991 25008.46075319122 359.746836721562
6.69999999999999 25017.866559386683 339.38877019444965
6.79999999999999 25006.614421567312 345.3923867633833
6.89999999999999 25005.694378021573 350.2136015472778
6.999999999999989 24976.6100377317 360.22483858438085
7.099999999999989 25000.16368189618 357.6987260702537
7.199999999999989 25012.967256670658 363.33151385136074
7.299999999999988 25016.52012385904 361.98157577588654
7.399999999999988 25012.25134937661 358.25177067379644
7.499999999999988 25014.489169529126 352.9740022879096
7.599999999999987 25002.56329241902 358.0020611968159
7.699999999999987 24984.20342034037 357.18446895206756
7.7999999999999865 25014.69932542905 354.5405870848023
7.899999999999986 25010.663806078606 347.5088838288688
7.999999999999986 24999.66548011888 354.26892371946894
