# Rounds: 5000, repetitions: 1000
# Good arm ~ N(5.0,5.0), 10 bad arm(s) ~ N(4.5,5.0)
# Observation noise range from 0.5 to 8.0 with step size 0.1

# Observation noise | mean | standard deviation

0.5 23120.549609064896 1090.9510655905642
0.6 23192.549952053418 1095.172448185177
0.7 23257.20377627458 1122.514976791167
0.7999999999999999 23310.415805556753 1144.486704791994
0.8999999999999999 23303.59155839362 1099.9518803136239
0.9999999999999999 23312.30354338751 1103.4503812333558
1.0999999999999999 23418.585703859822 1145.5615872389283
1.1999999999999997 23418.124915054148 1126.709649657519
1.2999999999999996 23485.88138309818 1116.6485214887737
1.3999999999999995 23446.826361992036 1094.6889470591534
1.4999999999999993 23459.081158241574 1087.934839124593
1.5999999999999992 23530.73411002136 1088.5187034794542
1.699999999999999 23566.091244404128 1075.4480375545581
1.799999999999999 23587.860142577265 1057.837306821037
1.8999999999999988 23621.114390882794 1040.5246107448984
1.9999999999999987 23644.142861075117 1028.339839093665
2.0999999999999988 23711.30674890379 1001.016684433411
2.199999999999999 23605.404724311727 989.7241537471618
2.299999999999999 23710.062286231598 954.5771824921698
2.399999999999999 23682.16346124555 955.1854618750648
2.499999999999999 23681.42192627679 922.9806048803374
2.599999999999999 23699.294644374942 918.0929935325264
2.6999999999999993 23677.61108116985 864.8221215614079
2.7999999999999994 23740.28616725274 840.7701824144216
2.8999999999999995 23707.032499245066 842.73888114375
2.9999999999999996 23706.055113257586 845.1491498371385
3.0999999999999996 23692.01601782419 827.6357525297832
3.1999999999999997 23657.788120714984 801.8873206812239
3.3 23658.95129056256 777.7888819322983
3.4 23659.457316356325 764.5197296056753
3.5 23626.47399905236 757.638040237177
3.6 23624.040899363026 731.1353172650324
3.7 23606.519462353226 726.4091041432265
3.8000000000000003 23612.741658675557 711.655074796163
3.9000000000000004 23567.935023739883 707.7322074860341
4.0 23567.65600997465 704.4572995536271
4.1 23537.50447831317 681.4487612301219
4.199999999999999 23565.528350730223 668.7397342265613
4.299999999999999 23531.58454849471 634.8178285406647
4.399999999999999 23539.94786846203 660.7752299205035
4.499999999999998 23493.594077468097 663.7150956862723
4.599999999999998 23505.568544647645 626.7968971108568
4.6999999999999975 23492.944174555014 622.1302954632641
4.799999999999997 23469.71451950826 614.5215508679942
4.899999999999997 23433.12154844712 593.5374612970204
4.9999999999999964 23474.760185109215 589.2810006200997
5.099999999999996 23424.533724536705 589.4851254517263
5.199999999999996 23414.5739522565 593.5278554683993
5.299999999999995 23428.786232283284 609.0808337616836
5.399999999999995 23379.68431943114 579.8700287501632
5.499999999999995 23394.36465051724 578.0283674776001
5.599999999999994 23339.61220577677 560.853633235767
5.699999999999994 23339.28690033818 546.7491725991154
5.799999999999994 23325.802681166966 549.3414746913561
5.899999999999993 23316.931604940615 542.9307207699767
5.999999999999993 23303.04822514175 559.3206095776022
6.0999999999999925 23319.29298829338 549.7927723221063
6.199999999999992 23318.528852595377 538.1233372299614
6.299999999999992 23315.061491398028 535.2301086856315
6.3999999999999915 23278.42572444749 532.5111300116888
6.499999999999991 23268.091843579477 526.1985719930802
6.599999999999991 23284.26156240577 514.1519575914035
6.69999999999999 23236.851813632737 502.2062841035003
6.79999999999999 23232.826915562906 504.8260158407702
6.89999999999999 23240.823957654226 507.42226193277503
6.999999999999989 23232.28701965172 503.90094994852484
7.099999999999989 23220.59984667934 493.32126103087626
7.199999999999989 23206.313143957774 493.2569805226576
7.299999999999988 23181.46702232146 498.20956412329866
7.399999999999988 23196.637707500744 481.14409570889416
7.499999999999988 23205.038437109983 494.4928625569915
7.599999999999987 23182.552913159765 503.09272101157745
7.699999999999987 23159.205168830722 465.5016634860536
7.7999999999999865 23151.484330182997 462.0643718848516
7.899999999999986 23144.284957397933 487.05149323885166
7.999999999999986 23168.265230329576 450.5818472263838
