# Rounds: 5000, repetitions: 1000
# Good arm ~ N(5.0,2.0), 10 bad arm(s) ~ N(3.0,2.0)
# Observation noise range from 0.5 to 8.0 with step size 0.1

# Observation noise | mean | standard deviation

0.5 24522.324078471374 1826.1608948101698
0.6 24651.100776216976 1556.3639428265678
0.7 24682.256284057643 1376.0489303050704
0.7999999999999999 24809.22754906924 933.2958304613663
0.8999999999999999 24796.716980877754 881.0516613922624
0.9999999999999999 24881.40674851825 492.50122137146747
1.0999999999999999 24878.676805349667 291.0673684853899
1.1999999999999997 24855.257097915994 490.8481742330299
1.2999999999999996 24866.717202479464 215.77645182054306
1.3999999999999995 24875.00199104672 170.9052567098979
1.4999999999999993 24861.64334604065 172.05504873964833
1.5999999999999992 24858.19864686003 162.73653083972027
1.699999999999999 24835.878616020582 157.43830549372476
1.799999999999999 24827.962220510286 145.12449036014343
1.8999999999999988 24815.08346635547 150.1102113118171
1.9999999999999987 24796.37058136832 144.30871558515216
2.0999999999999988 24784.38184405571 151.7512488032397
2.199999999999999 24771.43430884331 146.5363631192786
2.299999999999999 24743.720231648625 148.30360341702192
2.399999999999999 24735.832458210887 142.68547219312066
2.499999999999999 24716.121535802806 147.38883271387516
2.599999999999999 24704.436854289946 148.96837545073976
2.6999999999999993 24679.66637049841 146.57713977669508
2.7999999999999994 24662.68022922516 151.40670745104617
2.8999999999999995 24649.964899032962 148.09089413450204
2.9999999999999996 24624.74455180941 153.89529854160867
3.0999999999999996 24607.570373728904 156.20202940922567
3.1999999999999997 24588.88068419339 153.07481711456276
3.3 24560.67226257303 153.16404151861124
3.4 24548.27452774587 152.65745428087905
3.5 24524.255090304312 149.87452796153332
3.6 24512.404669436644 152.4752323231036
3.7 24484.26170165156 152.6530181374458
3.8000000000000003 24458.778000032606 159.97018721125596
3.9000000000000004 24448.373328202382 156.77494302809077
4.0 24414.40415230403 155.20100987148143
4.1 24385.782705977548 154.81173535167176
4.199999999999999 24369.579947594597 160.24012442113465
4.299999999999999 24356.06156309351 159.95627256919647
4.399999999999999 24328.020080226837 163.1638684944652
4.499999999999998 24298.227489928995 164.48243399765641
4.599999999999998 24275.24117491393 159.90611805349502
4.6999999999999975 24252.54593942982 164.25123343815005
4.799999999999997 24228.297434898715 164.1073012226229
4.899999999999997 24215.279250937816 162.33268768407743
4.9999999999999964 24181.501979354292 169.1085987608763
5.099999999999996 24161.458022143397 157.188480369731
5.199999999999996 24131.113820628056 164.3807889566079
5.299999999999995 24099.214629539285 167.94181298692212
5.399999999999995 24082.988712798327 165.1808190872361
5.499999999999995 24070.50055073152 167.52750757955184
5.599999999999994 24037.861756582468 166.65184853089784
5.699999999999994 24014.543886822878 172.56910718392146
5.799999999999994 23997.15985107423 166.62778127449354
5.899999999999993 23965.07872675723 174.15658434580175
5.999999999999993 23936.651255090193 170.57497386262003
6.0999999999999925 23907.022059279774 175.8118177416368
6.199999999999992 23888.17338955636 168.02283765763553
6.299999999999992 23849.310536430832 178.31212481774236
6.3999999999999915 23829.94844503804 179.11298494478882
6.499999999999991 23807.9516683003 180.56962729723082
6.599999999999991 23773.44973874999 175.3753661874541
6.69999999999999 23749.407218907425 176.48010253509102
6.79999999999999 23716.717670127764 182.41191697891063
6.89999999999999 23696.189270888623 179.49013841670921
6.999999999999989 23662.639225811447 179.1362485492186
7.099999999999989 23633.793427869758 184.5810122981366
7.199999999999989 23619.656037577497 187.69119789997941
7.299999999999988 23579.945870181364 182.85900147277172
7.399999999999988 23561.71838683895 184.39289507155658
7.499999999999988 23533.26512195297 180.1526017634679
7.599999999999987 23509.599967944447 189.66226935862363
7.699999999999987 23478.345710660466 185.71506907088929
7.7999999999999865 23451.30077078134 185.7944256014529
7.899999999999986 23411.56259483887 192.06926414286244
7.999999999999986 23403.48293015737 187.75507162595187
