# Rounds: 5000, repetitions: 1000
# Good arm ~ N(5.0,3.0), 10 bad arm(s) ~ N(4.0,3.0)
# Observation noise range from 0.5 to 8.0 with step size 0.1

# Observation noise | mean | standard deviation

0.5 23033.50069509556 2337.4384454602296
0.6 23303.759494688213 2203.168657259625
0.7 23367.74362328611 2172.424817524086
0.7999999999999999 23592.565127629936 2039.598927442815
0.8999999999999999 23623.756506376812 2008.6596334829826
0.9999999999999999 23810.001891632888 1872.1403808134005
1.0999999999999999 23997.32465993636 1689.3866274272577
1.1999999999999997 24063.29651990979 1636.7701374471387
1.2999999999999996 24081.35651692359 1558.7708284033868
1.3999999999999995 24184.22530847922 1428.823502839002
1.4999999999999993 24382.077808691873 1151.4598972867213
1.5999999999999992 24277.019266768242 1275.345812422487
1.699999999999999 24365.176555173824 1115.3915574732198
1.799999999999999 24452.99736108986 904.5626974668256
1.8999999999999988 24461.835406673243 811.8739551170438
1.9999999999999987 24475.99497608929 763.0182427628724
2.0999999999999988 24468.881849635214 708.2895465248683
2.199999999999999 24497.356517051056 565.3769272570075
2.299999999999999 24493.315037005494 585.5270979049367
2.399999999999999 24456.00726506716 543.5763234381446
2.499999999999999 24445.026825370885 480.7449291417309
2.599999999999999 24459.867424509925 445.200823223445
2.6999999999999993 24415.38457048621 493.97632629793225
2.7999999999999994 24389.18158749822 371.4280324088168
2.8999999999999995 24385.142272281548 374.9996845267309
2.9999999999999996 24366.155089566408 327.3529644212994
3.0999999999999996 24345.142996795123 289.00848991665663
3.1999999999999997 24306.574835943866 350.92745509097205
3.3 24288.514045987384 320.6760028851461
3.4 24258.64970436796 328.8605978127291
3.5 24206.583361191162 307.8320157873891
3.6 24187.934894974736 318.9385180283645
3.7 24152.29864530132 368.61212532018584
3.8000000000000003 24121.441777198463 300.67004355423757
3.9000000000000004 24113.781985374022 305.6578219062887
4.0 24073.385786746654 328.7176316204613
4.1 24051.573387488632 307.63014467992366
4.199999999999999 24020.559459997592 318.9531571386936
4.299999999999999 23994.689715026183 302.4122248404126
4.399999999999999 23966.281471162634 310.07163538098246
4.499999999999998 23926.964341998773 300.3339961306685
4.599999999999998 23893.44570169151 301.12246614689116
4.6999999999999975 23859.441204604864 313.9120752898325
4.799999999999997 23830.501628100876 326.34371248349714
4.899999999999997 23795.402079105934 321.13167311773054
4.9999999999999964 23764.892020038093 327.8911339053891
5.099999999999996 23763.410701805693 310.3475379618963
5.199999999999996 23698.319494330164 344.82490059264603
5.299999999999995 23707.884265214856 337.4651525064109
5.399999999999995 23662.34304628424 311.2447805426788
5.499999999999995 23621.440626443742 340.46538890582343
5.599999999999994 23585.35592349427 325.51861197216493
5.699999999999994 23558.9875774646 333.25754995708525
5.799999999999994 23524.463366627537 336.11284141405673
5.899999999999993 23490.436389186707 331.81839048285565
5.999999999999993 23469.309215055946 351.2709408699475
6.0999999999999925 23446.8404101386 348.06349773402843
6.199999999999992 23425.71668965727 335.88648364393947
6.299999999999992 23381.08011906664 334.2215687465579
6.3999999999999915 23356.39155057914 327.3697917031223
6.499999999999991 23332.241402804982 334.94190340583447
6.599999999999991 23285.38541406338 345.5363426792881
6.69999999999999 23269.762565095258 352.7461206698752
6.79999999999999 23249.22452882328 349.3789339247964
6.89999999999999 23207.67845365654 347.56120654109316
6.999999999999989 23159.63287123084 349.2112728808241
7.099999999999989 23153.561527141574 344.6156386790205
7.199999999999989 23111.28570481381 342.5506530857652
7.299999999999988 23086.428794221243 356.4585867495443
7.399999999999988 23067.06317503587 357.716863965129
7.499999999999988 23015.98442938234 366.93656874277167
7.599999999999987 23002.811349298445 348.5712651005249
7.699999999999987 22981.35371594906 359.86515518139237
7.7999999999999865 22965.57740072647 364.398847353263
7.899999999999986 22919.663640078532 346.699570353412
7.999999999999986 22889.88194222784 363.99807215088543
