# Rounds: 5000, repetitions: 1000
# Good arm ~ N(5.0,1.0), 10 bad arm(s) ~ N(1.0,1.0)
# Observation noise range from 0.5 to 8.0 with step size 0.1

# Observation noise | mean | standard deviation

0.5 24962.252531401926 74.17411339288611
0.6 24961.347760077686 72.15656029579617
0.7 24962.69989611657 70.60528223146727
0.7999999999999999 24960.825040897926 70.03737983678191
0.8999999999999999 24961.424215330953 71.10385046776837
0.9999999999999999 24951.13888240009 71.49247511080941
1.0999999999999999 24947.751917917853 70.95770077932579
1.1999999999999997 24938.863057587594 74.67845699662544
1.2999999999999996 24928.4183452955 71.77704418389455
1.3999999999999995 24926.095947495207 70.57317319256555
1.4999999999999993 24916.106320156476 70.28429482356114
1.5999999999999992 24912.058754777852 70.77430492928654
1.699999999999999 24901.57978385364 71.99398016757065
1.799999999999999 24892.1612905607 74.41235661499607
1.8999999999999988 24883.615802359127 72.04063720967176
1.9999999999999987 24869.842966341388 70.56605777571424
2.0999999999999988 24858.012190759768 72.40469752414455
2.199999999999999 24852.33976322464 71.2085830445112
2.299999999999999 24840.654311001508 72.60586522350017
2.399999999999999 24827.507641645214 72.98633087133568
2.499999999999999 24814.919183411897 73.11442854450388
2.599999999999999 24806.161596045276 73.65149579242131
2.6999999999999993 24793.956748342225 70.78545233448118
2.7999999999999994 24781.244826641196 71.0316149096682
2.8999999999999995 24767.340418629195 72.19684383215858
2.9999999999999996 24752.922681504086 72.03741155303508
3.0999999999999996 24740.450296422918 73.3563656751634
3.1999999999999997 24723.528812904 72.73641809740468
3.3 24712.199605188445 74.60552668040529
3.4 24698.126095901265 72.97328157295985
3.5 24683.834361242185 72.51530822744952
3.6 24667.29925262345 77.28897523057165
3.7 24653.640932691687 71.51349752869713
3.8000000000000003 24637.260161524795 72.6538801995084
3.9000000000000004 24627.843082618798 72.19206548364406
4.0 24606.00245220255 75.87282953585752
4.1 24590.80904319965 75.61348273485537
4.199999999999999 24575.91394666783 74.72725837667303
4.299999999999999 24559.467250015565 74.2559201101656
4.399999999999999 24548.438187604916 75.68309995946032
4.499999999999998 24529.917669181654 76.63011742779763
4.599999999999998 24510.3582950829 75.9675061827865
4.6999999999999975 24492.16609857626 74.60432710807741
4.799999999999997 24471.950045181828 76.05667544823022
4.899999999999997 24458.401544361957 75.95192350944798
4.9999999999999964 24438.033857236842 75.38240477922656
5.099999999999996 24421.08537735525 76.80105306082697
5.199999999999996 24400.330087459428 76.81326241274881
5.299999999999995 24382.1172387644 76.2938077900524
5.399999999999995 24363.89566242384 77.6678570299202
5.499999999999995 24345.165696173884 77.03858413079534
5.599999999999994 24321.954228689894 79.1754422572948
5.699999999999994 24309.539875787283 77.57928176936758
5.799999999999994 24288.124133134224 74.3792727854336
5.899999999999993 24264.80648148137 77.78782699872707
5.999999999999993 24251.339836318002 76.74354410670661
6.0999999999999925 24229.94783133889 78.04413110802471
6.199999999999992 24209.173238737505 77.88384870690683
6.299999999999992 24188.777493186346 79.03090241112936
6.3999999999999915 24162.80040170889 82.34744007966003
6.499999999999991 24145.27898944219 77.43388878812361
6.599999999999991 24121.913587054827 77.86474475687496
6.69999999999999 24102.286227066626 84.12220275403597
6.79999999999999 24082.442557800638 82.68031128578083
6.89999999999999 24058.633138147543 81.32769226895321
6.999999999999989 24039.571096836233 83.45323578299144
7.099999999999989 24014.78154187273 80.12307683890249
7.199999999999989 23992.146186601574 83.10302841858622
7.299999999999988 23977.140989053143 80.28538748531534
7.399999999999988 23944.078215047633 83.79917477257729
7.499999999999988 23923.44418303492 81.0985209597622
7.599999999999987 23906.337737479083 82.68370977389544
7.699999999999987 23883.257052635254 84.9575686283224
7.7999999999999865 23854.853896399243 83.99700435475832
7.899999999999986 23835.389109998832 85.86317235220295
7.999999999999986 23801.60895034887 84.38357566744159
