# Rounds: 100, repetitions: 1000
# Good arm ~ N(5.0,1.0), 7 bad arm(s) ~ N(2.0,1.0)
# Observation noise range from 0.5 to 8.0 with step size 0.1

# Observation noise | mean | standard deviation

0.5 480.3396866657014 11.828215424026132
0.6 479.88578017490437 12.40745181884394
0.7 477.86557358434453 12.314915274186212
0.7999999999999999 476.70640225681916 11.686236785472383
0.8999999999999999 475.6149376145315 12.288590546819073
0.9999999999999999 474.94527866683535 12.6015549723551
1.0999999999999999 472.55148887635505 12.975427889439517
1.1999999999999997 471.32231590497275 13.197758021568683
1.2999999999999996 469.03867592334433 13.948897406972476
1.3999999999999995 466.0605502220827 14.189658754233086
1.4999999999999993 463.0814311742262 13.562156650208626
1.5999999999999992 460.7451886312397 14.247606055285532
1.699999999999999 457.96403078262273 15.264450214190827
1.799999999999999 455.60233956826926 15.231311926208265
1.8999999999999988 452.17419049136333 16.165371439076715
1.9999999999999987 448.2234567548126 15.307390405600225
2.0999999999999988 445.79837329010354 16.462949738694363
2.199999999999999 442.49327141325995 16.534521353074414
2.299999999999999 439.3568891129451 17.307695279332446
2.399999999999999 435.4874273576613 17.928897818893244
2.499999999999999 432.90456762192014 18.75497915901556
2.599999999999999 428.5263783670451 19.436767937398752
2.6999999999999993 424.95096790826614 18.766331327972992
2.7999999999999994 421.41494642411084 19.03649323791394
2.8999999999999995 417.9074355337438 19.95977017915276
2.9999999999999996 413.21877090730385 20.155488457627673
3.0999999999999996 408.8635736577296 20.25138255219126
3.1999999999999997 405.8346258025669 20.845741131386795
3.3 402.00919617989445 21.24454570925085
3.4 397.91683305406025 22.747925959906883
3.5 394.89746631692555 22.844608334752337
3.6 389.8460748081257 22.827293125685753
3.7 387.85278942631766 23.48822775055102
3.8000000000000003 381.2007178608561 24.310388694215465
3.9000000000000004 378.69403156395686 24.110498510263273
4.0 374.96582993073264 24.279342128633413
4.1 372.2367857495643 24.508060193885132
4.199999999999999 367.13586963360393 25.14046978550351
4.299999999999999 364.37928766899023 25.228660273354173
4.399999999999999 359.2839775458549 25.269463384983258
4.499999999999998 357.55111163135524 24.913345670935502
4.599999999999998 352.6231908025252 23.87811494973742
4.6999999999999975 350.8029548632102 25.846385184187714
4.799999999999997 347.5828044520371 26.273596848959645
4.899999999999997 343.36253239417215 27.31616852989912
4.9999999999999964 340.22704563822504 27.032785974674677
5.099999999999996 336.8157408912819 26.28093075455807
5.199999999999996 332.5163773133363 26.155938111792572
5.299999999999995 329.39617097656577 26.997845242267065
5.399999999999995 327.81859987919415 26.2434528449041
5.499999999999995 323.6171574363619 26.489005720160513
5.599999999999994 321.6172144334905 26.97657825017403
5.699999999999994 317.60630197302675 27.657712684871008
5.799999999999994 315.8740939069238 25.57800977569558
5.899999999999993 312.810665483694 26.802210771520123
5.999999999999993 311.11349391402763 26.105021390221054
6.0999999999999925 308.304458376291 25.350729290449184
6.199999999999992 306.16391739985414 25.130422069517838
6.299999999999992 303.69129946987 26.914419848588896
6.3999999999999915 300.51302815863687 25.358538464822644
6.499999999999991 298.5146309485022 26.324306173694772
6.599999999999991 296.146169347166 24.424779220924634
6.69999999999999 294.92516841010865 24.173495800724286
6.79999999999999 293.24368634389054 24.460678296448574
6.89999999999999 290.6972866559054 24.05680552836658
6.999999999999989 288.8133487644177 23.787254493130394
7.099999999999989 289.104126441 23.54311907863073
7.199999999999989 285.8213458720947 23.552281984671364
7.299999999999988 284.8536195662334 23.83945516422039
7.399999999999988 283.770796086481 23.15802060359228
7.499999999999988 282.059777497175 22.86425670112747
7.599999999999987 281.3419002927199 22.83780432855651
7.699999999999987 278.5290602257274 22.075033799447816
7.7999999999999865 277.99922795626384 21.89470897865804
7.899999999999986 276.71481632905534 22.009533578784627
7.999999999999986 275.34219421635004 21.31813320126835
