# Rounds: 100, repetitions: 1000
# Good arm ~ N(5.0,2.0), 7 bad arm(s) ~ N(1.0,2.0)
# Observation noise range from 0.5 to 8.0 with step size 0.1

# Observation noise | mean | standard deviation

0.5 463.1155171692275 43.07395147912227
0.6 463.9303703663284 40.796503703632574
0.7 462.14181362529786 46.40347784929792
0.7999999999999999 463.859924783032 34.94002650090401
0.8999999999999999 464.10541639769906 28.33465104471841
0.9999999999999999 462.2587752609594 34.2355992557086
1.0999999999999999 461.5263264605728 30.015422588896527
1.1999999999999997 461.4768286084545 25.829580589824015
1.2999999999999996 459.8855200588314 26.417690840144907
1.3999999999999995 456.0123863225827 27.997847622931808
1.4999999999999993 454.451222072841 28.623049515037323
1.5999999999999992 453.6391926405481 25.01427444023888
1.699999999999999 450.0074218126205 27.563906699679332
1.799999999999999 447.9578539199005 28.49591693561377
1.8999999999999988 445.0771727407347 26.63627953731627
1.9999999999999987 440.75315097084774 30.139411639960475
2.0999999999999988 439.16276205590833 27.03466310269866
2.199999999999999 437.73136549675405 28.9554858043851
2.299999999999999 433.9480820316422 29.137422018537162
2.399999999999999 430.64080689250943 29.792327283708968
2.499999999999999 427.2844867474434 30.241088036691377
2.599999999999999 423.4286884618515 31.534113696957498
2.6999999999999993 419.3305289804261 31.47757246351616
2.7999999999999994 416.746757183948 31.907797020028216
2.8999999999999995 411.2873101475158 34.016662159927236
2.9999999999999996 407.0609796782843 34.30143143252934
3.0999999999999996 404.28011458727224 32.57927895058378
3.1999999999999997 401.38140628248 33.79177110107588
3.3 393.9669116153363 36.22371003278548
3.4 392.9285770693161 34.797422565484005
3.5 387.20547573147934 35.335066746528476
3.6 382.72938339571493 38.27226092495047
3.7 377.9993601572474 37.159066437730004
3.8000000000000003 373.80362676801326 38.805865978982084
3.9000000000000004 368.6551465776438 38.230256747757174
4.0 366.9048870773933 38.83600209551013
4.1 363.8609323070123 37.552012378572186
4.199999999999999 356.25752144082253 41.41938870009271
4.299999999999999 352.6776066804353 39.5753801731845
4.399999999999999 348.54422289308485 40.00459398037229
4.499999999999998 344.3307986884995 40.81890870463193
4.599999999999998 339.39271582772915 39.317797925236825
4.6999999999999975 332.68395489402917 42.79405757221014
4.799999999999997 329.478626851023 41.55338699180152
4.899999999999997 324.8371741325274 40.50751377929575
4.9999999999999964 321.4643955553042 41.87589053499481
5.099999999999996 317.3230415533799 40.71444825401752
5.199999999999996 312.8957549882415 42.73175170452248
5.299999999999995 308.6652775549344 42.12560388527198
5.399999999999995 305.94917311920165 41.27629106850556
5.499999999999995 303.51538245353254 43.44562699037219
5.599999999999994 295.328176269264 42.79361276466467
5.699999999999994 293.264589330496 41.962517378287494
5.799999999999994 288.7038624949778 40.24359973870324
5.899999999999993 284.5578013078236 41.751262891914166
5.999999999999993 282.5795632624894 42.165065803855654
6.0999999999999925 273.57867769720707 44.05801996410065
6.199999999999992 274.33965709645526 42.405309252137066
6.299999999999992 270.3611774104144 43.33822910536142
6.3999999999999915 264.82221942641667 41.27128392103084
6.499999999999991 262.7387729985451 41.611383627285704
6.599999999999991 260.2794876039008 40.726105863422916
6.69999999999999 254.3244844901846 41.48600540709878
6.79999999999999 253.2909436614213 39.325966848606946
6.89999999999999 249.64202710547875 40.725835197787276
6.999999999999989 246.31619584919216 40.85284499276673
7.099999999999989 245.56345021239287 39.81983765160989
7.199999999999989 242.13457154173622 39.15800591799641
7.299999999999988 236.30514001134972 39.634157950368596
7.399999999999988 235.75650043659502 39.36733182647316
7.499999999999988 231.9798935358416 38.80530012980174
7.599999999999987 231.1223995225565 38.35404881238608
7.699999999999987 227.29487704415507 36.86874834155815
7.7999999999999865 225.39950495659664 35.93970520211132
7.899999999999986 226.12119109923788 38.8717708177086
7.999999999999986 218.71811556931615 36.92172845653133
