# Rounds: 100, repetitions: 1000
# Good arm ~ N(5.0,3.0), 7 bad arm(s) ~ N(5.0,3.0)
# Observation noise range from 0.5 to 8.0 with step size 0.1

# Observation noise | mean | standard deviation

0.5 505.3406623092333 29.90065301498645
0.6 504.5588381856883 29.89371285039796
0.7 505.5549846839993 29.424648483291758
0.7999999999999999 506.05983142298373 30.021585307596336
0.8999999999999999 505.56570994107886 30.13994013647215
0.9999999999999999 504.4358215001731 29.588735013397983
1.0999999999999999 504.3372284497387 30.15248098724173
1.1999999999999997 505.2064005378026 30.05539648469758
1.2999999999999996 504.5604231728882 30.960364433104015
1.3999999999999995 505.4955559936673 31.68653775857299
1.4999999999999993 505.14283877771487 30.219562618614162
1.5999999999999992 504.36480760524546 31.089724956171395
1.699999999999999 506.3429888645551 30.167445870280947
1.799999999999999 505.08795599445483 29.98959225826819
1.8999999999999988 503.7098412446548 30.591072452999654
1.9999999999999987 503.9380338082457 29.966366070325478
2.0999999999999988 505.5786068012066 30.323719686993932
2.199999999999999 503.53571465473436 29.849152675883644
2.299999999999999 505.41061007460655 30.157229821100508
2.399999999999999 504.46320339998755 29.459021385005396
2.499999999999999 505.5839582094313 29.927636930646692
2.599999999999999 507.1730847515417 30.17702701632404
2.6999999999999993 506.26532396319675 30.322261366034912
2.7999999999999994 506.7132001028947 29.378059171864845
2.8999999999999995 505.42059796644605 29.399046790742382
2.9999999999999996 504.4937528802855 29.877935414592123
3.0999999999999996 505.0612661148514 30.790252224654033
3.1999999999999997 505.3422707513546 30.395332127459174
3.3 504.20812070525693 30.01905828120357
3.4 503.81581438040087 30.4665107287241
3.5 505.64866712943837 30.05204009035399
3.6 506.4500604294317 29.406419196445597
3.7 505.89445082946395 28.90957448495475
3.8000000000000003 506.04644505281385 29.438100492446896
3.9000000000000004 505.3530289821993 29.683737614818703
4.0 505.5812374676089 30.23561953363789
4.1 505.3482153683571 30.854595296657763
4.199999999999999 504.66584189590196 31.425410971494173
4.299999999999999 503.55392640394507 30.431507094488605
4.399999999999999 505.07447679274924 30.39005351008216
4.499999999999998 504.33691651950727 29.242913166796004
4.599999999999998 503.47034841631745 29.8463913847373
4.6999999999999975 505.59288773458445 30.586848111974216
4.799999999999997 505.7690928044636 30.33637949606505
4.899999999999997 505.95295244854213 28.953809167569577
4.9999999999999964 504.1742301338229 29.538048867449213
5.099999999999996 505.2582743856384 30.844694854937188
5.199999999999996 504.6139285466734 30.847761026835364
5.299999999999995 506.83390077216 30.453321080437735
5.399999999999995 505.5947547740677 30.236559313825353
5.499999999999995 505.52343887431937 31.419021336424144
5.599999999999994 505.0406201709112 30.51556755728071
5.699999999999994 507.13437042252093 30.831689577450963
5.799999999999994 502.73144148295376 30.19801376156115
5.899999999999993 504.7538751050473 30.78448290526604
5.999999999999993 503.35999963006304 29.859509874112593
6.0999999999999925 506.6940862324417 29.25484082035745
6.199999999999992 505.8517579562485 30.124318983319192
6.299999999999992 504.485210230304 30.114790549430825
6.3999999999999915 504.7548409477351 30.45408993908846
6.499999999999991 505.52107671789634 29.961894275032662
6.599999999999991 504.75648590053356 30.580195382865206
6.69999999999999 504.93526465036723 30.064995326593863
6.79999999999999 505.81557392122244 29.995394409934008
6.89999999999999 505.0085167360131 30.543295689026497
6.999999999999989 505.1954558085025 29.80594195135552
7.099999999999989 505.5676377747163 29.026868434352107
7.199999999999989 504.40486845872215 30.08092096693277
7.299999999999988 504.22079937578724 29.577541874203742
7.399999999999988 504.34231874173014 29.557238313951192
7.499999999999988 505.8247684495699 30.859064111592613
7.599999999999987 504.7848796573182 29.134548225074273
7.699999999999987 505.8755073949859 29.737904010186163
7.7999999999999865 505.83214451878973 30.281070636547742
7.899999999999986 506.7791438683365 29.99952400295456
7.999999999999986 505.70984792731593 32.29731304016634
