# Rounds: 500, repetitions: 1000
# Good arm ~ N(5.0,1.0), 1 bad arm(s) ~ N(3.5,1.0)
# Observation noise range from 0.5 to 4.0 with step size 0.1

# Observation noise | mean | standard deviation

0.5 2493.9194527951986 53.053727619586724
0.6 2495.910557134691 33.81893430390547
0.7 2496.9957695502403 25.145174520765522
0.7999999999999999 2496.5992493385975 23.745281692583056
0.8999999999999999 2495.5645419676903 24.76400638937056
0.9999999999999999 2495.4422699744846 25.519760029396796
1.0999999999999999 2494.9626909367544 24.23139944105192
1.1999999999999997 2493.419108505853 23.126990230172215
1.2999999999999996 2493.7644916420927 23.53943154449019
1.3999999999999995 2492.0941856786144 23.358483872977445
1.4999999999999993 2490.380825046304 23.20219632272197
1.5999999999999992 2489.4373307071014 23.9774881180981
1.699999999999999 2488.1072991768206 23.76649133911766
1.799999999999999 2488.806785567475 23.392060581574487
1.8999999999999988 2486.0826341902466 24.72897429408212
1.9999999999999987 2484.382920726834 23.96475168847709
2.0999999999999988 2481.706520822594 23.70922920998468
2.199999999999999 2481.8683089776823 24.36587576510046
2.299999999999999 2479.7640416205195 24.369507915365595
2.399999999999999 2478.2799754607495 23.971900983561024
2.499999999999999 2476.82089475238 24.404347035610822
2.599999999999999 2474.6315959884314 24.706334898728255
2.6999999999999993 2473.1367030005604 23.77360116911415
2.7999999999999994 2472.3701598343455 24.810590816370595
2.8999999999999995 2469.610886321019 24.72995317592768
2.9999999999999996 2468.4955415829104 25.61392242902545
3.0999999999999996 2468.1710583545855 24.119234809750942
3.1999999999999997 2465.5380507005043 25.760499367178664
3.3 2462.4434158597924 25.128844518748508
3.4 2459.84742430786 25.342150389654954
3.5 2459.4684802477727 25.536019929374458
3.6 2458.449720996101 25.933782366730494
3.7 2456.874984869491 27.050425892726626
3.8000000000000003 2455.092069901909 25.544294377669605
3.9000000000000004 2451.5497604497377 26.068892233894953
4.0 2448.5516939557665 26.53469554319378
