# Rounds: 500, repetitions: 1000
# Good arm ~ N(5.0,2.0), 1 bad arm(s) ~ N(0.6,2.0)
# Observation noise range from 0.5 to 4.0 with step size 0.1

# Observation noise | mean | standard deviation

0.5 2491.208572401738 144.86654677001033
0.6 2495.8789055701964 61.11639389138189
0.7 2498.051270446227 45.63600826315729
0.7999999999999999 2498.552762091889 44.261676479536305
0.8999999999999999 2494.2182989864223 45.86909183540418
0.9999999999999999 2497.2474686727983 43.76422264341031
1.0999999999999999 2497.2846509345914 46.237388806024335
1.1999999999999997 2493.5145701136107 44.859367177405346
1.2999999999999996 2496.8702540502 43.943245956087495
1.3999999999999995 2496.0154017373206 46.25908592314534
1.4999999999999993 2493.029606856161 46.72873979556904
1.5999999999999992 2495.45534449832 45.44387500376652
1.699999999999999 2493.6223964365126 45.16434125395656
1.799999999999999 2491.3704823142352 44.879895281592056
1.8999999999999988 2493.4820566008084 46.78056576280728
1.9999999999999987 2490.657331933129 44.40948484210945
2.0999999999999988 2491.268928850822 45.88982713629589
2.199999999999999 2490.511061714372 44.89284803768595
2.299999999999999 2487.2911052056065 44.04227176917751
2.399999999999999 2489.341245554712 44.82602182417325
2.499999999999999 2485.5041697103006 45.97163519262307
2.599999999999999 2487.0607542029206 46.34505125377112
2.6999999999999993 2485.353740109203 45.382355625336665
2.7999999999999994 2484.0088760570015 44.424915805161184
2.8999999999999995 2484.405302606693 45.962579217931356
2.9999999999999996 2483.746551587603 46.51136685077422
3.0999999999999996 2481.58749163413 47.27480776482107
3.1999999999999997 2481.429745222932 46.37463207611049
3.3 2478.2812470226468 46.04921521770392
3.4 2478.295468206779 45.72073424716869
3.5 2475.073787130381 44.32438726074208
3.6 2478.8603589982426 43.74611031286234
3.7 2475.03180437397 45.101666871221944
3.8000000000000003 2473.255433686495 47.53160479844234
3.9000000000000004 2470.214476014858 44.580087318709225
4.0 2471.6345833918117 45.38391006495561
