# Rounds: 500, repetitions: 1000
# Good arm ~ N(5.0,3.0), 1 bad arm(s) ~ N(0.6,3.0)
# Observation noise range from 0.5 to 4.0 with step size 0.1

# Observation noise | mean | standard deviation

0.5 2446.923410912528 323.43851995449546
0.6 2463.4507267050453 242.62478987351923
0.7 2472.229483936715 192.3744881655764
0.7999999999999999 2481.2473745283205 193.87723086697505
0.8999999999999999 2470.1398023623174 218.25192460057895
0.9999999999999999 2488.702567862264 116.27598578395184
1.0999999999999999 2485.3026768342993 121.537294908503
1.1999999999999997 2484.6250860244954 136.95936661907106
1.2999999999999996 2491.1406494536127 83.80318781820435
1.3999999999999995 2488.4129282980507 68.51926106705882
1.4999999999999993 2493.7290056936667 71.81003335177653
1.5999999999999992 2492.498198402069 71.4055472426654
1.699999999999999 2490.9019973702084 69.34697043571012
1.799999999999999 2488.035475987371 71.26021766151935
1.8999999999999988 2488.856039302196 68.18408760161
1.9999999999999987 2486.79482701828 67.10664812801483
2.0999999999999988 2486.20190875557 68.46628906383523
2.199999999999999 2486.5646677153227 67.39554840895585
2.299999999999999 2489.601215738458 67.34237191942073
2.399999999999999 2488.322080766667 68.98531721879752
2.499999999999999 2485.6093149363633 66.8750349395614
2.599999999999999 2488.4692160543373 68.99271023764538
2.6999999999999993 2486.418720729238 68.44369103418451
2.7999999999999994 2481.449870754545 68.24076402480773
2.8999999999999995 2482.934412584546 67.98569267474383
2.9999999999999996 2479.79377565222 68.81379448067395
3.0999999999999996 2479.854737310172 70.44544508473342
3.1999999999999997 2477.1393987487827 69.60692827866771
3.3 2472.427261102022 67.77234356585551
3.4 2479.5186052190893 66.58043431066615
3.5 2471.7057687566876 67.65359811203854
3.6 2474.223789407057 67.29986108326413
3.7 2476.538009380956 70.07285808060928
3.8000000000000003 2471.977360412329 64.84139598733695
3.9000000000000004 2471.44434446004 69.88955622909309
4.0 2465.781860129457 68.48862149597907
