# Rounds: 500, repetitions: 1000
# Good arm ~ N(5.0,0.0), 1 bad arm(s) ~ N(4.0,0.0)
# Observation noise range from 0.5 to 4.0 with step size 0.1

# Observation noise | mean | standard deviation

0.5 2498.842999999998 5.914163366726353
0.6 2498.5780000000013 5.047910201003746
0.7 2498.1100000000038 4.627668453478005
0.7999999999999999 2497.091999999999 4.904241795383636
0.8999999999999999 2496.2740000000013 4.383393450072483
0.9999999999999999 2495.389999999998 4.099354181417478
1.0999999999999999 2494.267999999998 3.8042934493343794
1.1999999999999997 2492.847999999997 3.9286550281655384
1.2999999999999996 2491.6079999999984 3.906865700225644
1.3999999999999995 2490.3679999999995 3.5345535883714243
1.4999999999999993 2488.868000000001 3.550659541998247
1.5999999999999992 2487.262000000002 3.8353703948987867
1.699999999999999 2485.757999999999 3.945504150676208
1.799999999999999 2484.047 3.537131931707146
1.8999999999999988 2482.266000000001 4.119977939045078
1.9999999999999987 2480.5729999999953 4.098227234606022
2.0999999999999988 2478.7319999999986 4.057417730359875
2.199999999999999 2477.2280000000032 3.9349078133419253
2.299999999999999 2475.451 4.192036757015901
2.399999999999999 2473.3910000000037 4.304026445509342
2.499999999999999 2471.831999999997 4.235057462622169
2.599999999999999 2469.409999999996 5.016479349610099
2.6999999999999993 2467.540000000002 5.0612267303506515
2.7999999999999994 2465.555000000001 4.931662630016014
2.8999999999999995 2463.337999999999 5.62293280889727
2.9999999999999996 2461.5610000000006 5.5561812560562265
3.0999999999999996 2459.3589999999963 5.594588315364981
3.1999999999999997 2457.0619999999985 5.848791701228902
3.3 2455.099999999999 6.044546015751437
3.4 2452.708 6.587422115678492
3.5 2450.676000000003 6.169528919381708
3.6 2448.213999999998 6.732721109145511
3.7 2445.8649999999984 6.9393753270686975
3.8000000000000003 2443.850999999998 7.214211241975366
3.9000000000000004 2440.8420000000015 8.045481077335623
4.0 2438.8030000000026 8.113940289836185
