# Rounds: 500, repetitions: 1000
# Good arm ~ N(5.0,5.0), 1 bad arm(s) ~ N(2.0,5.0)
# Observation noise range from 0.5 to 4.0 with step size 0.1

# Observation noise | mean | standard deviation

0.5 2222.5405806376702 572.9967837460059
0.6 2260.724628727152 532.9034902481955
0.7 2271.2135250936394 536.1336100856639
0.7999999999999999 2246.333449160908 547.8349728897263
0.8999999999999999 2269.552961226864 530.0798738990717
0.9999999999999999 2275.869102699189 514.9918594033072
1.0999999999999999 2311.194786173332 471.93632450387463
1.1999999999999997 2334.5796379177914 447.5200186219892
1.2999999999999996 2327.6935107023237 451.5052224619894
1.3999999999999995 2340.0518953523656 430.37792622466895
1.4999999999999993 2386.1931254332244 372.5392895183646
1.5999999999999992 2374.2872508929636 372.39401888275177
1.699999999999999 2377.3811560401214 375.22109508185366
1.799999999999999 2390.3702379465394 341.78909086569047
1.8999999999999988 2428.559230851833 277.5341674099374
1.9999999999999987 2412.0623007993922 300.73293309128735
2.0999999999999988 2419.7412702217775 280.54023377415143
2.199999999999999 2442.2114377880357 234.73122347883177
2.299999999999999 2430.5420384545378 237.31999382053044
2.399999999999999 2440.7876511270865 232.108404353781
2.499999999999999 2434.117170194147 227.76351542779295
2.599999999999999 2447.362986517361 195.14408840494585
2.6999999999999993 2446.008843968373 186.1132823457414
2.7999999999999994 2460.0394889295176 147.2560792794338
2.8999999999999995 2450.3625135736925 168.63476328376782
2.9999999999999996 2446.3308980823767 164.7675491885727
3.0999999999999996 2450.4774608094235 155.18695592624553
3.1999999999999997 2461.8879976877156 146.54747423944562
3.3 2444.141441695067 150.5606071611498
3.4 2454.7681060297446 140.45171048674985
3.5 2447.972416509488 146.30681410822606
3.6 2452.891617768395 133.29678120323942
3.7 2449.3424893139386 138.4300665638947
3.8000000000000003 2444.0778565296046 131.5654853502626
3.9000000000000004 2455.387367234435 122.26779083089085
4.0 2444.613277999702 133.34548408271826
