# Rounds: 500, repetitions: 1000
# Good arm ~ N(5.0,1.0), 1 bad arm(s) ~ N(1.5,1.0)
# Observation noise range from 0.5 to 4.0 with step size 0.1

# Observation noise | mean | standard deviation

0.5 2498.8168629285383 22.03746172486449
0.6 2499.4436480268637 22.88352792780718
0.7 2499.258474827748 22.515309480569247
0.7999999999999999 2498.251945229983 22.709033156839975
0.8999999999999999 2498.1156956254235 22.322233496829224
0.9999999999999999 2497.2071189926073 22.535055481557812
1.0999999999999999 2496.490836798412 23.0477341430778
1.1999999999999997 2497.301672776288 22.53733716519359
1.2999999999999996 2497.225730402412 22.596530930079737
1.3999999999999995 2496.2644841753063 22.574363148672976
1.4999999999999993 2494.3589882430115 23.22420523369302
1.5999999999999992 2493.8176042026407 22.68486699444913
1.699999999999999 2494.884351599626 22.195005101983178
1.799999999999999 2493.936476370954 22.36773079878687
1.8999999999999988 2493.9757552461288 22.72754463357743
1.9999999999999987 2491.3137195598665 22.718295385083906
2.0999999999999988 2491.6213930811255 23.340375079727707
2.199999999999999 2490.5342524042862 22.73089832494231
2.299999999999999 2489.6706463948776 21.82292151118214
2.399999999999999 2488.444766515585 22.68875583913437
2.499999999999999 2487.276586672167 24.01828456905331
2.599999999999999 2486.2970028501 22.662995540164054
2.6999999999999993 2486.4024387927575 22.806207077762867
2.7999999999999994 2483.9926863902324 24.066513908671176
2.8999999999999995 2484.137567880207 23.010165160290313
2.9999999999999996 2481.6914846289637 22.47675597553211
3.0999999999999996 2480.8925942171545 23.949873604082946
3.1999999999999997 2479.577703800835 23.613514664551563
3.3 2478.4360273642224 23.221297271103538
3.4 2477.552054513658 23.90419545896573
3.5 2475.7911831501497 23.576688145439174
3.6 2473.5222853136006 23.471586356924156
3.7 2472.7901772626824 23.012841262563374
3.8000000000000003 2472.347719832646 23.243276778819503
3.9000000000000004 2469.8553596960933 23.175434117987432
4.0 2468.713048323731 24.05495837324962
