# Rounds: 500, repetitions: 1000
# Good arm ~ N(5.0,2.0), 1 bad arm(s) ~ N(3.0,2.0)
# Observation noise range from 1.0e-2 to 3.0 with step size 1.0e-2

# Observation noise | mean | standard deviation

1.0e-2 2396.837624545351 300.4160881567076
2.0e-2 2414.449232684584 277.83273949193324
3.0e-2 2409.591525709793 281.85309605399823
3.9999999999999994e-2 2417.0474788788374 274.4321677873189
4.999999999999999e-2 2414.0405903122796 277.14483090464273
5.9999999999999984e-2 2419.09606691897 271.3333116404616
6.999999999999998e-2 2410.1696817954607 281.5167811703164
7.999999999999997e-2 2406.0497623778415 289.23145272393805
8.999999999999997e-2 2384.3692177687126 316.8491932822185
9.999999999999996e-2 2404.967182935723 290.98641267801344
0.10999999999999996 2415.705959574379 275.29835967251114
0.11999999999999995 2407.131002522936 289.84798284827247
0.12999999999999995 2422.9775688154496 262.68035175387104
0.13999999999999996 2402.6744259838038 296.35631083162286
0.14999999999999997 2412.925071317926 277.16735143902315
0.15999999999999998 2405.401614774646 289.4393927620591
0.16999999999999998 2417.6668685920004 270.94665100382576
0.18 2408.2076184567873 282.9497975180105
0.19 2418.1887889351497 268.28743450427373
0.2 2425.3229362238494 257.67550232935514
0.21000000000000002 2407.8575979709276 289.6367469468004
0.22000000000000003 2422.129253899739 257.3859434665322
0.23000000000000004 2435.8264534328196 237.27202828767682
0.24000000000000005 2431.850062661987 252.00315638229276
0.25000000000000006 2415.128447154784 274.4198159758019
0.26000000000000006 2433.336847008081 238.01498469859914
0.2700000000000001 2426.539535620755 256.4965968788839
0.2800000000000001 2433.039737471478 244.8648223133042
0.2900000000000001 2424.2556520657017 255.04498038026327
0.3000000000000001 2426.01555192867 256.5609595140102
0.3100000000000001 2426.88975231388 250.69372900620775
0.3200000000000001 2434.6800269421396 239.76670379155033
0.3300000000000001 2419.70065012506 259.7272584882296
0.34000000000000014 2447.078066909762 219.74521303437064
0.35000000000000014 2429.9962830866425 242.65652933409936
0.36000000000000015 2441.88719501689 226.0382518064347
0.37000000000000016 2439.8175426235193 223.20703565405339
0.38000000000000017 2435.720461137946 241.33043852491016
0.3900000000000002 2446.924881320476 213.7321799370525
0.4000000000000002 2440.1214522736686 226.12557675727575
0.4100000000000002 2444.0399018215594 217.89985393348647
0.4200000000000002 2435.3590600536977 240.45345237083893
0.4300000000000002 2429.095944889351 244.76722857628266
0.4400000000000002 2444.98588465717 217.1378562572353
0.45000000000000023 2451.508485898631 200.95916527155316
0.46000000000000024 2439.141289577037 230.5265258150958
0.47000000000000025 2453.8232640385027 198.99711357820817
0.48000000000000026 2447.770481664314 211.92005997202742
0.49000000000000027 2435.532953565384 233.37498800759045
0.5000000000000002 2451.2039998683263 205.86274444524923
0.5100000000000002 2447.794732525929 210.36888163073135
0.5200000000000002 2450.3982127397403 200.0015233332754
0.5300000000000002 2461.819379040061 178.15649711138454
0.5400000000000003 2456.4438644416496 193.70661709851495
0.5500000000000003 2455.030600921762 194.5544459958085
0.5600000000000003 2459.563602626453 188.88179009244098
0.5700000000000003 2444.263702727135 215.74990710861545
0.5800000000000003 2457.1276473215576 187.78653612544497
0.5900000000000003 2457.4392272951986 182.13345168147492
0.6000000000000003 2457.719946104595 179.36979373041783
0.6100000000000003 2461.607782149854 181.66549615300372
0.6200000000000003 2465.498699196379 169.41084830552197
0.6300000000000003 2461.757586763201 171.66104327465388
0.6400000000000003 2462.4345840871993 178.44343277802338
0.6500000000000004 2463.921483567423 159.52603803450978
0.6600000000000004 2473.3833067456417 137.35431687836777
0.6700000000000004 2468.6677155076673 151.0900388198014
0.6800000000000004 2458.3039549798423 188.2459229377409
0.6900000000000004 2458.0937972287857 177.91026017799652
0.7000000000000004 2462.2079524298742 171.8673393353481
0.7100000000000004 2464.598690288155 168.802831943272
0.7200000000000004 2461.1167817587493 171.1210056470975
0.7300000000000004 2459.065980952518 180.0709279284676
0.7400000000000004 2470.644300156696 154.13797114701717
0.7500000000000004 2467.776106551543 157.7416021997108
0.7600000000000005 2474.770096338132 134.6167829754163
0.7700000000000005 2470.05089297949 152.38911794849326
0.7800000000000005 2470.009587043826 150.36191530225352
0.7900000000000005 2475.895471847168 129.51271762635764
0.8000000000000005 2478.5068244051954 122.95558455568302
0.8100000000000005 2471.8378463399204 147.43006572503387
0.8200000000000005 2469.339614439734 143.38074014187518
0.8300000000000005 2477.408429830534 119.80686385734518
0.8400000000000005 2472.1401123161977 144.98679827601498
0.8500000000000005 2474.602306721856 131.29343099746433
0.8600000000000005 2473.4549988453036 133.80709417114292
0.8700000000000006 2472.6129327941144 129.73903644914765
0.8800000000000006 2471.751977972134 142.63982855678398
0.8900000000000006 2473.972827122839 139.86956416649156
0.9000000000000006 2476.8203598841365 118.05130625486365
0.9100000000000006 2475.456229556532 128.87878887796276
0.9200000000000006 2476.6630320504637 121.21275581605516
0.9300000000000006 2473.9774442663634 132.7741194295135
0.9400000000000006 2472.8868118407117 127.47989072720179
0.9500000000000006 2474.9796063012245 132.74104953539654
0.9600000000000006 2473.0903958566682 121.94100646620335
0.9700000000000006 2485.5587216403005 76.21615178738243
0.9800000000000006 2477.7945063165125 129.75854927675633
0.9900000000000007 2475.370063348248 124.09905226624001
1.0000000000000007 2483.5153608105006 92.29037122877104
1.0100000000000007 2476.9492018820524 111.2700567119663
1.0200000000000007 2482.3118665770667 99.98696776364724
1.0300000000000007 2480.830205503852 112.2649599779881
1.0400000000000007 2472.6015478868317 133.80923465861878
1.0500000000000007 2471.720432973928 137.9802018308301
1.0600000000000007 2482.852042325634 97.11610837907223
1.0700000000000007 2482.1780782076257 96.81719338884749
1.0800000000000007 2474.358216998531 120.48253682654244
1.0900000000000007 2482.290171722506 98.24906607905457
1.1000000000000008 2485.3666018233666 72.5554444776862
1.1100000000000008 2481.28398692863 95.67155808533063
1.1200000000000008 2482.743976531726 95.46232875442266
1.1300000000000008 2481.254705742009 101.84509831756655
1.1400000000000008 2480.9950821137268 87.95000973991641
1.1500000000000008 2483.1346475886025 93.37239375730819
1.1600000000000008 2482.8371896514454 91.6047779415011
1.1700000000000008 2483.4062066969223 91.08643209738494
1.1800000000000008 2487.605310706977 69.45496807829424
1.1900000000000008 2487.9670978057247 72.90821069115272
1.2000000000000008 2482.0660200896205 88.15505611273737
1.2100000000000009 2478.5590770913473 103.2572211590442
1.2200000000000009 2485.7575932796935 86.58575368458358
1.2300000000000009 2483.227777815593 79.35241449867009
1.2400000000000009 2484.907504881177 87.20222087252439
1.2500000000000009 2480.6444181070096 91.86768325162947
1.260000000000001 2483.3309651076174 83.38479008495655
1.270000000000001 2486.1884822502343 67.97391606814655
1.280000000000001 2483.519101419351 75.84787124422701
1.290000000000001 2483.288942547321 82.716065282982
1.300000000000001 2487.4674973514557 65.01763471454845
1.310000000000001 2486.8327873979915 63.201157820463955
1.320000000000001 2485.8124613316822 82.56051975703139
1.330000000000001 2488.450483956178 63.68481519175947
1.340000000000001 2484.0502666702946 70.3715776918217
1.350000000000001 2484.307439820928 66.63827951445984
1.360000000000001 2488.972877361804 72.72721654429162
1.370000000000001 2488.2979421954988 62.061828856107844
1.380000000000001 2487.230485375248 64.83986450672336
1.390000000000001 2484.484905733884 70.25149109153227
1.400000000000001 2486.490919444121 63.055937002947886
1.410000000000001 2489.3154238697593 57.6197793618787
1.420000000000001 2483.8151186957352 74.29231479139955
1.430000000000001 2486.355051925739 61.635066010484884
1.440000000000001 2487.217815604196 56.31631831598728
1.450000000000001 2491.7693615077837 55.18562944805814
1.460000000000001 2486.189570433541 60.54178875725304
1.470000000000001 2487.2622352701796 59.68192185691225
1.480000000000001 2486.702995927053 79.95874796360779
1.490000000000001 2483.5741079397103 70.26094036258938
1.500000000000001 2490.0208335607977 51.733204694344266
1.5100000000000011 2487.4052797886698 65.9853067044685
1.5200000000000011 2485.4998847550437 59.83206280556769
1.5300000000000011 2486.0266871142085 54.316139635262225
1.5400000000000011 2485.7207795256413 67.66199822032411
1.5500000000000012 2483.790568567034 65.62113621036325
1.5600000000000012 2486.1422991103377 63.8760836123191
1.5700000000000012 2486.146402523636 73.03058511501068
1.5800000000000012 2490.2975924172574 52.81410461796945
1.5900000000000012 2486.068120372894 55.37990998134154
1.6000000000000012 2488.310669504961 52.32952482783813
1.6100000000000012 2486.2161702496824 57.955763793780775
1.6200000000000012 2485.1165467543233 50.60207371233329
1.6300000000000012 2487.25840041482 48.67887099178813
1.6400000000000012 2485.909063817692 47.95768717149067
1.6500000000000012 2482.118299490165 74.1953514715845
1.6600000000000013 2485.9684329196602 53.85609186936423
1.6700000000000013 2485.7279200742305 51.058849564361886
1.6800000000000013 2485.3226928809013 48.39702650206767
1.6900000000000013 2486.161822944406 49.970772970951344
1.7000000000000013 2487.104340042027 52.35677835991857
1.7100000000000013 2487.26464927776 48.997747530750715
1.7200000000000013 2487.494367471265 48.23140606377402
1.7300000000000013 2485.4901855628705 48.76512470915382
1.7400000000000013 2483.8253788645143 50.544385093367076
1.7500000000000013 2485.1719044242327 49.40870675686006
1.7600000000000013 2484.2985623768486 48.848917294446835
1.7700000000000014 2485.297121419098 48.45957743267594
1.7800000000000014 2482.326160986564 49.884898434980556
1.7900000000000014 2482.9560888213196 57.59035992594502
1.8000000000000014 2484.076191413606 50.191310303277966
1.8100000000000014 2485.8220077382066 48.994851644464504
1.8200000000000014 2483.559408887768 49.12604717313287
1.8300000000000014 2489.3190509265914 49.11002114767244
1.8400000000000014 2485.59877520631 53.77923265845341
1.8500000000000014 2484.5780236814508 49.730791371573886
1.8600000000000014 2486.9202272770904 49.048760768615175
1.8700000000000014 2485.167523895113 51.44064917416543
1.8800000000000014 2484.2240188210967 49.747161411474494
1.8900000000000015 2486.169212681818 48.209567950249614
1.9000000000000015 2482.5173594971166 50.208277848377485
1.9100000000000015 2483.9872309328975 51.3854738986011
1.9200000000000015 2484.90114114193 50.33283737235993
1.9300000000000015 2483.665162132584 53.4486710666083
1.9400000000000015 2482.097146642297 45.72003336361503
1.9500000000000015 2483.615755496933 49.20071202258146
1.9600000000000015 2483.765819291809 55.79465250081512
1.9700000000000015 2483.9134700293644 48.38886837883685
1.9800000000000015 2485.0460560034617 49.2500517251732
1.9900000000000015 2483.332056306328 47.38767734067001
2.0000000000000018 2484.184303957133 51.71206602540988
2.010000000000002 2482.7843540090685 50.255414152089074
2.0200000000000022 2484.092682972511 48.40662016324396
2.0300000000000025 2485.1582731000244 45.76034896139957
2.0400000000000027 2483.819679956229 47.491892373882905
2.050000000000003 2483.958500721176 48.833887445656906
2.060000000000003 2484.5098061894146 48.95435530882914
2.0700000000000034 2482.804914950782 50.06911949931601
2.0800000000000036 2484.5866254731045 49.02531741554452
2.090000000000004 2482.436396985235 46.26499440634224
2.100000000000004 2483.458004160448 47.736266612765114
2.1100000000000043 2483.2492377517274 50.191968980737684
2.1200000000000045 2482.259441626511 49.782193333992275
2.130000000000005 2485.5896120191487 47.12875642652424
2.140000000000005 2481.6523690964586 46.723557410764805
2.1500000000000052 2481.951210156368 48.13295105576406
2.1600000000000055 2481.4808703994995 49.02765298647276
2.1700000000000057 2483.2219261138666 48.11380507254582
2.180000000000006 2481.8819391822603 49.01092166793449
2.190000000000006 2484.7600010064116 48.40920396929964
2.2000000000000064 2485.2359424082133 46.051980014038755
2.2100000000000066 2481.7340698458406 46.74336166839632
2.220000000000007 2483.5119892595585 47.46971061320834
2.230000000000007 2484.915427031732 48.244311108961696
2.2400000000000073 2480.6334676114666 47.768338810501426
2.2500000000000075 2480.4236656891053 46.56972237907123
2.260000000000008 2478.735033798068 47.8714000183452
2.270000000000008 2478.4835308773713 46.668345282805184
2.2800000000000082 2481.809283521272 47.61537002521079
2.2900000000000085 2479.7983310785253 46.60021161508346
2.3000000000000087 2480.6017820372913 46.41345073837058
2.310000000000009 2481.7512000724405 48.941487605904626
2.320000000000009 2479.936833859337 47.4790294970538
2.3300000000000094 2480.3647458011465 49.1012117220578
2.3400000000000096 2480.723087343809 48.50074399959796
2.35000000000001 2479.314664710921 49.474749366958534
2.36000000000001 2479.438278173614 47.191644731085255
2.3700000000000103 2479.6382455081803 51.56217237320142
2.3800000000000106 2480.102621442141 49.39927644715235
2.390000000000011 2481.871943483635 46.87634874322919
2.400000000000011 2481.279971104148 45.47850879124612
2.4100000000000112 2481.1439805532655 50.28490003870446
2.4200000000000115 2480.8863987383115 46.16889034281977
2.4300000000000117 2478.5177098613494 47.331686138831536
2.440000000000012 2479.268052963985 47.03611232497395
2.450000000000012 2479.1497379508 45.69907284037823
2.4600000000000124 2476.6789556290487 47.7614537249643
2.4700000000000126 2477.7433027794286 48.14776055195919
2.480000000000013 2480.198468221972 47.96561032898685
2.490000000000013 2478.5504615334 50.151984800273254
2.5000000000000133 2479.590235964584 47.94899276048951
2.5100000000000136 2476.878846762321 49.3446466374048
2.520000000000014 2477.566558598319 48.41348767381944
2.530000000000014 2480.110350739199 48.19122407821651
2.5400000000000142 2479.1951952602485 49.331572076805514
2.5500000000000145 2478.4203744595384 47.03643730128221
2.5600000000000147 2478.2160012687336 46.268878408647886
2.570000000000015 2478.8777995181626 48.76480261553237
2.580000000000015 2477.547818856482 49.08238311874897
2.5900000000000154 2477.7843182906145 46.26881722292007
2.6000000000000156 2476.1965872486426 47.9993080260681
2.610000000000016 2479.3038353340535 49.773302063325076
2.620000000000016 2477.2014563233683 50.170182922114066
2.6300000000000163 2473.54436844053 49.00495427975278
2.6400000000000166 2476.1472006308427 49.28669839002574
2.650000000000017 2474.477129948626 46.78377957859233
2.660000000000017 2478.1447785983796 48.973111601727226
2.6700000000000172 2476.3814653489635 49.38655284225402
2.6800000000000175 2477.716854618464 46.76063512021119
2.6900000000000177 2477.4338573314076 47.18352894059115
2.700000000000018 2476.2480498801333 47.146873535032626
2.710000000000018 2479.4299384850506 45.6680813966134
2.7200000000000184 2473.8820933452894 46.07246322333476
2.7300000000000186 2478.2435702009293 48.81578131001348
2.740000000000019 2472.9111935891397 49.02929847056539
2.750000000000019 2473.2751026972546 47.66503707293551
2.7600000000000193 2475.113023478512 49.381837097684325
2.7700000000000196 2473.4731640948753 46.74484627875775
2.78000000000002 2472.4867007454413 49.51659026544673
2.79000000000002 2476.449487503991 48.04241497607415
2.8000000000000203 2475.5018050205304 49.3373238658569
2.8100000000000205 2474.054605304614 47.80723081477979
2.8200000000000207 2474.869678870275 47.35901333373712
2.830000000000021 2475.3005430419125 46.69165261449726
2.840000000000021 2474.4502089434927 47.583684971881176
2.8500000000000214 2476.396662348058 48.507079745311465
2.8600000000000216 2470.9037860740614 50.079071128486405
2.870000000000022 2472.3834713560727 48.978281527072276
2.880000000000022 2473.1994918676382 48.381916159788574
2.8900000000000223 2473.294041745525 45.78978354349915
2.9000000000000226 2477.3266811222256 48.062761824987554
2.910000000000023 2471.580011920406 47.099315572640975
2.920000000000023 2473.515588254056 49.145696710394894
2.9300000000000233 2472.342028425008 48.35630635448852
2.9400000000000235 2474.0920959075374 47.22204932422365
2.9500000000000237 2472.7173700009407 48.769595532445216
2.960000000000024 2471.538985547786 46.77214273314312
2.970000000000024 2472.430370156961 48.11495665070159
2.9800000000000244 2473.087997454703 48.293613893380744
2.9900000000000246 2470.0422763364686 47.71018406513979
3.000000000000025 2471.3843745623158 46.626077893440296
