# Rounds: 500, repetitions: 1000
# Good arm ~ N(5.0,1.0), 1 bad arm(s) ~ N(1.1,1.0)
# Observation noise range from 0.5 to 4.0 with step size 0.1

# Observation noise | mean | standard deviation

0.5 2498.7380270875233 22.575223593505164
0.6 2498.236449458523 23.99900398283689
0.7 2498.0124008104044 22.947175926316653
0.7999999999999999 2498.9367774904194 22.348260825723468
0.8999999999999999 2497.986800365149 22.62919145620258
0.9999999999999999 2498.6488380366027 23.231547456791873
1.0999999999999999 2498.7411457420267 22.96795751081133
1.1999999999999997 2497.85580215663 22.40081123687275
1.2999999999999996 2496.985986257914 22.82409528642905
1.3999999999999995 2496.404345919558 22.94076389444376
1.4999999999999993 2495.075947298784 22.481046329937215
1.5999999999999992 2494.629750192074 22.14137180373052
1.699999999999999 2493.916103373472 22.72766658420637
1.799999999999999 2494.4606103475808 23.434838924446403
1.8999999999999988 2491.576013603922 23.715183621982916
1.9999999999999987 2492.4649905480896 22.981601870667646
2.0999999999999988 2492.2663926872847 22.72867007676806
2.199999999999999 2490.5419932017467 22.295845908639826
2.299999999999999 2490.7085539183126 23.311946374829624
2.399999999999999 2489.7749979503474 22.441703574586064
2.499999999999999 2489.6311549189577 23.707554612047225
2.599999999999999 2488.0827458693743 21.83986943920401
2.6999999999999993 2485.4713771394163 22.601270007088882
2.7999999999999994 2486.472485231123 22.954726902767078
2.8999999999999995 2484.1206042359563 22.77295530307981
2.9999999999999996 2483.641831271939 23.239013007780127
3.0999999999999996 2482.8910229048615 23.874442953914226
3.1999999999999997 2480.0476921230606 22.923439010020445
3.3 2479.879160111894 22.934241342159574
3.4 2478.0230409534806 24.769192493575993
3.5 2476.701580520162 24.700672492028456
3.6 2476.183523816662 22.87879353450838
3.7 2474.2512625665045 23.41577052195418
3.8000000000000003 2471.950090830021 24.238775320488884
3.9000000000000004 2472.128891655848 22.971190284044063
4.0 2470.395883043897 23.744943586797234
