# Rounds: 500, repetitions: 1000
# Good arm ~ N(5.0,3.0), 1 bad arm(s) ~ N(3.4,3.0)
# Observation noise range from 0.5 to 4.0 with step size 0.1

# Observation noise | mean | standard deviation

0.5 2355.7947866380764 301.8509542504979
0.6 2367.2593768770125 292.4029446074499
0.7 2388.793455199728 274.068016179661
0.7999999999999999 2394.725768402121 266.6023254575644
0.8999999999999999 2382.131470144519 269.1295561574864
0.9999999999999999 2408.8745025830513 235.3066059257615
1.0999999999999999 2402.79418098361 234.5038066949206
1.1999999999999997 2426.320183547147 211.1362583464197
1.2999999999999996 2425.181968614002 204.52467914099245
1.3999999999999995 2429.7033287348777 192.25058692681066
1.4999999999999993 2425.791677052092 194.64037392099195
1.5999999999999992 2449.128717189077 152.0665080270842
1.699999999999999 2447.6347117307278 150.6930750118407
1.799999999999999 2450.8155140656886 139.61735510320827
1.8999999999999988 2460.4276159605647 112.36246484604088
1.9999999999999987 2454.830106788026 133.13802470993113
2.0999999999999988 2460.918220373931 112.8371128543131
2.199999999999999 2458.474319108935 121.3535728433638
2.299999999999999 2463.9360911246254 102.84902712304942
2.399999999999999 2454.844258221095 107.58572907817967
2.499999999999999 2456.6901203852594 97.86469348592833
2.599999999999999 2455.979637547321 98.87288106196915
2.6999999999999993 2460.3679558044214 88.82395354534722
2.7999999999999994 2458.328688130073 91.6292473119179
2.8999999999999995 2451.664801667467 88.11515292861368
2.9999999999999996 2453.1577917072136 87.40843084219458
3.0999999999999996 2455.5255362605435 90.5215965209082
3.1999999999999997 2452.303735753246 79.97511422669318
3.3 2449.5874677047127 81.2555573301446
3.4 2454.047020549504 80.40885174956497
3.5 2455.8902500209097 81.23948712011807
3.6 2447.5817220101912 82.47997189549142
3.7 2444.9755940652176 81.37939789909242
3.8000000000000003 2445.363776570025 86.89178069949699
3.9000000000000004 2442.8950607217425 75.27407153134082
4.0 2441.364215269896 81.15629573382009
