# Rounds: 500, repetitions: 1000
# Good arm ~ N(5.0,1.0), 1 bad arm(s) ~ N(2.1,1.0)
# Observation noise range from 0.5 to 4.0 with step size 0.1

# Observation noise | mean | standard deviation

0.5 2499.1881299092665 22.764552366959684
0.6 2500.1393561310338 23.320698678466396
0.7 2498.6583970500556 22.70175752430361
0.7999999999999999 2499.819765303706 23.294276087120718
0.8999999999999999 2498.320891338459 22.70643862904419
0.9999999999999999 2496.915095042494 22.936285869596844
1.0999999999999999 2498.779590685908 23.1121427017971
1.1999999999999997 2496.487259237482 22.70648523459096
1.2999999999999996 2496.5624368840363 22.2491620623772
1.3999999999999995 2494.730159123103 22.721182334513692
1.4999999999999993 2494.5761417992617 22.770905905027764
1.5999999999999992 2493.35816881871 22.899027573281316
1.699999999999999 2492.5006910650864 23.632651422087466
1.799999999999999 2492.531316262796 22.112724783678267
1.8999999999999988 2492.058139828297 22.274542624458395
1.9999999999999987 2490.933986385178 23.35963347718086
2.0999999999999988 2490.330522136673 23.586937605326735
2.199999999999999 2488.5841075734893 23.862163057967557
2.299999999999999 2487.484850500182 23.228794917017098
2.399999999999999 2487.4449185228527 23.70630901057278
2.499999999999999 2486.066791089612 22.792766045617622
2.599999999999999 2483.9534031838525 23.079968360338256
2.6999999999999993 2483.5128584630306 24.065093754707988
2.7999999999999994 2484.0177558219148 23.297899120286587
2.8999999999999995 2479.263533777242 23.57550633329652
2.9999999999999996 2480.002252630332 23.37847534911034
3.0999999999999996 2477.9146958971496 23.315905641425264
3.1999999999999997 2476.9718976062445 25.29963015236846
3.3 2475.6047514239426 22.464039810187078
3.4 2474.7879753926823 23.779157856226934
3.5 2473.072547815854 23.616599562634814
3.6 2473.2155810287927 23.336770551776667
3.7 2470.9196622229856 23.504507170571486
3.8000000000000003 2468.8512128998027 24.213210630699287
3.9000000000000004 2468.68277986243 23.896040115617623
4.0 2466.6271614001093 24.164509099445073
