# Rounds: 500, repetitions: 1000
# Good arm ~ N(5.0,2.0), 1 bad arm(s) ~ N(4.7,2.0)
# Observation noise range from 0.5 to 4.0 with step size 0.1

# Observation noise | mean | standard deviation

0.5 2444.2661043535727 81.2936403987835
0.6 2445.893147476895 78.96372680191745
0.7 2445.6735432357773 80.59136284481282
0.7999999999999999 2447.687178635424 78.5952661287021
0.8999999999999999 2445.536445457308 76.00966749930649
0.9999999999999999 2453.1369625376756 75.39259282125508
1.0999999999999999 2449.454315005687 72.65693967475798
1.1999999999999997 2450.1648143626107 70.6597144719622
1.2999999999999996 2454.280400681821 68.57998716598239
1.3999999999999995 2454.2958142254743 67.55727905656204
1.4999999999999993 2447.8961472491765 66.2497997940044
1.5999999999999992 2455.0566162072478 64.9061700764393
1.699999999999999 2451.9874265089998 65.62358157688584
1.799999999999999 2452.753703813558 63.129437947609354
1.8999999999999988 2450.7018474776514 61.888254705419065
1.9999999999999987 2448.422008719209 61.86384861813537
2.0999999999999988 2449.1348889268447 60.73599239651953
2.199999999999999 2447.0005662673757 62.51719034491953
2.299999999999999 2445.709926891047 60.58993803383085
2.399999999999999 2443.8458247750764 57.0831775750597
2.499999999999999 2443.171071186107 60.09231836621789
2.599999999999999 2443.6989743090166 59.56011755799343
2.6999999999999993 2443.5486020823387 57.78124858280166
2.7999999999999994 2446.1140169611886 59.07335719979925
2.8999999999999995 2439.193135493911 57.25090525194378
2.9999999999999996 2440.7586563483146 56.44338446158775
3.0999999999999996 2438.1134914943486 55.71521239223907
3.1999999999999997 2440.161083837412 56.29729226925353
3.3 2436.295063709741 54.90225035049286
3.4 2435.926215361954 55.41521977868322
3.5 2435.5089948004793 53.80059583773121
3.6 2436.180595388587 54.161129346127225
3.7 2436.2427030632202 53.32293088869477
3.8000000000000003 2435.030451203251 55.44213826293426
3.9000000000000004 2431.3740173278984 52.6338798391789
4.0 2431.735017653317 53.577854520177404
