# Rounds: 500, repetitions: 1000
# Good arm ~ N(5.0,1.0), 1 bad arm(s) ~ N(2.0,1.0)
# Observation noise range from 0.5 to 4.0 with step size 0.1

# Observation noise | mean | standard deviation

0.5 2499.596540485784 23.848161124674544
0.6 2498.802260549677 22.954955762984746
0.7 2498.266809529165 23.48738103641398
0.7999999999999999 2499.3228297313726 22.46685577772932
0.8999999999999999 2498.1542703898676 21.771447633704565
0.9999999999999999 2498.336437921404 23.447765408671067
1.0999999999999999 2497.769197910018 22.59393091724542
1.1999999999999997 2495.953680086564 22.891103824042645
1.2999999999999996 2495.9102760658675 23.604504516030165
1.3999999999999995 2495.4565914886966 22.907595812858542
1.4999999999999993 2494.6812199426327 23.601000391697866
1.5999999999999992 2494.7763405665355 22.77903352479321
1.699999999999999 2493.0225968492896 23.363392522364396
1.799999999999999 2493.874923315499 23.899605741505265
1.8999999999999988 2491.5864123866572 23.611764953403824
1.9999999999999987 2490.2992295466065 23.04751982208758
2.0999999999999988 2490.504611405703 23.777116748083643
2.199999999999999 2489.4560702361496 23.321998431457462
2.299999999999999 2488.2158781860403 23.46928691075366
2.399999999999999 2486.941606760415 23.8321501418623
2.499999999999999 2485.900791061866 22.533831950791594
2.599999999999999 2484.7025531827326 23.628521738025228
2.6999999999999993 2483.748840322705 22.392208051870902
2.7999999999999994 2483.5916873715414 23.367336781075497
2.8999999999999995 2481.72427071874 23.746447239096927
2.9999999999999996 2479.964294565687 22.832587397506735
3.0999999999999996 2478.944922240999 23.519084386785696
3.1999999999999997 2478.8531456029573 23.191190717898376
3.3 2477.3192142971243 23.357017709199376
3.4 2475.081777969902 22.728193310309305
3.5 2473.414913593604 23.836621774899108
3.6 2472.116007670942 23.09722321001402
3.7 2472.183799620821 24.949732134328485
3.8000000000000003 2470.307756279302 23.817550740826665
3.9000000000000004 2468.924455604395 23.56138586102341
4.0 2467.112198874658 23.094359836212856
