# Rounds: 500, repetitions: 1000
# Good arm ~ N(5.0,5.0), 1 bad arm(s) ~ N(2.3,5.0)
# Observation noise range from 0.5 to 4.0 with step size 0.1

# Observation noise | mean | standard deviation

0.5 2238.7080320921605 524.5918261488298
0.6 2257.537879546904 509.6495247130183
0.7 2276.9216746546335 496.95474647009894
0.7999999999999999 2248.700451310517 515.8067578154684
0.8999999999999999 2292.6492819877085 477.9792340974596
0.9999999999999999 2278.338250689247 485.59042331236293
1.0999999999999999 2319.3556187178046 455.43046134474946
1.1999999999999997 2329.98229636429 431.683881018614
1.2999999999999996 2295.978419162518 456.17741730501365
1.3999999999999995 2354.304828984664 390.37035211270006
1.4999999999999993 2344.020210358116 401.8687480770821
1.5999999999999992 2386.46916397058 347.131406062163
1.699999999999999 2364.9855971860443 359.9554733130661
1.799999999999999 2379.801300807155 354.5197594314963
1.8999999999999988 2394.165148866001 325.9197158676601
1.9999999999999987 2388.0072174466677 332.286743155553
2.0999999999999988 2415.73503077787 261.77398091202815
2.199999999999999 2409.277168906436 289.9497702974402
2.299999999999999 2423.242667870027 257.0329933360467
2.399999999999999 2420.047312501464 253.19900621627778
2.499999999999999 2431.3220591087406 238.28150222824706
2.599999999999999 2429.2936837601783 227.0161433907958
2.6999999999999993 2433.2771465362302 213.61809163794663
2.7999999999999994 2429.159512826431 211.58388734947044
2.8999999999999995 2435.030086349213 191.16809241340647
2.9999999999999996 2446.819322845905 167.00474543577639
3.0999999999999996 2430.113332249568 176.91795379993135
3.1999999999999997 2451.2234781652414 140.87866909113
3.3 2434.3085770013518 174.29756124463484
3.4 2434.205652862121 154.73646131965248
3.5 2450.911382343388 150.25491977051774
3.6 2437.858624334982 154.41414096356624
3.7 2440.829546008725 153.35479554418228
3.8000000000000003 2443.6065778434095 138.4639973777272
3.9000000000000004 2440.454651331501 139.95211250346452
4.0 2445.5891061352313 140.7230952087323
