# Rounds: 500, repetitions: 1000
# Good arm ~ N(5.0,1.0), 1 bad arm(s) ~ N(2.4,1.0)
# Observation noise range from 0.5 to 4.0 with step size 0.1

# Observation noise | mean | standard deviation

0.5 2499.517571556316 22.92860469103177
0.6 2498.9087279446917 23.331800938553737
0.7 2498.89771443275 23.69715540293791
0.7999999999999999 2498.056781466014 24.22343557063356
0.8999999999999999 2497.583218952919 22.765519036363095
0.9999999999999999 2497.9300756177554 23.462472817207967
1.0999999999999999 2497.268129491882 23.679040663764418
1.1999999999999997 2497.489499681024 22.981091444898087
1.2999999999999996 2496.3097659666837 22.46798797132157
1.3999999999999995 2495.5291445342896 23.364116518032876
1.4999999999999993 2494.225579474121 22.79170276694872
1.5999999999999992 2492.967426478239 23.4297141577952
1.699999999999999 2493.940952531691 23.148945160967862
1.799999999999999 2492.047972925158 23.61291683569265
1.8999999999999988 2489.934816264584 23.665181405730593
1.9999999999999987 2490.087597251369 23.300866144722313
2.0999999999999988 2489.276940167989 23.53499080946913
2.199999999999999 2487.4900252320886 23.311552402254478
2.299999999999999 2487.0917912223154 23.105426520107763
2.399999999999999 2486.044279880369 23.413816304262024
2.499999999999999 2483.20528056851 23.921174721738208
2.599999999999999 2483.6514160835536 24.56711215710936
2.6999999999999993 2481.8078627378277 22.816390293170183
2.7999999999999994 2481.2684816760084 23.386273008164597
2.8999999999999995 2480.9941921107397 23.360053289064826
2.9999999999999996 2478.0481673960053 23.520222569516545
3.0999999999999996 2478.124862258613 23.67645707408052
3.1999999999999997 2476.7954420801543 24.107487755799294
3.3 2474.7368779158483 23.139675413732757
3.4 2474.951425075602 24.527684977663665
3.5 2472.2734894713353 24.489456536214746
3.6 2469.9556933551066 24.895751017153717
3.7 2468.6932185243973 23.137203992359822
3.8000000000000003 2467.1281090906136 24.391622788922692
3.9000000000000004 2464.9727260298814 23.84615405648581
4.0 2463.4664232221676 23.988198166002412
