# Rounds: 5000, repetitions: 1000
# Good arm ~ N(5.0,5.0), 1 bad arm(s) ~ N(4.8,5.0)
# Observation noise range from 0.5 to 4.0 with step size 0.1

# Observation noise | mean | standard deviation

0.5 24511.624181479565 610.9960401528917
0.6 24482.230050089405 589.3483209365158
0.7 24509.49034625187 616.9802131768258
0.7999999999999999 24515.64007396728 613.3737392877459
0.8999999999999999 24516.11163172625 608.3742776039634
0.9999999999999999 24499.1394067563 621.6715522972459
1.0999999999999999 24510.308253930067 601.2879372446255
1.1999999999999997 24514.70923499094 611.1129944256772
1.2999999999999996 24519.157965850645 609.2303450201392
1.3999999999999995 24550.209791626046 610.5511893972455
1.4999999999999993 24543.17796177329 588.0791913155365
1.5999999999999992 24529.79244018321 613.8042338036394
1.699999999999999 24506.11872175877 610.4277852442009
1.799999999999999 24522.085370014735 573.8368062652489
1.8999999999999988 24584.706942876375 562.4180973275278
1.9999999999999987 24556.504770561256 579.5841920420415
2.0999999999999988 24562.26187399942 565.7805049346376
2.199999999999999 24571.225693261007 557.889806408587
2.299999999999999 24586.24288613274 579.7383029454298
2.399999999999999 24611.57975073209 549.316916502891
2.499999999999999 24623.351351960828 536.7715339988605
2.599999999999999 24569.94616470654 558.4315589692992
2.6999999999999993 24600.617953535853 560.7027367766049
2.7999999999999994 24579.509479730692 530.0543046944492
2.8999999999999995 24586.049012202675 538.1869568174401
2.9999999999999996 24607.66876997902 527.6973655385781
3.0999999999999996 24594.485368939724 536.683647761151
3.1999999999999997 24610.691871276405 521.1590799544574
3.3 24622.370885038126 523.7263602371762
3.4 24632.596790978103 494.0337853356845
3.5 24591.56928740309 513.9672540872277
3.6 24632.691794994716 501.21644985677597
3.7 24601.670966682872 502.7733195260959
3.8000000000000003 24610.556959914124 508.2495637563212
3.9000000000000004 24612.577475462993 492.7064733931081
4.0 24615.8000807117 484.696066234131
