# Rounds: 5000, repetitions: 1000
# Good arm ~ N(5.0,2.0), 1 bad arm(s) ~ N(3.2,2.0)
# Observation noise range from 0.5 to 4.0 with step size 0.1

# Observation noise | mean | standard deviation

0.5 24583.762470792833 1825.4123159522944
0.6 24754.219851523034 1378.4557905150436
0.7 24787.381422361916 1262.6087996826743
0.7999999999999999 24843.43524913419 938.834471900081
0.8999999999999999 24906.29190525981 683.2467725383046
0.9999999999999999 24950.146979104917 474.6191992331364
1.0999999999999999 24960.20118288194 362.9094238467922
1.1999999999999997 24947.189853606655 412.4809420516031
1.2999999999999996 24961.089882475517 429.11478843687007
1.3999999999999995 24988.021713764447 268.44788526410497
1.4999999999999993 24984.30609085148 148.53904907982908
1.5999999999999992 24979.656802775728 169.90872537775832
1.699999999999999 24977.89029720288 170.68690451711365
1.799999999999999 24977.557128962348 148.81086141815842
1.8999999999999988 24979.620718964452 139.3552044562919
1.9999999999999987 24979.306915923054 139.64302054921973
2.0999999999999988 24984.21539808981 135.97122842052306
2.199999999999999 24969.157935798776 143.20728317505407
2.299999999999999 24975.797460436486 148.25547335402445
2.399999999999999 24971.359853865655 143.44920907739225
2.499999999999999 24964.813783421203 141.20334844516455
2.599999999999999 24957.795938971027 146.28088288038114
2.6999999999999993 24956.35377638906 140.66585957518728
2.7999999999999994 24956.813189131433 147.66448922005532
2.8999999999999995 24959.34497145482 140.71505202602572
2.9999999999999996 24957.11489025359 142.32614476658128
3.0999999999999996 24956.385501444365 144.7175419931876
3.1999999999999997 24946.716900644544 144.37366147682417
3.3 24952.101831445627 144.5319869567304
3.4 24949.409281799173 141.65789503731386
3.5 24940.224080229436 145.32908213298168
3.6 24946.11988332154 140.93535782517293
3.7 24934.486951910625 148.18080928044094
3.8000000000000003 24934.34989420908 141.5872262037758
3.9000000000000004 24923.800106295286 140.99481712019303
4.0 24927.22575801637 143.40021720751662
