# Rounds: 5000, repetitions: 1000
# Good arm ~ N(5.0,1.0), 1 bad arm(s) ~ N(4.4,1.0)
# Observation noise range from 0.5 to 4.0 with step size 0.1

# Observation noise | mean | standard deviation

0.5 24911.259250794395 463.24240826620365
0.6 24933.689287823152 369.45745874993383
0.7 24969.472501196764 230.28747745574944
0.7999999999999999 24974.63553800001 153.39389773247913
0.8999999999999999 24983.00536569691 102.04150700425667
0.9999999999999999 24981.355484035288 82.5593335496287
1.0999999999999999 24980.849626764357 73.19847848684357
1.1999999999999997 24977.233878475632 76.21895111802301
1.2999999999999996 24971.694935586394 74.42296746052206
1.3999999999999995 24974.777254520563 73.3754065814837
1.4999999999999993 24971.623366399555 70.86645663478318
1.5999999999999992 24962.956707979927 75.74388539225286
1.699999999999999 24960.3156909873 73.11639110564009
1.799999999999999 24954.61074108117 72.37481952017919
1.8999999999999988 24952.129127959743 72.27487211285369
1.9999999999999987 24950.043755371207 74.12540705506797
2.0999999999999988 24948.36340985625 72.95847860659848
2.199999999999999 24941.439616313506 75.98362948206359
2.299999999999999 24937.97412041321 76.02093925124662
2.399999999999999 24934.511326466836 74.1639298411112
2.499999999999999 24922.215440906868 73.94279346109857
2.599999999999999 24919.848243987817 73.1488564527101
2.6999999999999993 24919.440723273474 72.88454780823092
2.7999999999999994 24915.926619310096 73.92316425612803
2.8999999999999995 24906.612413087172 74.18994609054803
2.9999999999999996 24904.346590663336 77.92228220418215
3.0999999999999996 24896.813406804897 72.58620148589986
3.1999999999999997 24894.67192331509 72.6430778024581
3.3 24885.857106307107 75.5422408424264
3.4 24884.35458830738 76.03810291046791
3.5 24872.396625613783 80.50901697631942
3.6 24871.649132395665 75.99904303983605
3.7 24863.386386090046 78.018759622835
3.8000000000000003 24855.127566082578 75.37255419611661
3.9000000000000004 24852.13512710849 78.54507524259186
4.0 24845.526700960407 79.94781607839926
