# Rounds: 5000, repetitions: 1000
# Good arm ~ N(5.0,1.0), 1 bad arm(s) ~ N(2.3,1.0)
# Observation noise range from 0.5 to 4.0 with step size 0.1

# Observation noise | mean | standard deviation

0.5 24998.8694208922 68.96238821097411
0.6 24997.699701556412 71.37695526972696
0.7 24997.29810629175 72.31949602506928
0.7999999999999999 24998.07277777731 68.06697685917563
0.8999999999999999 25001.46503018594 71.00644702288884
0.9999999999999999 24993.42511393866 66.96859879900549
1.0999999999999999 24995.506083076813 67.8694346718036
1.1999999999999997 24995.87297792223 69.3872709913844
1.2999999999999996 24992.13037678333 71.53534175585636
1.3999999999999995 24996.488580184814 73.36468152192735
1.4999999999999993 24992.92650421597 70.27144403475721
1.5999999999999992 24990.82397161699 71.19569457255871
1.699999999999999 24989.89439607945 67.54922774331023
1.799999999999999 24991.268670184498 70.57730200286095
1.8999999999999988 24989.293768619584 73.54782320091465
1.9999999999999987 24986.060575065087 68.2491054739989
2.0999999999999988 24985.16769397367 72.11398661054095
2.199999999999999 24981.984182561344 72.4836595662283
2.299999999999999 24984.42924657566 72.31731966734081
2.399999999999999 24976.992648438718 71.54567741806939
2.499999999999999 24975.666072074488 74.81787459368411
2.599999999999999 24976.177152608085 70.55568716314882
2.6999999999999993 24975.707978967817 70.36492658247515
2.7999999999999994 24972.145511217605 70.10633416937107
2.8999999999999995 24972.69778938884 71.68211670947258
2.9999999999999996 24965.157319681664 71.58461117861314
3.0999999999999996 24969.26972534298 70.09425402744621
3.1999999999999997 24963.677766757348 70.49868227302224
3.3 24963.192809062864 70.39639127523655
3.4 24959.8898182494 71.27385130031483
3.5 24961.221514016055 70.72413011003665
3.6 24955.7928510217 68.4913536021784
3.7 24958.91601978121 70.5689682449085
3.8000000000000003 24952.14756400575 72.22710726238994
3.9000000000000004 24953.393031576306 71.20967551854947
4.0 24949.818729536182 73.53982344837007
