# Rounds: 5000, repetitions: 1000
# Good arm ~ N(5.0,4.0), 1 bad arm(s) ~ N(3.5,4.0)
# Observation noise range from 0.5 to 4.0 with step size 0.1

# Observation noise | mean | standard deviation

0.5 23283.495225808572 3158.4215608343034
0.6 23236.978982848395 3157.0381325367216
0.7 23584.90858569699 2881.0918474061295
0.7999999999999999 23388.066407992872 3051.0036171427187
0.8999999999999999 23675.83234682178 2773.722861760688
0.9999999999999999 23818.49414786541 2668.4654284710286
1.0999999999999999 23834.69759228375 2591.260925339372
1.1999999999999997 23974.095687684938 2495.9644796903667
1.2999999999999996 24016.02263284277 2424.960732179882
1.3999999999999995 24162.200355022327 2193.4004453633975
1.4999999999999993 24137.318652676608 2258.6168721947583
1.5999999999999992 24298.040086097706 2011.7089976380378
1.699999999999999 24498.109798857964 1654.2124087636987
1.799999999999999 24476.878403773248 1710.6472351381426
1.8999999999999988 24612.999971915728 1457.6386332188215
1.9999999999999987 24695.69998961939 1284.895275970227
2.0999999999999988 24687.388038772933 1267.5191277079368
2.199999999999999 24709.720268328816 1127.0978555000386
2.299999999999999 24790.338348571262 968.0883712459681
2.399999999999999 24857.55643348175 709.7323846994425
2.499999999999999 24861.592484883382 681.0473160379363
2.599999999999999 24834.564170947677 743.6797031473801
2.6999999999999993 24857.749879599807 718.2860419890496
2.7999999999999994 24848.4437378202 622.5917569578794
2.8999999999999995 24905.10533253119 411.6639533189718
2.9999999999999996 24902.16714561383 472.6399735886074
3.0999999999999996 24887.543278764537 548.2359277267833
3.1999999999999997 24899.37947516203 410.303009982732
3.3 24898.00403002632 318.63976157723425
3.4 24908.10648302166 307.53114457667226
3.5 24910.545780833192 307.84052447883124
3.6 24885.380771251384 334.66536203552704
3.7 24887.5668320722 327.22376759725296
3.8000000000000003 24891.14915935578 325.35407345347784
3.9000000000000004 24894.636573626205 301.190426707438
4.0 24874.549753355506 285.5092068202391
