# Rounds: 5000, repetitions: 1000
# Good arm ~ N(5.0,2.0), 1 bad arm(s) ~ N(4.2,2.0)
# Observation noise range from 0.5 to 4.0 with step size 0.1

# Observation noise | mean | standard deviation

0.5 24410.25634499779 1369.9751825032606
0.6 24471.038448078787 1286.4710882636446
0.7 24533.864406359768 1212.5835056626242
0.7999999999999999 24608.460095298182 1095.457792800118
0.8999999999999999 24739.444800550926 901.6052649823058
0.9999999999999999 24775.167170321147 801.7745446701575
1.0999999999999999 24808.481850078482 732.4746979464632
1.1999999999999997 24847.11262583147 611.9273074276654
1.2999999999999996 24879.958146913577 520.3697117778244
1.3999999999999995 24934.456311601483 333.2581811635924
1.4999999999999993 24913.631040514814 371.6497670767148
1.5999999999999992 24925.794613503585 343.1251012784025
1.699999999999999 24937.404656804836 270.1945027390087
1.799999999999999 24945.164008938984 179.955183943008
1.8999999999999988 24940.134039085482 162.40113014122952
1.9999999999999987 24945.171111138192 178.7427985543032
2.0999999999999988 24943.181687956523 176.19671021578768
2.199999999999999 24944.156887157827 161.47531606122823
2.299999999999999 24932.109739930234 146.50770003144035
2.399999999999999 24940.206926720126 164.19529437367365
2.499999999999999 24931.888101244655 143.79952156240049
2.599999999999999 24934.230780579768 151.34140039500633
2.6999999999999993 24922.893306797192 149.41488863751792
2.7999999999999994 24919.24850301897 151.22133547887793
2.8999999999999995 24924.192739253445 148.2645703865909
2.9999999999999996 24914.132517990227 146.7298363605142
3.0999999999999996 24911.775128038902 148.00125457657376
3.1999999999999997 24908.247756030833 148.87502390490368
3.3 24893.721620545955 144.26372958139035
3.4 24903.212937966968 148.92764015271916
3.5 24886.691405830486 153.2563860439652
3.6 24892.82238485863 150.2537155917258
3.7 24881.698905552465 144.96421775814775
3.8000000000000003 24882.071138921936 152.51340021613683
3.9000000000000004 24865.578253443422 151.5025787485932
4.0 24862.935457876305 151.91476183334498
