# Rounds: 5000, repetitions: 1000
# Good arm ~ N(5.0,4.0), 1 bad arm(s) ~ N(1.5,4.0)
# Observation noise range from 0.5 to 4.0 with step size 0.1

# Observation noise | mean | standard deviation

0.5 23704.14972425872 4537.183638066347
0.6 23641.448621055453 4562.867872868839
0.7 23819.648311748177 4347.1565573173175
0.7999999999999999 24083.703515368685 3764.951687049322
0.8999999999999999 24213.121755331602 3475.365540286831
0.9999999999999999 24333.379732941434 3117.8370281433904
1.0999999999999999 24384.453885720883 3030.9584175066175
1.1999999999999997 24554.793263988387 2564.6967553812524
1.2999999999999996 24778.886233630008 1647.249338550886
1.3999999999999995 24726.14720626845 2003.4101980102046
1.4999999999999993 24728.436828962385 1972.8841488782973
1.5999999999999992 24799.80026663037 1574.839410191962
1.699999999999999 24885.348120700462 1144.8760906377188
1.799999999999999 24895.0122138094 1141.921268644623
1.8999999999999988 24916.427704523605 725.8986252679842
1.9999999999999987 24958.1054378471 379.27964630748784
2.0999999999999988 24989.664911870666 291.250800157791
2.199999999999999 24965.794788790943 297.6973721609274
2.299999999999999 24952.709811987672 317.5876916624698
2.399999999999999 24988.47445138669 271.21308395971687
2.499999999999999 24973.31063375675 277.54232255515603
2.599999999999999 24967.48849439233 289.972989206489
2.6999999999999993 24978.76821955573 278.81445965687305
2.7999999999999994 24961.280605669435 293.96768992306716
2.8999999999999995 24963.44500229496 284.23397463860766
2.9999999999999996 24970.204089971263 283.711741183766
3.0999999999999996 24969.123530369496 287.8850322654376
3.1999999999999997 24965.266938695295 271.6278010391313
3.3 24964.798360429508 286.20291459923084
3.4 24961.216218031463 280.9925751246006
3.5 24966.546795872764 296.69165868774695
3.6 24944.1716383647 281.4233825369094
3.7 24937.711931331523 294.9572842916852
3.8000000000000003 24947.346750916025 273.21898343727594
3.9000000000000004 24954.963964462106 287.21519316640706
4.0 24953.640906090313 280.6217511989311
