# Rounds: 5000, repetitions: 1000
# Good arm ~ N(5.0,4.0), 1 bad arm(s) ~ N(2.8,4.0)
# Observation noise range from 0.5 to 4.0 with step size 0.1

# Observation noise | mean | standard deviation

0.5 23056.87033333295 4145.790408096477
0.6 23363.812754615556 3840.120092016085
0.7 23551.225083743717 3628.8109617407326
0.7999999999999999 23512.48331723099 3697.101810242914
0.8999999999999999 23708.96367359667 3404.9979147046324
0.9999999999999999 23698.746822181318 3492.1194210011263
1.0999999999999999 23999.473380935207 2985.3366465968766
1.1999999999999997 24186.952926154412 2729.6793086642065
1.2999999999999996 24350.37365232849 2436.5930807501936
1.3999999999999995 24477.387507477393 2170.3346328127614
1.4999999999999993 24510.76471355843 2035.0122008401827
1.5999999999999992 24733.69985554399 1401.460661265285
1.699999999999999 24653.531275637262 1703.7920030127646
1.799999999999999 24719.51153019455 1407.560567904797
1.8999999999999988 24738.144007187173 1464.0782908436197
1.9999999999999987 24857.443674114667 1049.460877223095
2.0999999999999988 24836.89039771741 1066.522750612081
2.199999999999999 24877.753362753137 908.2329981599702
2.299999999999999 24907.773735903196 686.4559402449402
2.399999999999999 24899.66114083007 491.8105622100775
2.499999999999999 24920.45083850052 505.12247704249484
2.599999999999999 24932.595925442416 479.4559963107586
2.6999999999999993 24915.482619329774 509.8040819606283
2.7999999999999994 24937.350503446203 391.11333117890234
2.8999999999999995 24936.665859783796 432.2093146130215
2.9999999999999996 24928.12016024929 456.1177970314161
3.0999999999999996 24940.201277494518 289.4741102053395
3.1999999999999997 24941.722876293174 294.1383682182466
3.3 24953.52660619159 298.85701009915897
3.4 24937.02068854006 296.5496361531627
3.5 24945.172134351884 279.2775169163577
3.6 24945.213922663184 283.57350851118684
3.7 24943.36961933944 297.5857167684127
3.8000000000000003 24943.218995590378 281.9327622627399
3.9000000000000004 24932.911605405523 290.4336946157564
4.0 24927.482772607516 294.6326370497451
