# Rounds: 5000, repetitions: 1000
# Good arm ~ N(5.0,3.0), 1 bad arm(s) ~ N(0.1,3.0)
# Observation noise range from 0.5 to 4.0 with step size 0.1

# Observation noise | mean | standard deviation

0.5 24689.502225351484 2698.1183258308224
0.6 24799.380118269775 2182.874329721896
0.7 24941.45906502873 1155.9893663098453
0.7999999999999999 24901.19232831033 1570.228411555905
0.8999999999999999 24914.16470619065 1367.40273789885
0.9999999999999999 24953.91785950237 1050.8184061217396
1.0999999999999999 24999.69339450703 215.3474615141991
1.1999999999999997 24957.032315970027 828.4114834783272
1.2999999999999996 24998.447528032655 211.7857118079607
1.3999999999999995 24990.842695029278 222.0193580196927
1.4999999999999993 24988.914012591726 208.57125601967454
1.5999999999999992 24977.8801888661 208.52394078738297
1.699999999999999 24994.981642312512 209.706390970283
1.799999999999999 24989.192791342175 207.27398747450343
1.8999999999999988 24996.849685757687 210.67467801571723
1.9999999999999987 24994.74043822105 208.4063222647259
2.0999999999999988 24981.473011612532 213.27402420826851
2.199999999999999 24986.631161248388 211.8440839695305
2.299999999999999 24983.788349095485 211.62144433195903
2.399999999999999 24983.312911694673 214.4962203740182
2.499999999999999 24975.397339076564 203.92350922815305
2.599999999999999 24985.401239887433 213.98985820757756
2.6999999999999993 24988.023454641665 210.04130861195688
2.7999999999999994 24994.34671465865 209.28197060114192
2.8999999999999995 24979.35962581881 214.60912256112402
2.9999999999999996 24973.489209902098 211.6421665592666
3.0999999999999996 24975.879190756023 217.33119680416033
3.1999999999999997 24977.547562189324 207.12004058696513
3.3 24975.18130422463 214.76458474849528
3.4 24970.01656343411 207.75440399826226
3.5 24970.978567681246 212.17755496437786
3.6 24972.34791231496 211.72087987248798
3.7 24963.540195201276 211.1222055250919
3.8000000000000003 24966.983705095157 221.70546412931276
3.9000000000000004 24958.002346064066 216.0526996852518
4.0 24964.306211897114 214.9960640198757
