# Rounds: 5000, repetitions: 1000
# Good arm ~ N(5.0,2.0), 1 bad arm(s) ~ N(4.5,2.0)
# Observation noise range from 0.1 to 10.0 with step size 0.1

# Observation noise | mean | standard deviation

0.1 24120.701370505496 1201.2570095134188
0.2 24209.474778897384 1169.8288924313122
0.30000000000000004 24223.40527625106 1137.244308893804
0.4000000000000001 24288.455676175494 1117.922101410396
0.5000000000000001 24326.641614997767 1093.244541808403
0.6000000000000001 24433.897092531235 1002.927336921982
0.7000000000000001 24537.379175442406 916.4647378303723
0.8 24580.921715286015 876.4684653012225
0.9 24677.74988151667 761.2129319589733
1.0 24741.944303330147 665.9249689660836
1.1 24761.90694920869 646.2859021649833
1.2000000000000002 24777.07958324144 600.5155811353333
1.3000000000000003 24856.992626064028 456.9646030588068
1.4000000000000004 24844.566215778596 447.79272012809594
1.5000000000000004 24904.51265349302 309.7540295563378
1.6000000000000005 24897.547755360833 313.5049740411296
1.7000000000000006 24903.535472249958 286.6217503492436
1.8000000000000007 24911.437997068726 251.50266569113222
1.9000000000000008 24916.45990256705 185.87844198551997
2.000000000000001 24922.52105633143 181.06998391181344
2.100000000000001 24912.03261437408 166.15501719010592
2.200000000000001 24914.236446508025 181.93848892935824
2.300000000000001 24901.30228933938 185.38143651622508
2.4000000000000012 24906.08384226393 164.42958424083076
2.5000000000000013 24892.43544846761 178.88422305581162
2.6000000000000014 24898.877005723003 163.05457484041696
2.7000000000000015 24888.407061375983 163.94501500782425
2.8000000000000016 24884.24595625701 168.6986244757771
2.9000000000000017 24885.878488818802 160.96360824370967
3.0000000000000018 24885.51716099093 158.913919021866
3.100000000000002 24858.537654441192 156.4149553150434
3.200000000000002 24874.819648463297 158.95428129127785
3.300000000000002 24866.912379399633 156.0879446468496
3.400000000000002 24851.88323439022 153.53215180276635
3.500000000000002 24854.5809108638 163.79777801691262
3.6000000000000023 24839.830541047428 152.22662199180024
3.7000000000000024 24838.79814015577 163.92935346163082
3.8000000000000025 24835.290278939097 165.65932561967708
3.9000000000000026 24827.93022356122 163.84514636690818
4.000000000000003 24817.58960792311 164.37519569654265
4.100000000000003 24812.43568511423 157.8450161009087
4.200000000000004 24805.562670753763 163.97921326724452
4.300000000000004 24799.182666137953 164.67919337286162
4.400000000000005 24789.43275255018 165.36270535983644
4.500000000000005 24789.14160279262 167.05565739497396
4.600000000000006 24781.352472525665 155.02186858348517
4.700000000000006 24760.58593454228 162.84992459669135
4.800000000000007 24766.717588045554 161.6843398552842
4.9000000000000075 24764.634796159877 166.82882879311904
5.000000000000008 24753.027647464278 166.74659176465482
5.1000000000000085 24751.2830665998 163.84216321164521
5.200000000000009 24731.56572779567 170.83454025181769
5.30000000000001 24732.46726017775 166.74945068833907
5.40000000000001 24725.1770518806 164.07330895647365
5.500000000000011 24714.629202352025 162.89226301052923
5.600000000000011 24707.9832201549 161.89091537682594
5.700000000000012 24707.260836348614 164.3644900811003
5.800000000000012 24689.752706914685 173.32448662593646
5.900000000000013 24695.173730522212 171.3038863359314
6.000000000000013 24688.732955833835 173.0568394381584
6.100000000000014 24677.685607936743 168.2406470178858
6.200000000000014 24672.189957409697 169.76665292997177
6.300000000000015 24663.452213897395 174.31254069886538
6.4000000000000155 24660.790916091308 174.1421448587064
6.500000000000016 24644.93372727559 174.76526103019756
6.6000000000000165 24628.137280522213 179.45751761291854
6.700000000000017 24628.232570239503 178.1582198623732
6.800000000000018 24625.061857398392 174.3429055362392
6.900000000000018 24614.292053324833 180.8138283398701
7.000000000000019 24601.258544398876 177.19270178692645
7.100000000000019 24605.529879275564 173.49476218361295
7.20000000000002 24611.504051866297 176.66179169405697
7.30000000000002 24584.327512640768 176.90866673146445
7.400000000000021 24569.414253619805 180.23754570407763
7.500000000000021 24574.89105005372 176.9448074641658
7.600000000000022 24577.709945328195 171.47759303944974
7.700000000000022 24565.71742940842 175.31052961024028
7.800000000000023 24549.39638840953 180.3947263663981
7.9000000000000234 24535.19430337956 175.36695664603644
8.000000000000025 24538.6058618834 184.63469425367737
8.100000000000026 24543.4846505383 179.8409845028927
8.200000000000028 24513.9057504472 179.3236884784698
8.30000000000003 24515.061047996092 189.57081924490151
8.40000000000003 24510.98697091937 182.0643462066731
8.500000000000032 24511.29930070981 184.4262578439302
8.600000000000033 24491.51646456359 182.5171565611071
8.700000000000035 24499.510452188937 178.0007849570638
8.800000000000036 24472.853572362867 178.19118007053706
8.900000000000038 24473.464927011955 176.5985690693875
9.000000000000039 24472.046593794526 183.7629420163782
9.10000000000004 24462.24775151148 179.70657598314654
9.200000000000042 24457.999911303257 177.49705577896194
9.300000000000043 24450.2432270087 185.3230868418022
9.400000000000045 24435.695603572633 193.62931570170426
9.500000000000046 24434.14737964817 182.81280687099184
9.600000000000048 24434.066079809127 175.7733629858401
9.700000000000049 24422.234397736353 179.8545299495762
9.80000000000005 24415.51983924214 187.00224277988252
9.900000000000052 24395.838704060345 185.367450077418
10.000000000000053 24390.52222211314 184.1796671810076
