# Rounds: 5000, repetitions: 1000
# Good arm ~ N(5.0,5.0), 1 bad arm(s) ~ N(3.1,5.0)
# Observation noise range from 0.5 to 4.0 with step size 0.1

# Observation noise | mean | standard deviation

0.5 22712.885295607623 4067.2451879275604
0.6 22530.36683128847 4153.349527397015
0.7 22876.130760610955 3932.018076059464
0.7999999999999999 23082.788648867107 3770.0289775373367
0.8999999999999999 22981.221965606004 3860.1137520479674
0.9999999999999999 22930.35379637378 3841.9196527402623
1.0999999999999999 23347.28009120982 3550.9441574211983
1.1999999999999997 23588.372492015424 3256.7265096899805
1.2999999999999996 23397.875592476794 3441.4464901708707
1.3999999999999995 23651.881585651623 3186.5626513445136
1.4999999999999993 23918.35871328373 2805.844219790816
1.5999999999999992 23870.02381004467 2909.0579321847686
1.699999999999999 24060.08738819004 2635.9448515748018
1.799999999999999 24246.005397805875 2351.5570335921066
1.8999999999999988 24256.637095873368 2328.8117026174
1.9999999999999987 24372.562563241983 2118.394886503122
2.0999999999999988 24298.26757897437 2200.9484270281146
2.199999999999999 24550.655688597282 1773.7607485269111
2.299999999999999 24503.831055438393 1871.2612046148836
2.399999999999999 24647.33038567979 1528.998633384094
2.499999999999999 24751.340837052077 1182.1848125626557
2.599999999999999 24705.443814109756 1331.6913002781412
2.6999999999999993 24695.64442762136 1303.0786328308347
2.7999999999999994 24735.92692487219 1182.4122493928269
2.8999999999999995 24838.11118153183 745.4250608456065
2.9999999999999996 24823.885083330173 898.264996000196
3.0999999999999996 24880.460183313648 768.0356416960877
3.1999999999999997 24895.810774947568 459.110592994591
3.3 24864.89027742286 707.0605061528779
3.4 24818.36053061774 787.1545474105342
3.5 24869.02127387314 672.7363823556872
3.6 24886.396479902338 482.38242273350977
3.7 24908.979792570055 435.6389711502034
3.8000000000000003 24884.797606417167 401.6550099576184
3.9000000000000004 24884.79462048562 466.9217025217997
4.0 24881.57531675403 467.3719021277989
