# Rounds: 5000, repetitions: 1000
# Good arm ~ N(5.0,2.0), 1 bad arm(s) ~ N(3.5,2.0)
# Observation noise range from 0.5 to 4.0 with step size 0.1

# Observation noise | mean | standard deviation

0.5 24422.219177892224 1913.3998383704566
0.6 24580.31553324422 1638.6991618492561
0.7 24746.53768027839 1289.6360245540907
0.7999999999999999 24832.38828616385 977.1590894595356
0.8999999999999999 24865.91030984205 865.9195994593547
0.9999999999999999 24896.97174450336 750.7057851635824
1.0999999999999999 24960.766420428154 442.16416921880614
1.1999999999999997 24929.925349943747 529.5486959119187
1.2999999999999996 24965.340351547875 232.65199569460682
1.3999999999999995 24968.452357973976 283.34358008411346
1.4999999999999993 24974.40466587277 196.56421974128904
1.5999999999999992 24978.365740816163 141.58534865105966
1.699999999999999 24957.276162963804 298.1652018048152
1.799999999999999 24962.887990134383 142.38439388503187
1.8999999999999988 24970.516273839006 142.62032842322924
1.9999999999999987 24972.38038043655 145.99942650595435
2.0999999999999988 24973.390892844964 145.49766812776525
2.199999999999999 24960.569750618724 144.64833182390802
2.299999999999999 24962.9020381639 144.75176847251657
2.399999999999999 24964.80243475734 144.1238058108395
2.499999999999999 24957.019520032234 145.52514111413842
2.599999999999999 24962.21113019181 139.18595653332338
2.6999999999999993 24965.98449541177 146.3287084559591
2.7999999999999994 24940.074024052075 148.7127359696009
2.8999999999999995 24954.567103654867 147.1270498154093
2.9999999999999996 24950.075694455183 140.78348527475714
3.0999999999999996 24947.297794033264 138.6313532541175
3.1999999999999997 24942.874484614626 135.02925029304438
3.3 24942.117309012145 147.06020520373553
3.4 24943.341161836153 143.32020249211928
3.5 24940.25498706666 142.1891381836128
3.6 24927.601737997935 143.15481381605272
3.7 24931.942217507767 144.90532733607648
3.8000000000000003 24916.363838238685 141.07138595013592
3.9000000000000004 24923.574515688237 144.20519999054
4.0 24914.420251777523 144.51689256569313
