# Rounds: 5000, repetitions: 1000
# Good arm ~ N(5.0,5.0), 1 bad arm(s) ~ N(3.5,5.0)
# Observation noise range from 0.5 to 4.0 with step size 0.1

# Observation noise | mean | standard deviation

0.5 22668.576724655348 3481.426385804949
0.6 22831.12840884274 3376.638350588645
0.7 22894.20663302756 3345.695073370263
0.7999999999999999 23057.01760966132 3247.1973757191145
0.8999999999999999 23048.031352853945 3258.2677249126687
0.9999999999999999 23252.312287420267 3088.2662909972787
1.0999999999999999 23112.407825237555 3195.9409780983106
1.1999999999999997 23216.99308822763 3104.9368928935887
1.2999999999999996 23721.863962161366 2752.7565150869295
1.3999999999999995 23517.257716427714 2908.8785721469117
1.4999999999999993 23820.628332464526 2633.127014162849
1.5999999999999992 23899.159678568198 2531.528712692426
1.699999999999999 23848.78647612968 2506.121631537088
1.799999999999999 23934.63056219424 2450.084179259621
1.8999999999999988 24199.389924102128 2142.322615684346
1.9999999999999987 24239.338479167225 2084.374144382826
2.0999999999999988 24240.89483009109 2030.0947228789173
2.199999999999999 24395.70983283421 1797.635036509819
2.299999999999999 24470.310798180817 1706.507311273556
2.399999999999999 24511.356288376945 1593.1441761358594
2.499999999999999 24512.092373666077 1625.1342101920147
2.599999999999999 24612.5282899745 1322.1617322946204
2.6999999999999993 24635.92107524052 1267.8127002600827
2.7999999999999994 24692.899567519602 1113.1563217691296
2.8999999999999995 24684.10697336829 1204.5081878481703
2.9999999999999996 24724.701301449524 1088.9583029909038
3.0999999999999996 24798.99401530451 825.8056849106325
3.1999999999999997 24723.935195634935 1037.3966186540074
3.3 24776.291113811218 911.2062371170397
3.4 24791.38634813883 747.9799227410523
3.5 24857.865893978847 573.6406688618367
3.6 24831.730744863355 687.1451485081567
3.7 24825.50244251704 565.3764989376202
3.8000000000000003 24831.566346442203 606.4737789094117
3.9000000000000004 24843.10303656149 535.955106374282
4.0 24842.441473044935 520.137527535626
