# Rounds: 5000, repetitions: 1000
# Good arm ~ N(5.0,4.0), 1 bad arm(s) ~ N(3.3,4.0)
# Observation noise range from 0.5 to 4.0 with step size 0.1

# Observation noise | mean | standard deviation

0.5 23153.226853623855 3506.412701171409
0.6 23188.82851313422 3424.28471798369
0.7 23377.4078965629 3297.4383281634264
0.7999999999999999 23359.534270732234 3296.6279695505145
0.8999999999999999 23633.51820820337 3047.8778074278594
0.9999999999999999 23774.403155551583 2887.0223011930652
1.0999999999999999 23766.250097637323 2900.7387297105283
1.1999999999999997 23964.934888419142 2653.279491768505
1.2999999999999996 24120.423596696175 2429.748260699369
1.3999999999999995 24304.167019110166 2187.7097945267537
1.4999999999999993 24393.35772871679 2032.6161584354443
1.5999999999999992 24438.736295798593 1963.6192504679761
1.699999999999999 24465.090957724467 1823.7893797251013
1.799999999999999 24590.27487884684 1624.7571290234762
1.8999999999999988 24651.04239231527 1425.7644083524256
1.9999999999999987 24767.84689059145 1081.647445030161
2.0999999999999988 24703.25781424798 1320.429633754411
2.199999999999999 24781.389233978643 1029.5825870395554
2.299999999999999 24763.333409856055 1075.4112371802587
2.399999999999999 24874.589943387076 696.4296560818996
2.499999999999999 24842.058349960836 823.2980419941234
2.599999999999999 24862.54089409655 735.9479560927601
2.6999999999999993 24877.85394207536 603.0908942909406
2.7999999999999994 24927.51424475922 515.5398708236282
2.8999999999999995 24934.941596871806 331.9754720340105
2.9999999999999996 24915.021242472656 327.67235505026287
3.0999999999999996 24911.345210194388 353.70895415110164
3.1999999999999997 24921.73128192961 419.4709243149674
3.3 24901.19683500202 389.5349239615139
3.4 24926.3838474662 306.1704496670181
3.5 24933.392372943996 308.4360276110433
3.6 24919.042887677864 300.3017516221897
3.7 24908.793098022106 296.90272056974493
3.8000000000000003 24901.31166449554 316.40858661498777
3.9000000000000004 24915.29509680643 331.4938914065731
4.0 24920.17756207949 316.3432557772726
