# Rounds: 5000, repetitions: 1000
# Good arm ~ N(5.0,3.0), 1 bad arm(s) ~ N(3.2,3.0)
# Observation noise range from 0.5 to 4.0 with step size 0.1

# Observation noise | mean | standard deviation

0.5 23804.27937351798 2993.419853090863
0.6 23929.490569642025 2844.447983351835
0.7 24018.452853794595 2737.1240134074037
0.7999999999999999 24337.942143409306 2206.6124683882053
0.8999999999999999 24418.308265399606 2086.555676802939
0.9999999999999999 24346.420802620247 2197.5598390790083
1.0999999999999999 24542.744397132894 1872.2266968683232
1.1999999999999997 24543.810870212325 1779.340603419354
1.2999999999999996 24743.731640343518 1280.0509664298143
1.3999999999999995 24764.85565436104 1221.077961785643
1.4999999999999993 24814.793539491242 1075.1439445480448
1.5999999999999992 24853.649502247103 878.1862408577034
1.699999999999999 24823.996328276156 993.568885100194
1.799999999999999 24911.56896531509 647.9038382197824
1.8999999999999988 24933.656037097277 560.4942611190194
1.9999999999999987 24941.460872705164 436.7800785014373
2.0999999999999988 24924.374903490036 484.1155135300838
2.199999999999999 24959.38733074832 328.4322812450167
2.299999999999999 24936.898953032265 420.83354168320636
2.399999999999999 24952.861053163437 242.2391661712109
2.499999999999999 24960.711748405713 222.59539683617652
2.599999999999999 24946.0758834304 237.15480167814283
2.6999999999999993 24957.20524362596 215.58267241698815
2.7999999999999994 24947.918973484233 249.98209092556118
2.8999999999999995 24947.666653322838 221.30935244088005
2.9999999999999996 24942.6371105303 219.3159026128935
3.0999999999999996 24937.495847563823 216.67937150253366
3.1999999999999997 24948.094737643292 214.33503914187355
3.3 24936.63006979509 217.20362856103793
3.4 24948.85670872613 213.90846682693393
3.5 24940.8705761881 219.19373989703826
3.6 24924.02448685029 217.02847171268255
3.7 24942.96143549771 215.70013842326819
3.8000000000000003 24925.39609621357 212.68841244391345
3.9000000000000004 24922.722703217645 221.44124802386705
4.0 24929.845031181718 220.04619055429515
