# Rounds: 5000, repetitions: 1000
# Good arm ~ N(5.0,1.0), 1 bad arm(s) ~ N(4.5,1.0)
# Observation noise range from 0.5 to 4.0 with step size 0.1

# Observation noise | mean | standard deviation

0.5 24885.752188417766 470.2025647595715
0.6 24926.46526653559 359.5361143531506
0.7 24972.225556928912 175.32314827621295
0.7999999999999999 24984.614150403857 91.74864618561395
0.8999999999999999 24978.607125757753 85.57584743578614
0.9999999999999999 24984.528091167333 77.98551171037437
1.0999999999999999 24976.700382457777 74.22150689516097
1.1999999999999997 24971.91690038153 80.41711097634196
1.2999999999999996 24971.368517015926 72.28039111015181
1.3999999999999995 24969.921547444144 73.9030236158258
1.4999999999999993 24964.96050972405 74.83830929010183
1.5999999999999992 24960.434058868617 71.17151923081921
1.699999999999999 24957.90340369143 72.84648045914284
1.799999999999999 24952.51487617082 72.7367422934476
1.8999999999999988 24945.82591556893 74.78206943394918
1.9999999999999987 24937.339470791292 71.1714420951051
2.0999999999999988 24935.668870791782 72.58039349010572
2.199999999999999 24938.33798556657 76.47134927797649
2.299999999999999 24930.576326036455 73.81384294861587
2.399999999999999 24926.182789471735 74.94945391489364
2.499999999999999 24920.44537452986 75.23587696343382
2.599999999999999 24910.223801142067 74.04771432905461
2.6999999999999993 24909.351203927057 73.14201417950181
2.7999999999999994 24900.1454732423 76.72458146193813
2.8999999999999995 24900.15199315146 71.64719021730711
2.9999999999999996 24887.442312864565 77.60236370304796
3.0999999999999996 24883.494469800145 75.02694588957891
3.1999999999999997 24879.662561251673 72.2766166683132
3.3 24875.716471160096 78.50220763320893
3.4 24863.472127102727 73.44373417520464
3.5 24861.094018393953 76.91610408764521
3.6 24854.33163856528 74.81847424284005
3.7 24847.679347946872 77.30024540518897
3.8000000000000003 24843.997124569898 78.35405293094051
3.9000000000000004 24839.755510077277 77.4434016990789
4.0 24831.318927337787 78.89593620894249
