# Rounds: 5000, repetitions: 1000
# Good arm ~ N(5.0,5.0), 1 bad arm(s) ~ N(2.7,5.0)
# Observation noise range from 0.5 to 4.0 with step size 0.1

# Observation noise | mean | standard deviation

0.5 22389.611971750488 4790.678880756843
0.6 22581.193032940515 4654.583313590933
0.7 22703.96841803479 4599.190804437976
0.7999999999999999 22770.105327563728 4536.310393821281
0.8999999999999999 23145.445319865215 4149.405703419417
0.9999999999999999 23198.923077571508 4099.099246481609
1.0999999999999999 23345.79923527622 3903.10885244222
1.1999999999999997 23478.62092350627 3823.044178168342
1.2999999999999996 23598.25802223539 3632.139638791461
1.3999999999999995 23758.166521389416 3403.771505551593
1.4999999999999993 23808.46416783014 3303.778151588941
1.5999999999999992 24091.21830290124 2952.1721746575954
1.699999999999999 24110.056661946754 2854.640977359058
1.799999999999999 24410.583035661653 2304.08855593644
1.8999999999999988 24423.474280461345 2285.122403008497
1.9999999999999987 24423.706284555727 2231.4495458402575
2.0999999999999988 24576.83010097507 1929.4644051297958
2.199999999999999 24673.575275136118 1576.5058217552642
2.299999999999999 24690.562299686648 1630.3469632833794
2.399999999999999 24701.358479049755 1472.6603800294959
2.499999999999999 24681.255489736384 1536.7030969240234
2.599999999999999 24793.736400706013 1110.2028819191553
2.6999999999999993 24801.821917814123 1158.5168004319162
2.7999999999999994 24796.01368572643 1105.9947327119912
2.8999999999999995 24864.315273020235 819.8737348716809
2.9999999999999996 24880.396952046784 629.7710383008824
3.0999999999999996 24845.485512343694 841.8859706749032
3.1999999999999997 24900.660643095183 505.5516478735447
3.3 24895.64183803386 742.1799585078957
3.4 24930.67275157916 411.3364495371446
3.5 24923.92077795935 486.3913189173251
3.6 24922.401363727535 390.64003188105545
3.7 24920.510130969527 412.813722421569
3.8000000000000003 24903.16200610896 411.18295326824153
3.9000000000000004 24910.979816781695 363.6484552695957
4.0 24913.94462652621 391.4379898962975
