# Rounds: 5000, repetitions: 1000
# Good arm ~ N(5.0,5.0), 1 bad arm(s) ~ N(3.7,5.0)
# Observation noise range from 0.5 to 4.0 with step size 0.1

# Observation noise | mean | standard deviation

0.5 22971.56892900705 3016.424593378482
0.6 22877.9385122588 3032.015856204167
0.7 23214.60546145536 2866.26599638539
0.7999999999999999 23102.164867276966 2928.905275896527
0.8999999999999999 23219.389775252606 2853.344360490764
0.9999999999999999 23372.89199584336 2760.6693462711505
1.0999999999999999 23399.634070350574 2771.197660827396
1.1999999999999997 23431.990462435115 2722.207719252845
1.2999999999999996 23566.24323525312 2649.840079000638
1.3999999999999995 23641.98934923319 2535.8023676214484
1.4999999999999993 23755.121260724656 2480.7037611535966
1.5999999999999992 23797.328280471582 2401.8439022520115
1.699999999999999 23897.1081779338 2319.439010780579
1.799999999999999 24089.427244186914 2110.7488736823034
1.8999999999999988 24054.61811624175 2179.6492028070634
1.9999999999999987 24210.341374587395 1944.7155666986373
2.0999999999999988 24190.502892671582 1979.7027306571622
2.199999999999999 24314.521942720876 1786.21535986569
2.299999999999999 24405.37104836633 1657.0403635968046
2.399999999999999 24394.05822507237 1677.580619983878
2.499999999999999 24471.437330808145 1521.865614309753
2.599999999999999 24597.082706428137 1310.0952609591095
2.6999999999999993 24541.477538163646 1376.7262582167825
2.7999999999999994 24617.70994721568 1317.8818876023893
2.8999999999999995 24624.962637488876 1181.4468890907099
2.9999999999999996 24589.888707289567 1269.5174515195679
3.0999999999999996 24673.12462316197 1078.5986361353332
3.1999999999999997 24765.310812627045 783.2853140144534
3.3 24725.51328700009 925.5533167268635
3.4 24704.993029440957 889.0039583591528
3.5 24810.114777330444 690.8850453729513
3.6 24779.765507973843 713.5696272472583
3.7 24733.465159850504 814.6552999433715
3.8000000000000003 24824.38094042186 645.452776287215
3.9000000000000004 24812.377632709584 462.2435869363546
4.0 24831.095590201086 485.8710160295216
