# Rounds: 1000, repetitions: 1000
# Good arm ~ N(5.0,2.0), 29 bad arm(s) ~ N(3.0,2.0)
# Observation noise range from 0.1 to 10.0 with step size 0.1

# Observation noise | mean | standard deviation

0.1 4511.86089932583 730.2718302418616
0.2 4581.096388896897 667.603373088949
0.30000000000000004 4652.895460844393 586.9271318368052
0.4000000000000001 4671.472696800762 549.2166082786092
0.5000000000000001 4714.836532800639 471.1868837624362
0.6000000000000001 4706.721900600969 466.1235539012655
0.7000000000000001 4721.118012317479 411.50338124747674
0.8 4703.177682033703 414.37038897607056
0.9 4761.528072244068 264.816167001089
1.0 4731.190152596956 298.91589389534045
1.1 4729.922477009864 256.311536138138
1.2000000000000002 4727.545968518719 223.14572074990747
1.3000000000000003 4709.396633365301 194.12959300570063
1.4000000000000004 4691.606757629248 214.53560239268793
1.5000000000000004 4684.415094631091 144.91843980750394
1.6000000000000005 4667.2841080656035 118.37681269753581
1.7000000000000006 4630.238221689968 167.89596923981594
1.8000000000000007 4612.835530886017 136.15443124212365
1.9000000000000008 4588.402438293008 123.66891151798878
2.000000000000001 4564.141704757035 117.12349218602046
2.100000000000001 4539.370978217486 110.31441630619571
2.200000000000001 4510.562627781445 126.91566729841328
2.300000000000001 4487.371189308221 112.06006528614412
2.4000000000000012 4454.695441471783 126.08799906493279
2.5000000000000013 4422.957547218099 117.68946142796945
2.6000000000000014 4407.509600401337 113.15345556369425
2.7000000000000015 4362.074142248783 126.70344422321426
2.8000000000000016 4341.33426498112 121.76990777375302
2.9000000000000017 4305.039121445893 129.67024295851272
3.0000000000000018 4282.469121420852 122.69800420614568
3.100000000000002 4255.530060469133 118.76434476245653
3.200000000000002 4228.557028775917 125.14129623315446
3.300000000000002 4201.021025885608 135.17936910352452
3.400000000000002 4162.259966068901 128.62049681983441
3.500000000000002 4137.338417174622 131.67353134934015
3.6000000000000023 4106.674565827693 141.66707558268502
3.7000000000000024 4077.3972965431976 126.30017398926556
3.8000000000000025 4048.7857992151735 137.52085661881264
3.9000000000000026 4024.9642004790735 142.54315317057032
4.000000000000003 3996.7356581748595 145.24825117833126
4.100000000000003 3974.341488263124 139.40062238041577
4.200000000000004 3954.135161658187 140.5246666922276
4.300000000000004 3921.0192474172113 144.8347717353093
4.400000000000005 3896.816781883602 142.18473035800903
4.500000000000005 3872.6220723599954 144.31768078562294
4.600000000000006 3844.2469755223683 150.1947381227725
4.700000000000006 3821.7299065509105 151.23201577943163
4.800000000000007 3808.016454092389 139.52273013887148
4.9000000000000075 3777.2982851589704 147.2112392317599
5.000000000000008 3752.7589990358447 145.34566802480597
5.1000000000000085 3744.40932577765 146.90560096669915
5.200000000000009 3723.8632172967273 143.6272071347191
5.30000000000001 3693.3202519072984 143.97489404744644
5.40000000000001 3678.6679309021674 144.82137482358758
5.500000000000011 3651.397071798643 149.62499158429915
5.600000000000011 3633.7557153756457 148.35794933682237
5.700000000000012 3622.4428013357974 144.55315355735956
5.800000000000012 3608.357657506977 142.38318233686823
5.900000000000013 3584.493238725674 147.15312014886493
6.000000000000013 3571.744230896359 144.50221133962594
6.100000000000014 3555.8435677111424 142.45354134329207
6.200000000000014 3534.314966202845 137.21272002530532
6.300000000000015 3522.8014152645756 132.12409887032632
6.4000000000000155 3510.4462533224905 138.4522749441944
6.500000000000016 3498.3579156591722 134.40648497939014
6.6000000000000165 3481.982517871419 132.99444882255335
6.700000000000017 3466.2535218768458 131.61866362381795
6.800000000000018 3467.8487802245772 137.6370431887973
6.900000000000018 3452.5413457227723 124.32278899425513
7.000000000000019 3437.1071018521934 124.95406557531798
7.100000000000019 3424.840550896666 122.12873267889329
7.20000000000002 3420.0572358162135 125.40390943721177
7.30000000000002 3406.1270381447807 123.04234429103354
7.400000000000021 3394.466012709095 119.68857277078696
7.500000000000021 3394.0676464611465 116.69781303997355
7.600000000000022 3373.0642867690503 113.25819979352364
7.700000000000022 3372.665880874133 115.53481899428279
7.800000000000023 3353.5237658612486 113.70826441240715
7.9000000000000234 3345.210560846588 111.02608530202255
8.000000000000025 3337.970509944932 110.2448117015834
8.100000000000026 3329.1197748994127 113.08129824715674
8.200000000000028 3325.37510847026 111.07848062572242
8.30000000000003 3325.2756772536336 104.79966540828354
8.40000000000003 3307.4139658423474 107.04034866221262
8.500000000000032 3312.7690839275574 105.45603476841747
8.600000000000033 3298.4897227523397 105.72523874588612
8.700000000000035 3290.205429919139 100.15762133071352
8.800000000000036 3285.695478721928 100.54758684088398
8.900000000000038 3283.4330257288525 101.57177559353771
9.000000000000039 3281.116702653303 97.23379414244253
9.10000000000004 3267.796986472221 95.5435545923951
9.200000000000042 3265.6398049237077 98.19736966906076
9.300000000000043 3258.259504113389 94.44142594328251
9.400000000000045 3253.300259761861 98.97416618555441
9.500000000000046 3252.4077576894347 93.5408803688874
9.600000000000048 3243.190198516442 94.64533968855663
9.700000000000049 3238.3621221698804 92.989959057841
9.80000000000005 3236.56031192285 90.25628273453493
9.900000000000052 3230.256206680159 92.32439253767595
10.000000000000053 3230.534432448578 89.22891628890719
