# Rounds: 100, repetitions: 1000
# Good arm ~ N(5.0,3.0), 4 bad arm(s) ~ N(2.3,3.0)
# Observation noise range from 0.5 to 4.0 with step size 0.1

# Observation noise | mean | standard deviation

0.5 433.0146301930936 95.35443771921702
0.6 444.57516653407106 84.73625475874492
0.7 444.32371150034083 84.59276274690102
0.7999999999999999 444.84489682864114 82.64923364988104
0.8999999999999999 446.7455420396272 78.39491370230697
0.9999999999999999 447.27206683531335 80.19097680704958
1.0999999999999999 447.05831745640023 74.45855788144979
1.1999999999999997 448.12737605342414 74.06352263044636
1.2999999999999996 446.07551834488777 72.47304213423762
1.3999999999999995 450.0336894171585 67.0154720811174
1.4999999999999993 447.82062661222017 66.09969578789763
1.5999999999999992 453.3756471997572 58.330072317285776
1.699999999999999 449.0951624792356 60.55846850055593
1.799999999999999 449.23591535286386 59.425888924743134
1.8999999999999988 447.38010950696247 54.43539391108377
1.9999999999999987 447.0475934796916 55.426235077955916
2.0999999999999988 445.8018546291065 53.94846854410405
2.199999999999999 444.5299168898035 52.75147566597436
2.299999999999999 441.7648821099282 55.89647758875161
2.399999999999999 442.50738404487123 52.99542602268157
2.499999999999999 435.9324918046442 55.30206738568974
2.599999999999999 438.06250334261495 50.90712953533955
2.6999999999999993 436.182081731464 49.28481508735341
2.7999999999999994 434.8365360267501 51.47589020005182
2.8999999999999995 432.51374913239084 50.59412370250767
2.9999999999999996 428.2884685372802 49.96466082738235
3.0999999999999996 427.8181406427045 49.69234333517623
3.1999999999999997 425.294345166727 50.7665780317301
3.3 423.92936174284097 51.03571367290204
3.4 421.88957038538024 52.25082215326247
3.5 416.21520460976836 52.1063050727964
3.6 416.4211582811 50.21926385108185
3.7 414.50654732505586 50.666644852173015
3.8000000000000003 411.038536737651 52.11516256911783
3.9000000000000004 409.49301592838856 48.55655793479769
4.0 408.4712255835361 47.429088938110986
