# Rounds: 100, repetitions: 1000
# Good arm ~ N(5.0,2.0), 4 bad arm(s) ~ N(0.0,2.0)
# Observation noise range from 0.5 to 4.0 with step size 0.1

# Observation noise | mean | standard deviation

0.5 479.37755636313096 27.3566217592292
0.6 478.4495600527582 26.13318832183156
0.7 479.89476174880224 22.311184469319166
0.7999999999999999 480.3908560273835 24.412133754278265
0.8999999999999999 479.54118572591454 21.213007684421502
0.9999999999999999 479.0926328562619 22.030636753814232
1.0999999999999999 478.76573487232815 24.713634631612575
1.1999999999999997 477.9155590488454 21.18595500083584
1.2999999999999996 478.1871026754494 21.76990873389056
1.3999999999999995 476.86342360084365 22.449410308332055
1.4999999999999993 475.5712099830784 22.33611970563822
1.5999999999999992 473.3233518083432 22.14985489920681
1.699999999999999 471.39185695562 22.88278064352921
1.799999999999999 470.8696809830554 22.25023419324911
1.8999999999999988 469.6580545050502 23.48040280481891
1.9999999999999987 468.54570289021416 22.7988087199058
2.0999999999999988 467.34643760693035 23.9139623720773
2.199999999999999 464.5305828174404 24.306444437652843
2.299999999999999 461.847664692179 24.520029755471157
2.399999999999999 460.8422360162367 23.21132042029774
2.499999999999999 457.78498696988726 25.502535192224475
2.599999999999999 456.3600831924776 24.9289577509564
2.6999999999999993 454.22253584994394 25.5729251351277
2.7999999999999994 452.95350513798456 25.0082423946619
2.8999999999999995 447.623358846654 25.980666347467594
2.9999999999999996 445.88435814832354 26.156850797769124
3.0999999999999996 443.9031099785123 28.08401759725619
3.1999999999999997 441.46160291001877 27.88065167049264
3.3 438.83587365913183 26.852540646725654
3.4 437.3003830637527 27.66513655476214
3.5 433.3433558372337 28.299784989791586
3.6 430.9964319189613 28.838125301268676
3.7 427.1708940484438 27.52642828298162
3.8000000000000003 426.1301237579367 28.887529673140705
3.9000000000000004 422.63568202775394 28.63551372444201
4.0 419.1447035669704 29.380905789410182
