# Rounds: 100, repetitions: 1000
# Good arm ~ N(5.0,4.0), 4 bad arm(s) ~ N(3.7,4.0)
# Observation noise range from 0.5 to 4.0 with step size 0.1

# Observation noise | mean | standard deviation

0.5 431.56216342340514 67.83511636639788
0.6 432.1487368110322 64.79072090888374
0.7 429.1177474493479 63.92223988827201
0.7999999999999999 431.0967276626125 64.59721348510212
0.8999999999999999 432.10623986108715 64.24211939426006
0.9999999999999999 430.7220963812576 64.47228062541512
1.0999999999999999 428.14677052559813 63.14547750741342
1.1999999999999997 429.97281044802804 62.20834294985157
1.2999999999999996 432.9854080552404 60.69715883790883
1.3999999999999995 432.5114920106296 61.03709120219728
1.4999999999999993 430.26299628078755 60.033389879393525
1.5999999999999992 428.76818255180444 60.942185072029126
1.699999999999999 429.77507606564734 58.63847929294189
1.799999999999999 427.0776154182961 59.84983896289055
1.8999999999999988 433.48152186159064 58.58433526797315
1.9999999999999987 428.9511579231905 59.59796428193085
2.0999999999999988 425.11896129156486 59.527576559834756
2.199999999999999 433.2205710823302 58.332837009430776
2.299999999999999 429.5268812090947 56.82770547675915
2.399999999999999 428.8257108868301 55.72000900084222
2.499999999999999 429.88384806958567 56.365281073795
2.599999999999999 430.38191076118864 56.93935920143463
2.6999999999999993 426.1967215474054 55.32481276840173
2.7999999999999994 430.68523400912636 56.095145734019155
2.8999999999999995 430.94541614863687 53.13691008663258
2.9999999999999996 429.4701309901165 54.512476443996874
3.0999999999999996 425.2955442331795 55.38674316662357
3.1999999999999997 423.1716542739482 52.81942317250625
3.3 423.51928836527406 52.62327106228846
3.4 425.29508782122775 52.078026139787774
3.5 424.2880523055268 52.68542867427051
3.6 424.28782078766864 50.76427887214607
3.7 425.8877298017899 50.03408684161886
3.8000000000000003 421.7772141266076 51.333595685659034
3.9000000000000004 422.8591403365114 51.54848416574146
4.0 421.0869082575981 48.90041138658036
