# Rounds: 100, repetitions: 1000
# Good arm ~ N(5.0,4.0), 4 bad arm(s) ~ N(4.9,4.0)
# Observation noise range from 0.5 to 4.0 with step size 0.1

# Observation noise | mean | standard deviation

0.5 494.02773792609975 40.0933568331644
0.6 497.8686907736716 41.62021753226743
0.7 497.1235238832219 39.74871745625556
0.7999999999999999 496.78354493293114 40.29969277990734
0.8999999999999999 495.9265348716924 40.18315838213902
0.9999999999999999 497.97342973106595 39.85817290262688
1.0999999999999999 496.191012623657 41.23284644355405
1.1999999999999997 496.84757823179996 40.61440630148545
1.2999999999999996 497.08946220924037 40.52982134870767
1.3999999999999995 495.76276906000703 41.03377450620445
1.4999999999999993 496.1589187134222 40.053953938476674
1.5999999999999992 497.42148189621713 40.714829071301885
1.699999999999999 496.57616572495334 40.3710002168651
1.799999999999999 496.83010670506957 40.206378778211466
1.8999999999999988 497.26146567250254 40.18708374114637
1.9999999999999987 496.99810291673964 41.37315568078783
2.0999999999999988 495.86055441155173 39.00708871016861
2.199999999999999 495.7791925803779 41.18160486751477
2.299999999999999 494.9764789528795 41.44058168968575
2.399999999999999 496.77807716298 39.61226169131685
2.499999999999999 498.79642769427215 41.48839714421187
2.599999999999999 496.31069124553005 40.48023823664438
2.6999999999999993 497.4444276402817 37.532276102074654
2.7999999999999994 495.7613583631197 38.91467992368429
2.8999999999999995 497.67325698269457 40.92274245869876
2.9999999999999996 496.9352891463228 39.386628066426404
3.0999999999999996 498.17596195589925 40.85130938577665
3.1999999999999997 494.21587085948784 39.36208995174782
3.3 494.74008589997555 41.457459111348626
3.4 498.74142857725445 40.05338287860602
3.5 494.9959350281466 39.82343369545872
3.6 498.92618443127196 40.0727147797375
3.7 496.38250410767614 40.41290647152625
3.8000000000000003 496.9443845795911 41.318505154926754
3.9000000000000004 496.44507316418986 42.17518834798388
4.0 497.5441882413852 40.0298970497337
