# Rounds: 100, repetitions: 1000
# Good arm ~ N(5.0,5.0), 4 bad arm(s) ~ N(0.9,5.0)
# Observation noise range from 0.5 to 4.0 with step size 0.1

# Observation noise | mean | standard deviation

0.5 374.1093772995828 161.3103267007869
0.6 392.34148948111965 154.77427078651579
0.7 399.4265439235557 146.85650462131082
0.7999999999999999 395.51835663237966 147.65613358511393
0.8999999999999999 396.25611341127956 143.65158645115727
0.9999999999999999 407.15699819058204 136.98754226661893
1.0999999999999999 394.8638621492342 143.10737493557704
1.1999999999999997 410.38597239377634 133.51330528919215
1.2999999999999996 410.1027033978883 126.74904950660424
1.3999999999999995 412.8003593925065 121.02057850015683
1.4999999999999993 414.26210244193015 120.90300971355596
1.5999999999999992 415.63022782930193 118.29246660154313
1.699999999999999 413.21612376895933 110.8438752602779
1.799999999999999 420.9513209634038 109.75335428515709
1.8999999999999988 423.12215653418843 103.6923043593512
1.9999999999999987 416.60308305165285 104.21440550281028
2.0999999999999988 417.73175428048086 99.33523590422044
2.199999999999999 419.70193780264594 97.73194372091457
2.299999999999999 414.47028684030914 95.6660649915715
2.399999999999999 419.1354399386872 94.37095624675935
2.499999999999999 411.94552324904544 95.53615250204005
2.599999999999999 415.19509080690545 93.55847217062708
2.6999999999999993 414.6935287642969 88.48013820286918
2.7999999999999994 413.5804597964161 86.73954946268431
2.8999999999999995 410.10848748837157 89.70659502084324
2.9999999999999996 412.33519817668235 87.35024663012481
3.0999999999999996 412.0893698316313 84.86483069300782
3.1999999999999997 410.27989879181143 86.25231001441476
3.3 407.32043861313605 81.38716778005472
3.4 402.2033070533792 82.55806184577304
3.5 401.90649150415135 84.67131591235331
3.6 400.7115303067397 81.7882325365286
3.7 395.48975985413904 80.40145325731707
3.8000000000000003 392.0525401235077 86.51433659254711
3.9000000000000004 387.7822214458827 88.10634694549653
4.0 387.4087161128231 84.70313278000215
