# Rounds: 100, repetitions: 1000
# Good arm ~ N(5.0,1.0), 4 bad arm(s) ~ N(0.9,1.0)
# Observation noise range from 0.5 to 4.0 with step size 0.1

# Observation noise | mean | standard deviation

0.5 486.32121073271384 11.05483745425819
0.6 486.11972215477175 10.559211285991381
0.7 486.66104033412665 11.271752236249334
0.7999999999999999 486.0042178496303 10.945870457086565
0.8999999999999999 485.19796238969695 11.33487935065036
0.9999999999999999 485.5279947391053 10.961442086805354
1.0999999999999999 484.98777807971436 11.430532333196492
1.1999999999999997 484.56004385080814 11.731413987374902
1.2999999999999996 482.49337720796075 11.928603583372366
1.3999999999999995 482.2176189094753 12.161482348382728
1.4999999999999993 480.90413189634603 12.31632022579283
1.5999999999999992 478.53838511726246 12.001102225394431
1.699999999999999 477.72124464715165 12.902700364668872
1.799999999999999 475.94108730176265 12.726808756322916
1.8999999999999988 474.03586979500557 13.165250417995185
1.9999999999999987 472.87241149823683 12.942753528737013
2.0999999999999988 470.19287347155205 13.295481355602822
2.199999999999999 467.6298256855483 13.89200732036774
2.299999999999999 466.2316577926953 13.911419587184195
2.399999999999999 464.2217036447478 14.187040977692892
2.499999999999999 462.2488930097164 14.476632406060029
2.599999999999999 458.36689820954234 14.390089359663078
2.6999999999999993 456.88097211811527 14.606249944132813
2.7999999999999994 454.0697661420306 15.411120589017614
2.8999999999999995 452.03729649142497 15.661112068402472
2.9999999999999996 448.5481882167543 15.401948359465749
3.0999999999999996 446.87202684397874 15.804985041804475
3.1999999999999997 444.89235444398935 16.56156604937815
3.3 441.5209973959023 17.00193783134552
3.4 438.42321029287837 16.61776032627097
3.5 435.42264533568624 16.718351900848127
3.6 433.09329473405563 17.603098383466044
3.7 430.15200655994255 17.918368788497627
3.8000000000000003 428.2170283677678 17.973901926591683
3.9000000000000004 424.9352012781033 18.034483843770474
4.0 422.1357670172501 17.88454775662177
