# Rounds: 100, repetitions: 1000
# Good arm ~ N(5.0,4.0), 4 bad arm(s) ~ N(1.9,4.0)
# Observation noise range from 0.5 to 4.0 with step size 0.1

# Observation noise | mean | standard deviation

0.5 414.3481848605664 120.58560631909482
0.6 419.8164042192226 115.29662306302455
0.7 414.7132054343885 116.00475387222438
0.7999999999999999 413.7689999554382 115.49325784993059
0.8999999999999999 427.2732222254762 105.6728980803637
0.9999999999999999 420.2450520641793 107.97274041419112
1.0999999999999999 418.9963601698068 108.53936814672574
1.1999999999999997 424.9143560084019 98.89533420682965
1.2999999999999996 428.9230321725875 97.89149376997267
1.3999999999999995 430.4788146257707 91.96979615669947
1.4999999999999993 427.1602088696859 91.96869706438603
1.5999999999999992 431.33360110482977 90.23796993713384
1.699999999999999 428.35829710378704 88.06010107821498
1.799999999999999 432.43490007759226 85.45977903965169
1.8999999999999988 432.08236965227934 78.86877974314567
1.9999999999999987 432.02710864266015 77.8935211295723
2.0999999999999988 429.3536836555901 78.82915493191067
2.199999999999999 429.3131704526557 77.54495121521458
2.299999999999999 423.4132766126922 78.41645973780837
2.399999999999999 427.97938752991996 74.5915492558428
2.499999999999999 427.07552824725406 73.48243182367472
2.599999999999999 422.4296565710425 74.67997178842177
2.6999999999999993 425.85385593136357 69.82823462788467
2.7999999999999994 421.14522877709857 69.90335413024849
2.8999999999999995 420.8541165059197 69.79078427462392
2.9999999999999996 418.9929537749802 68.72020811618967
3.0999999999999996 417.00868516017636 70.01486928562203
3.1999999999999997 412.1255909569113 71.28499780446411
3.3 412.27549000530576 68.52198811953458
3.4 410.2492541058216 68.75203888774263
3.5 409.96692655845334 67.7329830557952
3.6 407.412493335572 64.61359361648337
3.7 404.9044452317712 68.84011499528778
3.8000000000000003 401.29528563638627 67.22525365646837
3.9000000000000004 401.34335132489934 65.55016091727518
4.0 395.45348437616246 68.43527850909798
