# Rounds: 100, repetitions: 1000
# Good arm ~ N(5.0,3.0), 4 bad arm(s) ~ N(0.3,3.0)
# Observation noise range from 0.5 to 4.0 with step size 0.1

# Observation noise | mean | standard deviation

0.5 462.5934402131499 79.53909540409511
0.6 463.04700335944443 73.71939302407029
0.7 463.1267706597535 73.49148265538572
0.7999999999999999 463.5066412230419 69.68997062419471
0.8999999999999999 467.7063741663503 57.263852896299674
0.9999999999999999 465.2731300447186 60.90858626730031
1.0999999999999999 467.05853905867014 51.42709766058668
1.1999999999999997 466.1673906167943 54.673974516738355
1.2999999999999996 467.6316038425874 44.946187046085775
1.3999999999999995 467.2900307302492 48.57571681646337
1.4999999999999993 467.41289511288556 39.2859941736378
1.5999999999999992 465.1017841471895 41.90190022826017
1.699999999999999 463.98961479262965 38.62395891410577
1.799999999999999 463.6753025562486 43.483286312487216
1.8999999999999988 461.374350400443 40.54666338873629
1.9999999999999987 458.04513914435074 39.939151232838775
2.0999999999999988 458.3537827151031 39.680784007342396
2.199999999999999 457.0583763651307 38.61764480401586
2.299999999999999 456.44223244039557 38.88939788466005
2.399999999999999 453.04175401533774 39.55783896572809
2.499999999999999 454.51049893982724 37.80584939589764
2.599999999999999 450.39055138242696 38.400593551803674
2.6999999999999993 447.99650995437224 37.91066528181348
2.7999999999999994 445.98471487177846 38.65797008324175
2.8999999999999995 444.4194612982548 40.49428683469346
2.9999999999999996 437.5156444316802 39.929946588142826
3.0999999999999996 438.53419145790974 41.17466900894833
3.1999999999999997 436.3441380547452 41.73449852921777
3.3 433.43376909177067 41.965463174746546
3.4 429.37521127282207 40.230225613977495
3.5 427.3657953205635 42.081917401423794
3.6 426.6366213512606 40.85074061620763
3.7 422.6330765836993 43.15692551937222
3.8000000000000003 417.84164839966826 44.32339238482306
3.9000000000000004 417.7824745999666 44.30811104874615
4.0 414.50312887469613 43.34070437582649
