# Rounds: 100, repetitions: 1000
# Good arm ~ N(5.0,3.0), 4 bad arm(s) ~ N(1.0,3.0)
# Observation noise range from 0.5 to 4.0 with step size 0.1

# Observation noise | mean | standard deviation

0.5 455.4218259937689 93.01169426148837
0.6 459.71939544501043 76.8545771983288
0.7 459.8899477686036 80.96846558208534
0.7999999999999999 457.7584448063529 81.92920994806693
0.8999999999999999 461.6568951044228 72.0109082101496
0.9999999999999999 460.3513838818487 67.51893306723625
1.0999999999999999 463.75822796296535 64.14150516808277
1.1999999999999997 461.4734798698228 61.79816443772068
1.2999999999999996 462.0169788658556 58.845499264125586
1.3999999999999995 461.225725225354 53.715318353396746
1.4999999999999993 463.217005758456 49.640867099421996
1.5999999999999992 461.69781184324563 48.976036900612925
1.699999999999999 460.2978518340705 48.331643509716784
1.799999999999999 458.60497977659327 48.52345511443253
1.8999999999999988 461.1226517053903 42.618656613123015
1.9999999999999987 456.18690317561874 44.708506366847715
2.0999999999999988 453.7098578294932 42.44082433750134
2.199999999999999 455.757553532758 41.12742410507699
2.299999999999999 454.5426745696306 41.29485483592736
2.399999999999999 451.59081962392696 41.61329020591689
2.499999999999999 449.36940903274825 43.108230810864484
2.599999999999999 447.53556289990274 41.98858489872183
2.6999999999999993 444.6326750600887 44.23968891354206
2.7999999999999994 443.83174153249786 45.01019613247879
2.8999999999999995 439.48533086277706 45.97057444550891
2.9999999999999996 438.893550666071 43.34155139701778
3.0999999999999996 435.6366672286337 44.17182039825295
3.1999999999999997 435.15933568743816 44.155750065618655
3.3 430.9710124663585 44.070933500292746
3.4 428.5978862121501 45.5317478867162
3.5 426.34166301251565 43.62508762166859
3.6 424.23449032405165 45.559207370482646
3.7 417.20030170358234 44.176556713434756
3.8000000000000003 418.5138056348358 44.889260852689816
3.9000000000000004 414.97868640175733 46.2343808421883
4.0 412.1863267765943 45.00300508509863
