# Rounds: 1000, repetitions: 1000
# Good arm ~ N(5.0,2.0), 13 bad arm(s) ~ N(1.0,2.0)
# Observation noise range from 0.5 to 8.0 with step size 0.1

# Observation noise | mean | standard deviation

0.5 4925.289718823823 215.5205109573963
0.6 4932.174942653639 83.58418395654492
0.7 4923.8722534646795 161.1669661714868
0.7999999999999999 4920.623663704433 177.43063245574058
0.8999999999999999 4926.033692885706 123.33696278134377
0.9999999999999999 4918.511550271972 96.43444840104539
1.0999999999999999 4920.202509893626 66.85144402279484
1.1999999999999997 4914.240529126944 70.23960127279847
1.2999999999999996 4909.949990314219 117.68860685398612
1.3999999999999995 4905.669862361811 66.12855361661973
1.4999999999999993 4899.8237369856915 64.1313504278273
1.5999999999999992 4885.873010419521 74.2030659891442
1.699999999999999 4883.4371806671725 68.43573995418367
1.799999999999999 4873.301089518852 70.92103805956286
1.8999999999999988 4863.403277433349 71.35935265698484
1.9999999999999987 4862.722005646018 68.18803490400323
2.0999999999999988 4847.8877276282 67.79709721510508
2.199999999999999 4836.7237034618465 71.67240796449005
2.299999999999999 4827.776552188922 69.75935724300358
2.399999999999999 4817.23225103854 72.38083703012262
2.499999999999999 4805.983473729007 71.86618064207099
2.599999999999999 4795.345577069189 70.16829168704295
2.6999999999999993 4783.352685991935 68.30295280808762
2.7999999999999994 4774.817311765386 71.91407671646738
2.8999999999999995 4758.979721949305 73.04824790893157
2.9999999999999996 4747.0719671005445 76.2663661316281
3.0999999999999996 4732.32312540879 73.52320567915378
3.1999999999999997 4727.134698302526 76.18069230402021
3.3 4712.930588329008 72.48915060420428
3.4 4702.002927733802 75.05324474082217
3.5 4680.671742986113 76.32755631163882
3.6 4671.5531118174 75.19750329771803
3.7 4661.2435071386135 76.30898974346374
3.8000000000000003 4641.174768794799 77.78877311695948
3.9000000000000004 4627.946548821092 78.34191883594825
4.0 4618.827136325221 77.8907741522755
4.1 4600.349488927459 80.28128921964444
4.199999999999999 4588.354137227251 79.06356686506133
4.299999999999999 4571.272980911775 77.99765107459235
4.399999999999999 4562.81439037483 80.94136412462974
4.499999999999998 4543.00860483428 82.11140848000812
4.599999999999998 4519.931233775594 82.83349426711126
4.6999999999999975 4507.991223451535 85.82563007893313
4.799999999999997 4493.29039613472 83.75994312561194
4.899999999999997 4475.855822462009 85.70647320867602
4.9999999999999964 4460.112745024136 87.87758807415831
5.099999999999996 4446.893810758805 84.24048522785114
5.199999999999996 4427.108446319889 85.33792692244344
5.299999999999995 4420.287366953241 89.011612376458
5.399999999999995 4393.611631925689 93.6773791958148
5.499999999999995 4383.811846566748 92.07414271106374
5.599999999999994 4358.045740962429 88.39680496389376
5.699999999999994 4345.873193894268 90.60384074740463
5.799999999999994 4329.570486634568 93.01875147099328
5.899999999999993 4314.4867877891 95.3452751469824
5.999999999999993 4296.454350575608 95.56684640055117
6.0999999999999925 4279.388784095536 91.15706349189439
6.199999999999992 4263.55765420769 97.24866377720578
6.299999999999992 4243.117127293931 94.89124677443463
6.3999999999999915 4220.98794355316 95.3355853078946
6.499999999999991 4204.967935954743 97.51998345654033
6.599999999999991 4187.528353666922 103.15633469508879
6.69999999999999 4172.560619207349 93.93556827312885
6.79999999999999 4146.155253890599 102.46408971735626
6.89999999999999 4127.761502642388 105.55378140033838
6.999999999999989 4113.693472138798 103.91918814189795
7.099999999999989 4097.307553350748 109.38075515488612
7.199999999999989 4074.75447437549 105.68897674709544
7.299999999999988 4056.0605470429905 107.0615973623028
7.399999999999988 4037.256628042816 106.33678921435768
7.499999999999988 4017.476697982682 108.66670383240486
7.599999999999987 3997.853031151232 106.40871327875114
7.699999999999987 3978.723322373055 110.83029941407487
7.7999999999999865 3958.2530707213323 107.60927279022653
7.899999999999986 3944.9276780019263 113.55579317085771
7.999999999999986 3916.3733130214155 114.23254967713413
