# Rounds: 1000, repetitions: 1000
# Good arm ~ N(5.0,2.0), 13 bad arm(s) ~ N(0.0,2.0)
# Observation noise range from 0.5 to 8.0 with step size 0.1

# Observation noise | mean | standard deviation

0.5 4930.7919436450475 70.27647014714242
0.6 4924.209761392157 174.54573577987048
0.7 4928.350594202853 68.8436000115871
0.7999999999999999 4925.523963375723 66.43670054627299
0.8999999999999999 4921.781143303591 162.8140428150131
0.9999999999999999 4924.229720018899 65.05263834287118
1.0999999999999999 4919.951880651382 68.97769407996593
1.1999999999999997 4909.323434458897 66.93598077812939
1.2999999999999996 4908.745548531781 65.03913096444916
1.3999999999999995 4908.264082946708 64.18480394708261
1.4999999999999993 4900.5937707228695 65.13772105555678
1.5999999999999992 4895.839604265011 69.0151264794605
1.699999999999999 4890.697623050005 66.91664815276421
1.799999999999999 4883.147912010451 65.50605663065662
1.8999999999999988 4875.971273497931 64.95596223702142
1.9999999999999987 4866.315086729588 67.96040085698802
2.0999999999999988 4859.369796061877 66.8493467097984
2.199999999999999 4845.763406888125 68.89119404816697
2.299999999999999 4838.487740325169 67.61289399349053
2.399999999999999 4828.729876520103 70.49081399107608
2.499999999999999 4822.787334058819 68.59824454758765
2.599999999999999 4812.265305200729 69.4341650917409
2.6999999999999993 4799.960447362955 69.40753232967104
2.7999999999999994 4787.491458878885 68.13171632548008
2.8999999999999995 4778.380754361757 71.31782718795112
2.9999999999999996 4761.8265120407195 70.17765230792354
3.0999999999999996 4754.683212931467 70.68923852092037
3.1999999999999997 4743.297939403745 70.91206984880093
3.3 4728.534287940924 71.07647368293736
3.4 4714.26297167349 70.938513997251
3.5 4703.264842610939 71.62987904538362
3.6 4689.462609128215 73.0385702164843
3.7 4677.276742683507 76.28391920265364
3.8000000000000003 4665.317244558812 77.05656951412331
3.9000000000000004 4650.202909599695 74.99661317486884
4.0 4634.985216786384 77.1516410962316
4.1 4619.203186581674 75.25047216894667
4.199999999999999 4613.422939376859 74.30759451494696
4.299999999999999 4594.492538550196 77.25860313597535
4.399999999999999 4581.2843931904035 75.33042570611582
4.499999999999998 4563.807632941943 79.46347003776087
4.599999999999998 4545.130658798289 78.45432124482322
4.6999999999999975 4538.014385901794 79.78166759717395
4.799999999999997 4522.100936476293 79.30493633674561
4.899999999999997 4503.78154342626 78.8660412910875
4.9999999999999964 4488.738180446684 80.23802790178706
5.099999999999996 4474.215497551797 78.1718442670428
5.199999999999996 4460.827351572618 82.21073208869326
5.299999999999995 4437.5949041736 83.11792363975802
5.399999999999995 4425.0125974529565 85.45706190058513
5.499999999999995 4408.1218763212 85.65440499531836
5.599999999999994 4396.744405537954 86.07498462955594
5.699999999999994 4374.201715913439 84.77970648591675
5.799999999999994 4363.060578719414 82.16394757943884
5.899999999999993 4341.491728151335 88.00489764515002
5.999999999999993 4317.934270042426 88.43822789245121
6.0999999999999925 4309.399930328525 89.87309507202768
6.199999999999992 4285.398262026028 91.59767633936882
6.299999999999992 4267.536177683497 93.4052917478671
6.3999999999999915 4253.835062738449 93.36065599478962
6.499999999999991 4238.410098106434 93.19823024992355
6.599999999999991 4215.363787319236 91.28213272772753
6.69999999999999 4200.937333354823 96.20728774844834
6.79999999999999 4179.312817432067 96.110656943885
6.89999999999999 4157.487845853258 94.1332197836734
6.999999999999989 4137.6023521002535 97.77010099685923
7.099999999999989 4116.429489910065 100.63169131497796
7.199999999999989 4106.786480144529 100.37928142113648
7.299999999999988 4080.6723679753236 104.18112594163034
7.399999999999988 4062.7120674191156 98.91826015317231
7.499999999999988 4041.3774847285904 98.03485710223131
7.599999999999987 4022.584078811465 102.6515934887497
7.699999999999987 4002.797873636359 103.83284391195363
7.7999999999999865 3985.4084164078276 101.22550786479918
7.899999999999986 3965.5577023940677 104.47445179450546
7.999999999999986 3943.6669258650727 103.50314665859302
