# Rounds: 500, repetitions: 1000
# Good arm ~ N(5.0,3.0), 10 bad arm(s) ~ N(4.5,3.0)
# Observation noise range from 0.5 to 8.0 with step size 0.1

# Observation noise | mean | standard deviation

0.5 2320.012825112966 113.54434048075663
0.6 2321.8832032347545 110.43645474640569
0.7 2323.6183863183223 111.29889233508695
0.7999999999999999 2324.3324586882345 107.09642863449336
0.8999999999999999 2330.5514894078274 108.34269594008184
0.9999999999999999 2325.1759599247503 104.8198889766522
1.0999999999999999 2325.213063510225 103.47048577110226
1.1999999999999997 2320.3512932314075 102.85761023907607
1.2999999999999996 2320.71486571852 100.8280638356381
1.3999999999999995 2321.683578737692 99.31005872744528
1.4999999999999993 2326.5943299938303 96.08152033979582
1.5999999999999992 2326.275702412473 92.90028695921592
1.699999999999999 2322.403809109783 97.61938032866607
1.799999999999999 2317.8401438691144 90.55037767879726
1.8999999999999988 2321.4073102971324 88.25166596134308
1.9999999999999987 2316.8435342238367 85.51017976564432
2.0999999999999988 2313.7726613361287 83.26184193704613
2.199999999999999 2314.789002521623 86.43212948137662
2.299999999999999 2315.7122451945506 85.51058778163656
2.399999999999999 2311.0012496855097 79.35408113605001
2.499999999999999 2312.4344312643602 82.139091724803
2.599999999999999 2308.916357433109 79.56241722642703
2.6999999999999993 2305.7350478253315 78.47667731072931
2.7999999999999994 2303.8699349773538 77.71311471406541
2.8999999999999995 2304.4673582896635 79.25654478905615
2.9999999999999996 2302.204272431019 75.20999374933935
3.0999999999999996 2305.324839953643 77.64835830024165
3.1999999999999997 2308.3587114736656 76.30185342949007
3.3 2300.3812407601986 78.26797944781164
3.4 2301.597807027476 76.9887559267219
3.5 2302.431966633372 74.01710243846695
3.6 2300.250641640349 72.78305671989021
3.7 2300.259199696391 73.97744389645008
3.8000000000000003 2300.1722027860214 75.9383696451229
3.9000000000000004 2301.139459051195 73.27816697855835
4.0 2297.1375751718897 74.45150635943159
4.1 2295.8475533935143 73.12456101837391
4.199999999999999 2296.08227547508 72.99170227665729
4.299999999999999 2298.490714968646 72.87572904089144
4.399999999999999 2294.0419642261204 71.71635647904293
4.499999999999998 2298.7692284584446 70.58672121883949
4.599999999999998 2291.471130541586 72.11776707488329
4.6999999999999975 2295.787677680023 74.09830078987007
4.799999999999997 2298.0198249850573 71.96565495501787
4.899999999999997 2293.550060823635 73.27783926090441
4.9999999999999964 2298.9149972564837 72.29274925436685
5.099999999999996 2294.1215339482046 70.30111203771716
5.199999999999996 2294.815185124599 71.84494332542211
5.299999999999995 2291.7929668188754 70.84648404379939
5.399999999999995 2292.3927592126206 71.06891651689627
5.499999999999995 2292.2767880546858 71.97861876807808
5.599999999999994 2293.6673543563993 71.87819993265285
5.699999999999994 2289.587749295269 71.34903377466262
5.799999999999994 2286.2569980274675 67.70295533475401
5.899999999999993 2291.151557477179 72.6262400982144
5.999999999999993 2290.8201158005913 71.56083199412255
6.0999999999999925 2288.7106800025163 69.84361684109086
6.199999999999992 2288.271680603221 69.40255186845582
6.299999999999992 2289.1142419262924 70.07776021930036
6.3999999999999915 2290.0031215604636 70.01041398125582
6.499999999999991 2292.8373559876322 70.04119520838655
6.599999999999991 2288.5958658187506 68.72201731711556
6.69999999999999 2285.5907706616254 72.42984981614157
6.79999999999999 2286.7691114278005 69.22586834236311
6.89999999999999 2287.9311188712772 70.60258231654367
6.999999999999989 2286.4807538079026 69.67031557565332
7.099999999999989 2289.85597115535 69.36146500109673
7.199999999999989 2284.480818225297 71.57233207549815
7.299999999999988 2285.633283768412 69.1939749413812
7.399999999999988 2289.7347019615177 69.96458770279204
7.499999999999988 2282.924645861936 69.36588905515634
7.599999999999987 2285.871740346546 65.39208024549409
7.699999999999987 2283.3507227928917 67.23765953661115
7.7999999999999865 2282.750692499287 67.02070491526699
7.899999999999986 2285.7217722916375 72.24426935845801
7.999999999999986 2286.725779112948 66.67883930033818
