# Rounds: 500, repetitions: 1000
# Good arm ~ N(5.0,4.0), 10 bad arm(s) ~ N(4.9,4.0)
# Observation noise range from 0.5 to 8.0 with step size 0.1

# Observation noise | mean | standard deviation

0.5 2462.7571489746833 92.69152013314192
0.6 2458.036084437179 91.2484486052712
0.7 2464.471849626174 89.06764142673295
0.7999999999999999 2461.830962279723 89.26023090433038
0.8999999999999999 2458.0221755404305 91.6092082147418
0.9999999999999999 2461.4181637299566 85.30506129535749
1.0999999999999999 2462.0784820948807 90.61380613641339
1.1999999999999997 2457.552881751267 91.14042954970078
1.2999999999999996 2464.262950924434 91.86755126601247
1.3999999999999995 2459.3765610778655 90.26958011077869
1.4999999999999993 2458.3676255969986 90.39816068751904
1.5999999999999992 2461.9858395608785 91.09501138546484
1.699999999999999 2461.30104487341 92.13219347850348
1.799999999999999 2458.48712561491 92.63452062828776
1.8999999999999988 2462.585396899505 90.89805467849334
1.9999999999999987 2461.384370889371 92.31743033321857
2.0999999999999988 2464.7838503636194 88.75563021347962
2.199999999999999 2462.0013877032197 90.64465589657837
2.299999999999999 2459.5057798961316 88.36474753656148
2.399999999999999 2461.7696844050265 96.44900698852481
2.499999999999999 2465.2635429491506 88.33722577337994
2.599999999999999 2456.990042328709 90.46979903250032
2.6999999999999993 2457.8621882090865 87.66438017511439
2.7999999999999994 2454.16096958077 92.03217517429812
2.8999999999999995 2462.9253042905016 89.25743496625806
2.9999999999999996 2465.1703479194807 91.01177199231972
3.0999999999999996 2459.9402890388697 91.43776767729311
3.1999999999999997 2457.9173678623893 87.36710067472954
3.3 2455.379016537849 88.8062006832321
3.4 2463.3499795515513 88.17296830800507
3.5 2459.11006305473 91.00631899361548
3.6 2455.56389657455 90.53420042338634
3.7 2464.5256570216106 88.98278474427121
3.8000000000000003 2461.586399685384 87.61564068705204
3.9000000000000004 2461.2366855393016 88.66944315894986
4.0 2458.741607483613 89.20456797261355
4.1 2456.747150049043 93.53888098943109
4.199999999999999 2461.6404030463073 91.19599638973828
4.299999999999999 2459.9725166647936 90.12598381609234
4.399999999999999 2457.054309045652 91.52310245702377
4.499999999999998 2456.2932169371643 88.71856269327567
4.599999999999998 2461.3609686367777 87.60747445615692
4.6999999999999975 2457.2277296416146 89.67633949369966
4.799999999999997 2465.517007042232 94.44740405684729
4.899999999999997 2461.6415223123354 91.90267983980884
4.9999999999999964 2462.658993539006 89.91258989143391
5.099999999999996 2459.488552609174 90.70979450181309
5.199999999999996 2455.6413416691844 89.62678651684845
5.299999999999995 2459.5109319554504 90.50539739249452
5.399999999999995 2458.1221758879783 91.18230486225404
5.499999999999995 2459.771965971235 90.2692221414951
5.599999999999994 2458.42363108957 91.16214344596203
5.699999999999994 2461.322050912453 89.71487676881586
5.799999999999994 2459.080184977918 90.99544863762287
5.899999999999993 2461.924433396226 91.3122602100447
5.999999999999993 2457.842017118283 90.8827373312255
6.0999999999999925 2455.7293211993897 87.19943039349951
6.199999999999992 2462.107755543296 87.57844560908687
6.299999999999992 2460.107558211563 89.76607797760185
6.3999999999999915 2465.1932406063606 89.36956678942809
6.499999999999991 2461.796985353742 89.44015632439215
6.599999999999991 2459.2105471355167 93.02377540918289
6.69999999999999 2459.2852977533657 86.70136032751012
6.79999999999999 2460.0689619940267 87.52324546508854
6.89999999999999 2459.7562281481937 89.63855428569222
6.999999999999989 2460.188721801983 90.93128881464112
7.099999999999989 2457.3161992890123 88.71560704289007
7.199999999999989 2461.966645412206 86.94434780942726
7.299999999999988 2459.9858309566466 89.30520364841003
7.399999999999988 2459.649849728774 86.67753804153061
7.499999999999988 2459.3525722690656 87.22789487618466
7.599999999999987 2460.8651717251596 87.88056253994822
7.699999999999987 2461.0343306631385 87.58200120423466
7.7999999999999865 2457.3418850687203 90.55345063487137
7.899999999999986 2462.639609460376 90.97522324406269
7.999999999999986 2460.566475150519 87.51602922721925
