# Rounds: 500, repetitions: 1000
# Good arm ~ N(5.0,4.0), 10 bad arm(s) ~ N(4.0,4.0)
# Observation noise range from 0.5 to 8.0 with step size 0.1

# Observation noise | mean | standard deviation

0.5 2171.877632666801 221.34579953398736
0.6 2175.2808593425348 226.05856001694607
0.7 2193.630898710548 218.9217916590645
0.7999999999999999 2177.617607238599 221.5210284352794
0.8999999999999999 2194.0838653757496 217.1199792116256
0.9999999999999999 2206.1842191392575 212.3470316902485
1.0999999999999999 2193.8483141066963 204.13676565723156
1.1999999999999997 2205.073349867185 208.41806733513445
1.2999999999999996 2201.953457417061 203.84081689510109
1.3999999999999995 2206.8311297410555 203.36129022307185
1.4999999999999993 2200.2041508189914 194.80877157105613
1.5999999999999992 2209.5069715017707 191.21162774076316
1.699999999999999 2209.969147531106 193.44612513385746
1.799999999999999 2207.6076570585396 185.4087874800838
1.8999999999999988 2203.179480704027 183.21589553190648
1.9999999999999987 2212.2550647357775 183.52421630149635
2.0999999999999988 2191.936764362423 177.29118159026493
2.199999999999999 2211.016776861996 170.66354007497046
2.299999999999999 2204.2249855882483 169.3554497586484
2.399999999999999 2210.626459982401 166.0887624900974
2.499999999999999 2201.0885243941498 162.58929552165208
2.599999999999999 2193.7788596757446 165.94892202738845
2.6999999999999993 2199.067859370261 153.66743782342033
2.7999999999999994 2194.981745288401 155.6710825141084
2.8999999999999995 2187.6348115260425 157.2382572728898
2.9999999999999996 2174.9964983587565 149.63323620250705
3.0999999999999996 2183.1298211899993 148.87622602135315
3.1999999999999997 2174.758967558871 150.9131123191717
3.3 2167.4460513820122 146.02565938950755
3.4 2169.310545131249 143.11564981655553
3.5 2164.182019728433 141.26730052082928
3.6 2163.666001454404 140.29489905454847
3.7 2162.374963570613 141.0528453143325
3.8000000000000003 2155.7529730088563 137.79414614530057
3.9000000000000004 2159.348969948581 137.59215292928263
4.0 2154.380000889896 136.2803821560049
4.1 2146.868801148426 132.70788260019256
4.199999999999999 2145.007169701407 132.940641836507
4.299999999999999 2147.2954332443096 133.90741332647573
4.399999999999999 2144.9097208447306 127.89811428533824
4.499999999999998 2143.4487005590677 129.87488625993618
4.599999999999998 2146.488745768959 123.17293332012193
4.6999999999999975 2139.407364078321 124.96324266577378
4.799999999999997 2138.543267072672 127.74498590058458
4.899999999999997 2135.7833743227616 122.1609773419926
4.9999999999999964 2137.162681286989 122.77843010060505
5.099999999999996 2132.499256961166 119.18394220299251
5.199999999999996 2129.991723690832 114.90797207090918
5.299999999999995 2126.44792055389 120.53333357613121
5.399999999999995 2124.1555287692836 119.95166726491469
5.499999999999995 2122.544993429937 122.48733754595912
5.599999999999994 2120.8872747279247 118.72226252533024
5.699999999999994 2124.464649750214 111.25555173995913
5.799999999999994 2116.8071806959656 113.90985781546286
5.899999999999993 2113.5979589772446 111.5614326636607
5.999999999999993 2113.78419092224 116.62931770299753
6.0999999999999925 2118.7021262967155 113.34303996060508
6.199999999999992 2108.397707756341 110.05138463023263
6.299999999999992 2115.891271913933 113.92418086274655
6.3999999999999915 2106.0283805351405 108.39588574889835
6.499999999999991 2108.575832594641 110.56879967168895
6.599999999999991 2108.8546294088337 107.74751272850222
6.69999999999999 2107.3259446366787 109.73826074851944
6.79999999999999 2109.6502817290548 110.08707459234796
6.89999999999999 2108.5931631367876 106.47839013823308
6.999999999999989 2103.175878765426 109.5028551797082
7.099999999999989 2100.432967682742 108.33048107507842
7.199999999999989 2101.836081880585 110.07542166770052
7.299999999999988 2100.25859496424 109.430289305726
7.399999999999988 2105.2224101293873 104.13785706512498
7.499999999999988 2101.687419935628 104.48975548198824
7.599999999999987 2101.2156733328206 103.41281209429351
7.699999999999987 2095.1786285547632 106.47083756773945
7.7999999999999865 2090.198710322214 101.82095487855196
7.899999999999986 2095.682142652703 104.68835823600503
7.999999999999986 2093.7578126562944 102.42664713183335
