# Rounds: 500, repetitions: 10000
# Good arm ~ N(5.0,3.0), 10 bad arm(s) ~ N(4.5,3.0)
# Observation noise range from 0.5 to 8.0 with step size 0.1

# Observation noise | mean | standard deviation

0.5 2323.0436193367223 112.97907353701578
0.6 2322.788066585019 112.55944357898971
0.7 2324.73123410171 111.31560105512393
0.7999999999999999 2325.8231952936094 109.04322417437058
0.8999999999999999 2326.5716562749926 107.13031680974592
0.9999999999999999 2327.5483945899155 105.16330814559775
1.0999999999999999 2324.381943088469 103.92981908013736
1.1999999999999997 2324.71279013502 101.81864997360964
1.2999999999999996 2324.5016931809478 99.6083653950818
1.3999999999999995 2322.8226799647264 97.29155956269624
1.4999999999999993 2321.989230038563 95.86429354913014
1.5999999999999992 2320.4730681010906 94.00625848453265
1.699999999999999 2320.5913371648962 90.77093408060557
1.799999999999999 2318.0621874978633 91.08901681777361
1.8999999999999988 2317.497230964179 89.26111118333706
1.9999999999999987 2314.9822922456406 88.06575470318283
2.0999999999999988 2314.3536754204324 85.84865796241581
2.199999999999999 2312.037168175136 84.99245116568399
2.299999999999999 2313.282341753945 83.79691402752385
2.399999999999999 2311.8581776074634 82.16529272469809
2.499999999999999 2309.6015122257563 81.67024378338033
2.599999999999999 2308.5144268432423 81.04172062347085
2.6999999999999993 2309.917624574257 81.30192020090134
2.7999999999999994 2306.759618557122 79.79390302913426
2.8999999999999995 2306.2708286518027 78.74130637673106
2.9999999999999996 2304.980506033521 79.5334442516367
3.0999999999999996 2302.116686785016 77.31931248056813
3.1999999999999997 2303.6981053067825 78.15510628811607
3.3 2302.4584363889912 76.6532225965925
3.4 2301.9971327381913 76.89724149116714
3.5 2299.826667549527 76.0675665055309
3.6 2300.5943908780887 75.67700964216615
3.7 2300.547586509739 74.6796537199177
3.8000000000000003 2299.9315277860483 74.30372252645839
3.9000000000000004 2297.02051189311 74.25573215261814
4.0 2298.6999160786722 73.35883501254521
4.1 2298.0486937754927 74.71841568445107
4.199999999999999 2297.3630792640924 72.92218251067754
4.299999999999999 2295.5949165957527 73.47429327641633
4.399999999999999 2295.313121115182 71.82782968428293
4.499999999999998 2295.3994208672493 72.50461330024093
4.599999999999998 2294.667489994179 72.45118377445928
4.6999999999999975 2294.6572777933075 73.0960202126595
4.799999999999997 2293.344869604745 71.99603994728552
4.899999999999997 2294.7863852404985 71.94232155746793
4.9999999999999964 2293.3517877420086 72.22429795147977
5.099999999999996 2292.4675378489933 71.35632547870486
5.199999999999996 2291.8348427379597 71.4084081639748
5.299999999999995 2292.1695840161683 71.06516784090466
5.399999999999995 2291.6717122818745 71.42468414050605
5.499999999999995 2292.04469777519 70.40666286828915
5.599999999999994 2290.2514753608984 70.46957335180333
5.699999999999994 2290.281617992629 70.68215118286744
5.799999999999994 2290.4777755164055 70.13011819692832
5.899999999999993 2289.599244870543 69.97586038718055
5.999999999999993 2288.3987011328877 70.74368854990486
6.0999999999999925 2289.957900005987 70.51071450054182
6.199999999999992 2290.102524258418 69.66942662875203
6.299999999999992 2289.154852443385 70.23240580519328
6.3999999999999915 2289.2754245679425 69.90412467469308
6.499999999999991 2287.671062398708 70.23093051225356
6.599999999999991 2289.978378385413 69.32466958714289
6.69999999999999 2288.1133205117044 69.7760256042048
6.79999999999999 2288.3207757133505 68.86556870995787
6.89999999999999 2287.5455949928555 69.71840400872237
6.999999999999989 2285.36634806114 69.4969385865236
7.099999999999989 2285.1382498554576 69.16266875911924
7.199999999999989 2287.224817730029 69.40406331378534
7.299999999999988 2286.313291527229 68.83560584437025
7.399999999999988 2284.3772939497976 69.13419447258781
7.499999999999988 2286.851152996695 68.96828864572888
7.599999999999987 2286.0052212948985 68.27286214689023
7.699999999999987 2284.62108267904 68.61676877362258
7.7999999999999865 2285.547075079356 69.23700248144493
7.899999999999986 2285.0208178928096 69.70222210515436
7.999999999999986 2285.423469982231 69.29899711661541
