# Rounds: 100, repetitions: 1000
# Good arm ~ N(5.0,3.0), 1 bad arm(s) ~ N(0.6,3.0)
# Observation noise range from 0.5 to 4.0 with step size 0.1

# Observation noise | mean | standard deviation

0.5 483.1016655714209 74.01659117000628
0.6 487.0207783316232 62.88730634671812
0.7 488.1875509481948 59.433632255922355
0.7999999999999999 488.6719019291043 55.69867456878441
0.8999999999999999 488.9323773564834 53.50537511574333
0.9999999999999999 490.9243482660342 48.14049842984261
1.0999999999999999 492.10386615962597 43.57076996919951
1.1999999999999997 490.8029579480845 48.36009070506175
1.2999999999999996 492.847732247487 41.13892624291162
1.3999999999999995 491.5571134935053 34.96883715259839
1.4999999999999993 493.3804180494491 33.349774930679175
1.5999999999999992 494.1011283050894 34.5887799341823
1.699999999999999 491.1955128483144 36.03790507173612
1.799999999999999 490.88248399597234 33.351274607485955
1.8999999999999988 490.11981431320044 34.38820651605526
1.9999999999999987 489.93554966926143 33.429874125804616
2.0999999999999988 490.7900994396709 32.51239630548679
2.199999999999999 490.0528267250621 32.69545233908979
2.299999999999999 489.4756914823782 32.70427994451171
2.399999999999999 488.7447363841748 31.425649799646582
2.499999999999999 487.92498346950117 33.03337361866607
2.599999999999999 488.2302398637701 34.27713826855636
2.6999999999999993 486.2443481047777 33.6098526410253
2.7999999999999994 485.5662857233535 33.73031202316278
2.8999999999999995 485.5809125430275 33.10648409654337
2.9999999999999996 484.61270888886673 33.442195741982175
3.0999999999999996 482.99472927405117 33.87382902577057
3.1999999999999997 482.457739253857 33.62166348982251
3.3 478.1494357749895 35.039247000520355
3.4 480.552955647734 33.83483617272551
3.5 478.73201767182866 33.50837722225974
3.6 477.442898645787 33.19551075326933
3.7 477.0178867553511 33.79046483928858
3.8000000000000003 476.1501139594115 34.82799833751932
3.9000000000000004 474.43405886861706 33.89329258658562
4.0 473.2293052481627 34.64008129293844
