# Rounds: 100, repetitions: 1000
# Good arm ~ N(5.0,4.0), 1 bad arm(s) ~ N(3.9,4.0)
# Observation noise range from 0.5 to 4.0 with step size 0.1

# Observation noise | mean | standard deviation

0.5 465.591414981538 62.94781150755874
0.6 463.78019375586985 62.30714434661922
0.7 463.5117221300063 60.66962486324479
0.7999999999999999 465.7255358146059 61.15754737957867
0.8999999999999999 464.161120456315 61.09461425728424
0.9999999999999999 462.2089705294202 61.661604706854675
1.0999999999999999 461.84996482743645 61.0323005331153
1.1999999999999997 466.0406054435706 57.98947260734148
1.2999999999999996 466.2894738853521 58.946452712131105
1.3999999999999995 465.08423098272345 59.12352457543919
1.4999999999999993 467.0035629414567 59.34835402430116
1.5999999999999992 462.31928716721296 59.39771824783133
1.699999999999999 465.0831147008041 59.051260514881605
1.799999999999999 463.14873167419296 58.54423626577902
1.8999999999999988 461.14981242419253 56.481280435260715
1.9999999999999987 461.9261571228646 56.71474604851647
2.0999999999999988 465.29640435759507 56.509910293825754
2.199999999999999 464.63438434750185 55.58440979009465
2.299999999999999 465.67406166679643 57.88700814848111
2.399999999999999 465.95672961243935 54.142883327082394
2.499999999999999 462.91187323743605 53.467638178304014
2.599999999999999 463.7423978594998 55.53861399306176
2.6999999999999993 464.9055481711681 55.24609245793655
2.7999999999999994 461.60099356673544 52.51796694381729
2.8999999999999995 461.8970574003743 52.35301906467477
2.9999999999999996 465.08106684090063 53.991260588298985
3.0999999999999996 461.83242825662734 51.64567395119331
3.1999999999999997 459.35113009440283 52.18901214817939
3.3 458.69558727964454 52.588580852697845
3.4 463.1581464167324 51.479561285702765
3.5 460.43869590996803 52.53474220807
3.6 460.3225742703005 50.732804780482155
3.7 458.8029693093514 49.31848869628166
3.8000000000000003 459.5532748186336 50.65649457026837
3.9000000000000004 459.1912207862687 50.704577551961044
4.0 459.92302709119485 50.30883186178437
