# Rounds: 100, repetitions: 1000
# Good arm ~ N(5.0,1.0), 1 bad arm(s) ~ N(0.5,1.0)
# Observation noise range from 0.5 to 4.0 with step size 0.1

# Observation noise | mean | standard deviation

0.5 498.88054839176874 10.995151415775089
0.6 499.18995210831923 10.871173154239363
0.7 498.8516057665187 10.503740974616116
0.7999999999999999 499.3665146168954 10.181545474589276
0.8999999999999999 498.92454515598115 10.190962714977159
0.9999999999999999 498.183109588897 10.492158995874737
1.0999999999999999 498.96319211135796 10.619014224282871
1.1999999999999997 498.15051975458374 10.88611866890102
1.2999999999999996 497.59773492812667 10.489792846730504
1.3999999999999995 497.1920560363432 10.84277070834611
1.4999999999999993 497.2129923716042 11.452443595305503
1.5999999999999992 497.0085651798415 11.029835250847642
1.699999999999999 496.1555680452842 10.971219169902502
1.799999999999999 495.6220578163004 10.847321438575207
1.8999999999999988 494.18574305029426 11.137188867382886
1.9999999999999987 494.40676886177357 11.190175702356004
2.0999999999999988 493.534622636598 11.351910692599878
2.199999999999999 493.2427924996601 11.28173625011904
2.299999999999999 492.49843799340533 11.370251475024292
2.399999999999999 492.235904306825 11.480748372946154
2.499999999999999 490.58370497933214 11.035681507247373
2.599999999999999 490.2756890969709 11.630193451084587
2.6999999999999993 488.98815163860405 11.58534286668421
2.7999999999999994 488.5558283188661 10.967952146460794
2.8999999999999995 487.7271644013006 11.562128175231326
2.9999999999999996 486.94048256174597 11.822669852686458
3.0999999999999996 485.9785582932985 12.160887621771586
3.1999999999999997 485.08329874999305 11.52160413767529
3.3 484.399067692225 11.928289754651125
3.4 483.7125037242389 12.335735586318693
3.5 481.81579600998043 12.418054140841678
3.6 481.32934464614544 12.51404387902081
3.7 480.43987376798435 12.728187751471925
3.8000000000000003 478.6002347066884 13.119484689584725
3.9000000000000004 477.6928677541159 12.766075512752412
4.0 477.0452110517096 13.131481846004114
