# Rounds: 100, repetitions: 1000
# Good arm ~ N(5.0,3.0), 1 bad arm(s) ~ N(4.1,3.0)
# Observation noise range from 0.5 to 4.0 with step size 0.1

# Observation noise | mean | standard deviation

0.5 472.548090700792 48.913744193133454
0.6 474.7600279305017 48.545299745316555
0.7 471.50666410721436 48.29157984368231
0.7999999999999999 473.78523418802456 47.85187240152643
0.8999999999999999 471.9912073841669 47.87651008299446
0.9999999999999999 472.1665461481532 46.09465166630821
1.0999999999999999 474.2915885465869 46.25570631465201
1.1999999999999997 474.2040903793377 44.49841943430562
1.2999999999999996 470.4217248443689 47.18968742449348
1.3999999999999995 470.54024290137613 45.353163538248126
1.4999999999999993 472.05868472995104 44.50446905555347
1.5999999999999992 473.00250015307876 43.85187046425931
1.699999999999999 474.25522455378666 43.67310254100126
1.799999999999999 472.43441590092834 43.256687178451216
1.8999999999999988 474.87420711817543 43.34548205255022
1.9999999999999987 470.81909293445057 41.85909723221551
2.0999999999999988 471.1166096804764 41.74847837384212
2.199999999999999 471.46158993745183 42.215453654762605
2.299999999999999 472.0169231082247 40.456123003259194
2.399999999999999 471.0979519329507 41.664205361101935
2.499999999999999 470.7719211398422 41.15567854814815
2.599999999999999 470.85337015797444 40.04313000253702
2.6999999999999993 469.81618158634484 40.66694361724132
2.7999999999999994 468.4742282691155 38.94685824501897
2.8999999999999995 469.5059668693954 38.29719445618558
2.9999999999999996 469.0904612808348 40.11812187244283
3.0999999999999996 468.0684978347321 38.538252347587125
3.1999999999999997 466.87087042565184 39.128420709510635
3.3 468.60777740927824 38.05299859818418
3.4 467.4554310259367 38.3516426687433
3.5 467.03605221208375 37.41184585804506
3.6 464.6782399247359 38.467747304227046
3.7 464.2747375717795 37.04146070193153
3.8000000000000003 466.2457975329751 37.96018868782918
3.9000000000000004 465.9911751848545 37.932106920646824
4.0 465.1319886049586 37.84136683821294
