# Rounds: 100, repetitions: 1000
# Good arm ~ N(5.0,5.0), 1 bad arm(s) ~ N(3.4,5.0)
# Observation noise range from 0.5 to 4.0 with step size 0.1

# Observation noise | mean | standard deviation

0.5 451.08367435081885 82.83800025064419
0.6 448.3568072303211 84.79668614808004
0.7 446.99629999803807 83.81729794264967
0.7999999999999999 451.0833562604065 83.98282661755722
0.8999999999999999 450.0827161209435 84.20756089220703
0.9999999999999999 455.2251704549682 81.41771596590968
1.0999999999999999 449.9698319975178 81.7871017529942
1.1999999999999997 453.02323468386646 79.27767724428347
1.2999999999999996 457.14077002268624 81.68849980384252
1.3999999999999995 459.0804845820167 80.85984416395841
1.4999999999999993 448.44488961550525 82.31453053940105
1.5999999999999992 454.4106798541704 78.18703379801089
1.699999999999999 448.9737721154857 78.41200211360788
1.799999999999999 453.84812492140395 76.36453168582119
1.8999999999999988 453.4775680282982 77.78710895254183
1.9999999999999987 452.03441245131955 75.75875707675702
2.0999999999999988 447.6994134116121 78.62374810632744
2.199999999999999 450.9142862004746 76.64600465009086
2.299999999999999 456.31311455777325 77.1277106270384
2.399999999999999 455.4048740651183 75.37196187812006
2.499999999999999 453.6216933831208 72.92042599189752
2.599999999999999 456.573200468586 71.68097131661844
2.6999999999999993 455.07142998012813 70.94663346789666
2.7999999999999994 453.7642007759845 73.84387575043232
2.8999999999999995 452.1999590067871 75.70472899338858
2.9999999999999996 451.74696021044457 74.18339688681989
3.0999999999999996 452.29485995133825 73.2077258895657
3.1999999999999997 451.6091573562072 70.52883157056162
3.3 453.67792103227333 69.11021094171204
3.4 454.7804230498901 69.70883768860959
3.5 452.79227740985834 69.44933330557346
3.6 450.95751179406693 69.55534397073527
3.7 452.9676354394442 67.82023470476717
3.8000000000000003 449.56852016225554 66.7643991002158
3.9000000000000004 448.5593313116556 68.50318256282479
4.0 447.8689198126706 69.22186624975585
