# Rounds: 100, repetitions: 1000
# Good arm ~ N(5.0,5.0), 1 bad arm(s) ~ N(0.0,5.0)
# Observation noise range from 0.5 to 4.0 with step size 0.1

# Observation noise | mean | standard deviation

0.5 460.18368040668054 127.42026067815745
0.6 453.17442353014724 138.4652945277556
0.7 459.3436855458911 130.87188505583012
0.7999999999999999 464.81874674075254 125.62505337096222
0.8999999999999999 458.3019621884756 128.4906603819064
0.9999999999999999 459.19666725990356 126.00886714709978
1.0999999999999999 468.39615500336885 111.9692309776358
1.1999999999999997 469.74168758702814 105.58461512790798
1.2999999999999996 466.39096216742035 104.64775155237206
1.3999999999999995 474.7457087684686 95.74843635295703
1.4999999999999993 475.9201244881007 87.24144440283887
1.5999999999999992 473.31813532898127 92.5099628319798
1.699999999999999 479.4047595211671 78.29775252311214
1.799999999999999 477.2006319679765 80.96767096665467
1.8999999999999988 478.0731401469565 73.3616512175802
1.9999999999999987 474.1868993568952 77.60128784935087
2.0999999999999988 477.4133224970098 71.35357186769585
2.199999999999999 479.3697900700731 69.97218111601494
2.299999999999999 478.83243881154766 61.35382244223219
2.399999999999999 480.5344464686362 61.60258139252201
2.499999999999999 480.92154931875837 62.39549164132527
2.599999999999999 478.24055160996505 59.263706770052906
2.6999999999999993 479.67715644434617 56.25202002461174
2.7999999999999994 482.1793302929597 61.454451871872195
2.8999999999999995 479.76285803995955 57.45427957994082
2.9999999999999996 478.65648179922687 56.82151563242734
3.0999999999999996 475.06079486896533 59.97964052137724
3.1999999999999997 473.6864042854926 63.23947360533583
3.3 473.92469871941995 58.808032079123414
3.4 473.1199436614914 56.18029277786932
3.5 472.92688848639904 62.286488776258516
3.6 473.3278587211468 58.18762109483085
3.7 469.6944423519211 56.93482035845629
3.8000000000000003 469.38607741869936 55.590974322855025
3.9000000000000004 469.87316858416506 60.69594732462683
4.0 468.36870041136143 59.38246684165101
