# Rounds: 100, repetitions: 1000
# Good arm ~ N(5.0,2.0), 1 bad arm(s) ~ N(1.4,2.0)
# Observation noise range from 0.5 to 4.0 with step size 0.1

# Observation noise | mean | standard deviation

0.5 494.0618589724608 40.75766462928915
0.6 494.8019101940308 32.22122122510433
0.7 496.38799142957356 30.73524774639037
0.7999999999999999 495.2082237087583 25.87686576074227
0.8999999999999999 496.35770686421074 27.281668937155995
0.9999999999999999 495.5377330234769 24.734938302669015
1.0999999999999999 495.85790404285035 22.268954244191363
1.1999999999999997 496.5466063840672 22.00141690616365
1.2999999999999996 495.9526593705067 22.85584333025422
1.3999999999999995 495.3475438035878 22.02318508319108
1.4999999999999993 494.4526082641405 21.793871593859976
1.5999999999999992 495.4482264434087 21.125462454231382
1.699999999999999 493.9815319877533 22.06915097503388
1.799999999999999 492.9247265956259 22.08929039931394
1.8999999999999988 493.18181836905825 21.752789805687872
1.9999999999999987 492.4945764433771 21.15005845546895
2.0999999999999988 491.5976583638442 22.37114483295578
2.199999999999999 491.8544330705998 22.362477236367447
2.299999999999999 489.727443481101 20.757810742591438
2.399999999999999 489.52357588568015 21.484052310920664
2.499999999999999 486.9648134775804 22.82267199297951
2.599999999999999 489.1236339842026 22.431040714581034
2.6999999999999993 487.3203393934488 22.51193725461792
2.7999999999999994 485.71266445428347 22.408095773019106
2.8999999999999995 485.27921769379924 22.74843974777196
2.9999999999999996 484.31443584753663 22.492080436674215
3.0999999999999996 483.57707748223623 22.167366777865137
3.1999999999999997 482.1870442885633 22.687101343006898
3.3 481.76281155437357 23.973490812730176
3.4 480.76320902877353 22.47831763009563
3.5 478.68518856341336 22.50876163458591
3.6 479.0093799736711 23.715856531170676
3.7 477.47647579636015 24.31225860119517
3.8000000000000003 476.1187724126532 24.14149286014488
3.9000000000000004 474.47355155548365 23.553431618489274
4.0 473.57243394984556 25.148015185731015
