# Rounds: 100, repetitions: 1000
# Good arm ~ N(5.0,2.0), 1 bad arm(s) ~ N(1.1,2.0)
# Observation noise range from 0.5 to 4.0 with step size 0.1

# Observation noise | mean | standard deviation

0.5 495.10298662642833 37.611017136300326
0.6 496.3581338159318 29.880949679461466
0.7 495.942771403909 27.91738827396591
0.7999999999999999 496.581114451765 21.79482458596271
0.8999999999999999 496.80699589926536 27.709495734436764
0.9999999999999999 498.49732713136444 20.637753257744446
1.0999999999999999 496.34612161347894 20.165002664136704
1.1999999999999997 496.5626404051243 22.071617709088958
1.2999999999999996 495.81016908710626 21.293206315274507
1.3999999999999995 495.5084452574467 21.47512889489577
1.4999999999999993 494.9058888414155 20.728544181885646
1.5999999999999992 494.92952046887785 21.9381682118951
1.699999999999999 493.4490529392944 21.63144946499685
1.799999999999999 494.1468772403056 21.185147688623207
1.8999999999999988 493.439091827476 21.282337510751628
1.9999999999999987 491.4344790579326 22.09604132210038
2.0999999999999988 491.84222309380687 22.365882058049593
2.199999999999999 490.17819428379056 21.87318697978486
2.299999999999999 490.27298387458376 21.8041321170109
2.399999999999999 490.72597694619634 21.475083218211175
2.499999999999999 489.2798224039309 22.587214701631996
2.599999999999999 488.27450158745137 22.08327206562075
2.6999999999999993 485.62711087231355 22.500407516434198
2.7999999999999994 487.1246651049459 22.218491366820878
2.8999999999999995 486.63173382657936 22.146213153779147
2.9999999999999996 484.90851669355493 22.44000531436027
3.0999999999999996 484.4558514740409 21.909290022063228
3.1999999999999997 483.05290012058487 22.66748844655296
3.3 481.12630459002224 23.21072176619921
3.4 479.96989322993625 22.681801017091196
3.5 479.77596225771106 22.301897004104305
3.6 479.1196905633204 23.307738688176673
3.7 476.898806093171 22.490597434562023
3.8000000000000003 476.5349223906488 23.38607938993369
3.9000000000000004 475.1129897556991 23.41709437426809
4.0 474.18070857950187 24.181846531986555
