# Rounds: 100, repetitions: 1000
# Good arm ~ N(5.0,3.0), 1 bad arm(s) ~ N(2.6,3.0)
# Observation noise range from 0.5 to 4.0 with step size 0.1

# Observation noise | mean | standard deviation

0.5 465.2798490118373 82.61963450443561
0.6 477.5920218327486 69.59951262197931
0.7 474.49702806655034 71.37910932417338
0.7999999999999999 472.4471133517712 73.64902455439625
0.8999999999999999 473.6760220160132 67.19119036848186
0.9999999999999999 476.1412230944741 64.53846556004376
1.0999999999999999 479.09732730084096 61.815202747006644
1.1999999999999997 475.38266047115894 63.2660044807854
1.2999999999999996 479.0133671416257 57.68571258776497
1.3999999999999995 479.38926935102495 57.60953617397373
1.4999999999999993 480.1174321389433 55.075293552926446
1.5999999999999992 478.4390836987451 55.698233028354736
1.699999999999999 482.69495667045317 46.16077003536896
1.799999999999999 477.8826495515413 52.44463643300016
1.8999999999999988 482.1410066133144 45.53133430060125
1.9999999999999987 478.90708423863924 49.76857357119682
2.0999999999999988 481.2152041773459 45.393531673844706
2.199999999999999 479.46414716054204 45.386089180939486
2.299999999999999 482.5304537077532 42.187440898850966
2.399999999999999 478.0913145912189 44.266067425896
2.499999999999999 479.82750635893785 41.652070483913
2.599999999999999 480.4364059819165 41.13726200240349
2.6999999999999993 478.00887459786617 40.478760475130265
2.7999999999999994 477.57116338388545 41.24792141346826
2.8999999999999995 478.8086691766733 39.87782831220479
2.9999999999999996 474.6582621470155 39.36680583207166
3.0999999999999996 474.3253668683027 40.39445354480198
3.1999999999999997 473.10220929116286 43.31618424380428
3.3 472.43557516390416 41.26667350617661
3.4 470.9041980442317 40.36660710435285
3.5 470.77865119604326 41.23883940765477
3.6 470.5249562470346 40.882356678715766
3.7 467.3185060048513 40.268335246520735
3.8000000000000003 468.422085058555 39.86890984278121
3.9000000000000004 466.79290185760476 39.74616943444998
4.0 467.1651458560861 38.865336116305976
