# Rounds: 100, repetitions: 1000
# Good arm ~ N(5.0,3.0), 1 bad arm(s) ~ N(2.1,3.0)
# Observation noise range from 0.5 to 4.0 with step size 0.1

# Observation noise | mean | standard deviation

0.5 471.4037150598985 83.97664237034886
0.6 470.3766094969584 85.36052938806758
0.7 474.24319054396034 77.62845495694249
0.7999999999999999 476.3710678117844 73.58111458796186
0.8999999999999999 478.944654582724 68.40665584767751
0.9999999999999999 479.38059102206654 65.41605843317534
1.0999999999999999 481.61441967180315 59.739774677712504
1.1999999999999997 484.0372205833387 55.70381197593949
1.2999999999999996 481.00147109015626 57.81879955293152
1.3999999999999995 482.1666787756335 55.70436730171472
1.4999999999999993 483.5796738234632 48.69130130546611
1.5999999999999992 483.30146223327444 49.427719731299575
1.699999999999999 487.3636099230644 42.50913173473274
1.799999999999999 487.49900530458774 41.26469188824253
1.8999999999999988 484.62221358017905 45.92310734619953
1.9999999999999987 488.31555215876335 39.423939378169685
2.0999999999999988 485.6390079303861 40.803468313650924
2.199999999999999 484.44438200181526 41.26346858969366
2.299999999999999 481.8202207185879 39.24998672802166
2.399999999999999 483.4335440056834 37.22222933658392
2.499999999999999 484.8933856651933 37.06647706930076
2.599999999999999 482.4791400303163 37.357220378814
2.6999999999999993 479.7912415026299 36.14185267411933
2.7999999999999994 480.7759573745969 37.009790775658345
2.8999999999999995 480.60308101751076 36.589623527169806
2.9999999999999996 477.47148149121745 36.116876099072336
3.0999999999999996 475.47163942179225 37.491725459098134
3.1999999999999997 476.0023059981922 37.514715185309086
3.3 473.207999674756 38.13750248507329
3.4 475.2938966460843 36.62396544112896
3.5 472.4332534593288 37.67642223430846
3.6 472.2804063803877 37.22240470018345
3.7 471.4712171685386 37.57986171084072
3.8000000000000003 469.41264318163115 37.85766614198255
3.9000000000000004 468.62280725491985 36.417497504954945
4.0 466.0992999291486 37.729234450417
