# Rounds: 100, repetitions: 1000
# Good arm ~ N(5.0,5.0), 1 bad arm(s) ~ N(1.4,5.0)
# Observation noise range from 0.5 to 4.0 with step size 0.1

# Observation noise | mean | standard deviation

0.5 448.66857431044195 128.01156534251987
0.6 442.46006903701885 130.6319675527914
0.7 441.29714677652805 132.60624219223078
0.7999999999999999 449.1500683671158 122.78106454080446
0.8999999999999999 447.5066814045119 127.17178106428611
0.9999999999999999 457.5434556771592 111.0607842988843
1.0999999999999999 451.72220482183326 122.80797206044134
1.1999999999999997 451.0339715000127 113.18801021058803
1.2999999999999996 454.5606499203247 108.22681066066494
1.3999999999999995 455.17020043569937 110.9563160006786
1.4999999999999993 456.1360588394845 107.15022437305281
1.5999999999999992 465.90926200426026 102.72399757805306
1.699999999999999 463.8070544348104 97.30295945394242
1.799999999999999 463.88093956324377 92.10703949740427
1.8999999999999988 467.53326610830544 86.15510094069671
1.9999999999999987 467.6353287939817 91.35389991252411
2.0999999999999988 461.95609791711496 88.53006772351917
2.199999999999999 472.7199170365312 78.39565656367238
2.299999999999999 465.3394012533192 84.0555628841291
2.399999999999999 469.4815683261771 77.37365726791295
2.499999999999999 468.61991746487 76.40333700332341
2.599999999999999 472.72596475897376 75.29320466739031
2.6999999999999993 467.2706279530857 71.85417675940113
2.7999999999999994 470.44798304538415 69.260435833765
2.8999999999999995 468.13214702287826 72.10107661701728
2.9999999999999996 470.3475273187128 67.56659997120103
3.0999999999999996 464.25339502493534 74.78314931951387
3.1999999999999997 468.0093353191094 66.35682885781661
3.3 465.7900606412113 67.57710619644605
3.4 463.71501556107347 70.7218793134392
3.5 465.6908426096051 67.27759776975478
3.6 464.35492647446074 66.81592438118712
3.7 466.12543622960806 64.84947467769096
3.8000000000000003 463.4041187018779 67.70583587343401
3.9000000000000004 460.5117020399072 67.63293931270289
4.0 459.7402117407237 66.65561212395325
