# Rounds: 100, repetitions: 1000
# Good arm ~ N(5.0,1.0), 1 bad arm(s) ~ N(3.6,1.0)
# Observation noise range from 0.5 to 4.0 with step size 0.1

# Observation noise | mean | standard deviation

0.5 496.33722475348395 17.271550431328073
0.6 497.1357550220825 17.098320768647632
0.7 497.4693347066681 13.136328827917605
0.7999999999999999 497.3039408084926 13.203816559640586
0.8999999999999999 496.9019864496691 13.107383199391943
0.9999999999999999 495.81013432670443 12.301313277469413
1.0999999999999999 494.1886947239095 13.234194780463737
1.1999999999999997 494.9345498782389 11.998412096647945
1.2999999999999996 494.2379204859132 13.47883515361865
1.3999999999999995 493.8465454519501 12.881301749996114
1.4999999999999993 492.6364252717354 12.574334996740614
1.5999999999999992 491.3003389514074 13.31710722604168
1.699999999999999 491.0278485304626 13.043542744703196
1.799999999999999 490.36887649900336 12.912237536069224
1.8999999999999988 488.6339818579888 13.375693945091063
1.9999999999999987 488.29538092685885 13.888212729289837
2.0999999999999988 487.3217315950258 14.093211942595763
2.199999999999999 486.1430263003797 13.675221313884226
2.299999999999999 485.6969204146156 13.299025373282587
2.399999999999999 483.5311759805295 14.205604603230098
2.499999999999999 483.84544717292874 13.637700236623482
2.599999999999999 481.86240713439 14.895486356318134
2.6999999999999993 480.83282743057583 15.512263945779809
2.7999999999999994 480.2553650018792 15.670564915303936
2.8999999999999995 478.7705837368789 14.551263609712196
2.9999999999999996 477.55700594837214 15.259587270639726
3.0999999999999996 476.36752972827264 14.776664071161463
3.1999999999999997 475.75073163667633 15.403052543245842
3.3 474.47947141313824 15.566504413831579
3.4 473.356981495308 15.910562533185118
3.5 472.16447620574695 16.394876807306705
3.6 471.310404834797 15.854732092322504
3.7 469.9048183476999 15.883859720595312
3.8000000000000003 469.09271637442606 16.4672365237956
3.9000000000000004 467.1802902699314 16.795166719345353
4.0 466.7123671229789 16.29342504145835
