# Rounds: 10000, repetitions: 1000
# Good arm ~ N(5.0,3.0), 4 bad arm(s) ~ N(1.4,3.0)
# Observation noise range from 0.5 to 4.0 with step size 0.1

# Observation noise | mean | standard deviation

0.5 48712.942031273255 6373.096447581318
0.6 48919.852741269846 5981.7568066827625
0.7 49344.50314965857 4495.444412830887
0.7999999999999999 49394.78446065312 4224.733965391731
0.8999999999999999 49597.73751142122 3307.916705794228
0.9999999999999999 49597.215682689115 3298.7443092240173
1.0999999999999999 49768.6357864769 2330.9813834944084
1.1999999999999997 49853.38757217459 1879.8371741706128
1.2999999999999996 49885.97151544989 1318.5873770299527
1.3999999999999995 49947.34013940456 348.9789966651849
1.4999999999999993 49942.22871463001 364.28169318682944
1.5999999999999992 49946.32313453546 368.77236776314396
1.699999999999999 49938.56745709578 292.84313719742534
1.799999999999999 49934.64911662416 312.31259970027924
1.8999999999999988 49950.485764933735 307.3437438073999
1.9999999999999987 49926.59200466426 300.26029538139204
2.0999999999999988 49928.27283447691 293.45514333419567
2.199999999999999 49920.53798501062 301.9889125382473
2.299999999999999 49932.590981444664 293.0015213012438
2.399999999999999 49910.8046826237 297.3838778225894
2.499999999999999 49896.4442558285 305.0087060245232
2.599999999999999 49907.872570659405 300.7953912839102
2.6999999999999993 49901.228531209155 309.41611246965215
2.7999999999999994 49897.12487842917 286.4538282931706
2.8999999999999995 49888.13691452361 301.3173910302391
2.9999999999999996 49883.39983206881 308.0901292599375
3.0999999999999996 49877.15780543458 294.55883335100947
3.1999999999999997 49866.718952474635 306.23645517442293
3.3 49861.76063006698 305.0449353734317
3.4 49835.8786479163 299.50365865909293
3.5 49830.27318624484 294.52319577411055
3.6 49836.09496438412 306.5485810472345
3.7 49843.55975152291 305.2295068477672
3.8000000000000003 49828.52986447246 301.08533948748914
3.9000000000000004 49795.447771355284 306.10655787291876
4.0 49817.036763351905 299.4740922476531
