# Rounds: 10000, repetitions: 1000
# Good arm ~ N(5.0,3.0), 4 bad arm(s) ~ N(3.6,3.0)
# Observation noise range from 0.5 to 4.0 with step size 0.1

# Observation noise | mean | standard deviation

0.5 46761.63136247408 5760.759573029839
0.6 47053.68450898587 5521.605490392933
0.7 47317.83458302722 5306.428936936019
0.7999999999999999 48001.55007085843 4593.71004201388
0.8999999999999999 48210.275256578636 4366.409935989241
0.9999999999999999 48393.69830866249 4136.688207194412
1.0999999999999999 48741.64353148561 3619.8760898000387
1.1999999999999997 48769.26822472568 3578.581822607119
1.2999999999999996 49140.64688305344 2958.886907056204
1.3999999999999995 49389.87914378908 2295.047919819233
1.4999999999999993 49614.22458196384 1658.1860287884851
1.5999999999999992 49626.65671090788 1630.6015424681984
1.699999999999999 49663.81629910375 1489.2225960438861
1.799999999999999 49555.913601500586 1799.150602423722
1.8999999999999988 49684.614496880145 1266.8195660185784
1.9999999999999987 49779.27793446134 792.1529821314579
2.0999999999999988 49779.612748379135 859.375739618122
2.199999999999999 49799.62328303633 566.6724766958367
2.299999999999999 49755.54002664419 822.9975637650388
2.399999999999999 49798.20697763902 743.5605464537939
2.499999999999999 49805.98039425298 322.72061992889064
2.599999999999999 49795.267428536514 332.18214166274987
2.6999999999999993 49783.41168277131 321.1488912505435
2.7999999999999994 49776.08765845177 318.3792199710713
2.8999999999999995 49764.622735315956 330.44062787250857
2.9999999999999996 49752.027703821506 326.6163251067421
3.0999999999999996 49737.94235395321 332.4826051903648
3.1999999999999997 49736.06383690312 339.72500172408684
3.3 49715.53018494394 313.6180621240855
3.4 49718.742471687896 305.42978349155436
3.5 49700.43314522773 304.94595099501106
3.6 49667.59960878504 325.7900887358919
3.7 49692.58639890994 317.06793332246247
3.8000000000000003 49665.82819165459 327.9632443154074
3.9000000000000004 49657.233189720755 305.9628203030816
4.0 49641.11529739241 312.44859130213683
