# Rounds: 10000, repetitions: 1000
# Good arm ~ N(5.0,5.0), 4 bad arm(s) ~ N(2.6,5.0)
# Observation noise range from 0.5 to 4.0 with step size 0.1

# Observation noise | mean | standard deviation

0.5 42775.720233081774 10870.54143530357
0.6 42830.793448987635 10865.222256708455
0.7 43283.92117134793 10527.432116193446
0.7999999999999999 43994.05747086624 10171.038711460522
0.8999999999999999 44775.965838019605 9586.454587441647
0.9999999999999999 45948.10632544436 8657.015118853253
1.0999999999999999 45780.99398323115 8717.935707921033
1.1999999999999997 46203.72842977388 8365.938823176599
1.2999999999999996 47091.48052861732 7260.79900598897
1.3999999999999995 47545.49789886503 6759.0473781693345
1.4999999999999993 47061.97764794605 7381.197726249103
1.5999999999999992 47405.82946991607 6849.719631608959
1.699999999999999 48250.67391323302 5533.2411875093
1.799999999999999 48534.61246292101 5109.617252762962
1.8999999999999988 48638.68037989429 4749.258301271123
1.9999999999999987 48909.19201690867 4310.503773665523
2.0999999999999988 49233.07473057119 3228.0602701847497
2.199999999999999 49271.295653630754 3107.989975850377
2.299999999999999 49254.9849893843 3473.543471389431
2.399999999999999 49538.74884846351 2356.7603124650914
2.499999999999999 49469.573314310815 2569.93697147837
2.599999999999999 49594.54054599846 1813.7837402779273
2.6999999999999993 49525.60751950191 2246.4164901832924
2.7999999999999994 49642.24135358523 1715.009589000976
2.8999999999999995 49717.48597400514 1252.427642053403
2.9999999999999996 49690.92676705058 1476.7193256204662
3.0999999999999996 49743.046669085794 679.5503787965042
3.1999999999999997 49707.87375856079 1161.6531960000584
3.3 49711.82349644456 911.6454954527911
3.4 49766.22631894264 538.8211141039214
3.5 49738.86008101936 582.7283296405268
3.6 49731.03750783716 561.4608213951732
3.7 49721.92139643337 603.5473060440771
3.8000000000000003 49742.79847519046 591.770768181594
3.9000000000000004 49730.06299720286 553.2967946276797
4.0 49719.505693130064 540.5407315364306
