# Rounds: 10000, repetitions: 1000
# Good arm ~ N(5.0,4.0), 4 bad arm(s) ~ N(4.7,4.0)
# Observation noise range from 0.5 to 4.0 with step size 0.1

# Observation noise | mean | standard deviation

0.5 48040.120425916924 1447.4748631752625
0.6 48070.885778072516 1452.9911761933226
0.7 48123.81435317259 1464.2131840750194
0.7999999999999999 48182.589775063854 1473.6764313092126
0.8999999999999999 48215.25468764949 1495.774542676764
0.9999999999999999 48236.15071094203 1446.9517219409913
1.0999999999999999 48370.147447453426 1450.250251570705
1.1999999999999997 48438.96917383758 1458.5298599723694
1.2999999999999996 48505.70424821854 1446.1316600161488
1.3999999999999995 48595.98658086881 1387.7065729172998
1.4999999999999993 48602.83307921631 1371.196633769032
1.5999999999999992 48749.073743021305 1341.8122446114696
1.699999999999999 48753.07603632472 1321.9524560808065
1.799999999999999 48783.66244108411 1295.6728068315774
1.8999999999999988 48806.925883418175 1267.9774811113512
1.9999999999999987 48946.50844650656 1205.8662119016421
2.0999999999999988 48925.89392851104 1171.4324929497386
2.199999999999999 48969.31867194246 1162.8176693010585
2.299999999999999 49031.27375807123 1046.7659603488505
2.399999999999999 48903.88354410987 1105.4527634100743
2.499999999999999 48998.085817593164 1064.9302431168505
2.599999999999999 49031.55827813028 991.8273148152001
2.6999999999999993 49079.64995816759 944.9110203736524
2.7999999999999994 49085.925609780505 920.3117422487163
2.8999999999999995 49095.75909193842 899.5528286087898
2.9999999999999996 49033.03741037224 942.3212975091279
3.0999999999999996 49080.91967262136 851.8941011025059
3.1999999999999997 49034.39496791639 833.7413927672835
3.3 49064.89169509218 853.0366630121557
3.4 49030.080396569014 799.3046212374046
3.5 49030.66719417107 808.7407939122922
3.6 49063.689599749196 745.8287083345732
3.7 49015.24778407326 780.4424499406013
3.8000000000000003 49028.401300463185 774.876676622974
3.9000000000000004 48980.34777484874 720.3136424321953
4.0 48994.53282826299 735.1059877388998
