# Rounds: 10000, repetitions: 1000
# Good arm ~ N(5.0,3.0), 4 bad arm(s) ~ N(0.0,3.0)
# Observation noise range from 0.5 to 4.0 with step size 0.1

# Observation noise | mean | standard deviation

0.5 49526.68581346163 4515.623037656688
0.6 49534.643254783165 4469.334158349093
0.7 49661.602174258296 3883.3805024157587
0.7999999999999999 49867.19173994071 1847.4229283044729
0.8999999999999999 49925.1456232142 735.5782356519338
0.9999999999999999 49802.471818115126 2763.671359954846
1.0999999999999999 49960.19043852846 315.05157534775435
1.1999999999999997 49943.2710603461 432.7978978352409
1.2999999999999996 49962.32704686695 296.9079869955565
1.3999999999999995 49958.70884436726 295.9319006521497
1.4999999999999993 49963.22158553472 308.44468059421683
1.5999999999999992 49959.44666273094 294.2082066779626
1.699999999999999 49943.215016485876 293.16279337291184
1.799999999999999 49938.26326247476 307.44073112934245
1.8999999999999988 49949.41456644951 302.5672060278381
1.9999999999999987 49945.80761338161 299.12026013348634
2.0999999999999988 49938.30610749884 312.5078944216556
2.199999999999999 49935.958051299145 311.5375236220962
2.299999999999999 49948.59476498901 303.34261906793154
2.399999999999999 49931.48173563451 305.90706561323674
2.499999999999999 49933.918006495165 305.91489908963496
2.599999999999999 49905.82050849476 302.604768497166
2.6999999999999993 49919.41253350567 304.9639416461998
2.7999999999999994 49902.63073575642 288.45882709678494
2.8999999999999995 49901.58348742739 301.46476843410153
2.9999999999999996 49909.76131055398 300.502018491627
3.0999999999999996 49903.919454099414 297.88467854546866
3.1999999999999997 49883.91806129284 304.994690642418
3.3 49889.01644479136 305.03184503886416
3.4 49889.89869815489 298.2828043681693
3.5 49862.73789106716 302.4585848362408
3.6 49844.40530266236 295.20710683705136
3.7 49851.659061021564 293.83661092006486
3.8000000000000003 49842.81878922191 301.35308200303905
3.9000000000000004 49840.40351323096 307.3894276938762
4.0 49827.008499988224 294.87025346803995
