# Rounds: 10000, repetitions: 1000
# Good arm ~ N(5.0,1.0), 4 bad arm(s) ~ N(1.7,1.0)
# Observation noise range from 0.5 to 4.0 with step size 0.1

# Observation noise | mean | standard deviation

0.5 49985.84376523546 99.21531116327706
0.6 49984.88270581249 102.78767406098844
0.7 49986.28900839748 98.75954499664024
0.7999999999999999 49988.40248782435 102.29148371714976
0.8999999999999999 49981.14689298405 103.21378998963348
0.9999999999999999 49985.71228645603 100.36794999453609
1.0999999999999999 49974.43268873095 91.77244895084507
1.1999999999999997 49978.49695756961 101.62127802598835
1.2999999999999996 49966.29809717171 101.88940486972444
1.3999999999999995 49967.37325409581 97.18727448141576
1.4999999999999993 49962.28143325064 97.72545180913824
1.5999999999999992 49950.384414386746 100.53483635632179
1.699999999999999 49952.457801859695 101.20509325523888
1.799999999999999 49950.07983483606 99.70013851423616
1.8999999999999988 49947.409836495804 99.13866637001588
1.9999999999999987 49943.21094933545 102.43065115248108
2.0999999999999988 49934.992337554446 101.032637357821
2.199999999999999 49926.71869304062 101.47516037563855
2.299999999999999 49925.29880598629 100.13591669816398
2.399999999999999 49908.01067798178 99.8968660049782
2.499999999999999 49907.31893011456 99.78199892463978
2.599999999999999 49904.722612883204 101.00306167417686
2.6999999999999993 49892.640574544705 97.99019040320199
2.7999999999999994 49890.61344142396 104.15171632615288
2.8999999999999995 49888.436616311075 98.24016674277482
2.9999999999999996 49882.741252431544 98.27003895991118
3.0999999999999996 49865.90290619747 101.37434450889756
3.1999999999999997 49859.23652829558 104.24871001458773
3.3 49861.24945527432 100.1175948799177
3.4 49855.33872740447 103.47372559766441
3.5 49842.42177238813 98.84401928543723
3.6 49835.0822222928 102.63597435769606
3.7 49831.18339950851 101.8700891794369
3.8000000000000003 49817.489188768835 99.40974551915873
3.9000000000000004 49810.258170283 100.43857302809303
4.0 49799.908660562905 100.17341635714132
