# Rounds: 10000, repetitions: 1000
# Good arm ~ N(5.0,4.0), 4 bad arm(s) ~ N(4.0,4.0)
# Observation noise range from 0.5 to 4.0 with step size 0.1

# Observation noise | mean | standard deviation

0.5 45404.66158712997 4929.901601850487
0.6 45687.11099254513 4894.449802501638
0.7 45907.995322714174 4784.791224577766
0.7999999999999999 46428.901492911245 4650.7604790823425
0.8999999999999999 46550.49986630746 4598.936614070351
0.9999999999999999 47123.4679849778 4335.832858212964
1.0999999999999999 47081.770533161434 4309.423874355247
1.1999999999999997 47284.94494553289 4225.169763532443
1.2999999999999996 47779.527954848956 3865.8188690184343
1.3999999999999995 47911.714208984966 3759.4166180692123
1.4999999999999993 48353.529841356285 3273.8331677954616
1.5999999999999992 48603.595510574014 2988.3865756671617
1.699999999999999 48544.63246936044 3108.514280695577
1.799999999999999 48698.05154850166 2816.7552874020625
1.8999999999999988 48923.60065562317 2558.084237974336
1.9999999999999987 48995.24785980745 2492.0235799968746
2.0999999999999988 48991.66987343252 2440.8128656715967
2.199999999999999 49163.10224275635 2100.750686401889
2.299999999999999 49267.6791921128 1877.19302722534
2.399999999999999 49248.20934804116 1860.9230941077908
2.499999999999999 49405.93205859075 1473.9718690173888
2.599999999999999 49328.25522688628 1726.9170394982048
2.6999999999999993 49488.996298486294 1161.3312681744253
2.7999999999999994 49400.11899982803 1413.3359675193892
2.8999999999999995 49517.88640835947 1001.6849686834905
2.9999999999999996 49531.26341966236 914.5777611774214
3.0999999999999996 49532.71476808298 845.105515279689
3.1999999999999997 49576.58346197944 709.3876327536394
3.3 49528.075219148915 782.3422577866498
3.4 49541.85933547771 685.6329574939657
3.5 49547.009621051206 659.1350232130792
3.6 49544.7373149225 627.9646647267159
3.7 49516.717746685215 720.8067860371256
3.8000000000000003 49509.90019978445 600.8275162600314
3.9000000000000004 49497.3524821877 538.3389528122432
4.0 49488.433550778755 594.2507578847117
