# Rounds: 10000, repetitions: 1000
# Good arm ~ N(5.0,1.0), 4 bad arm(s) ~ N(0.5,1.0)
# Observation noise range from 0.5 to 4.0 with step size 0.1

# Observation noise | mean | standard deviation

0.5 49990.188895259234 99.58863451235858
0.6 49981.60291087907 97.00606880024482
0.7 49986.45359468071 100.8656608318307
0.7999999999999999 49983.65296692176 99.30332243922537
0.8999999999999999 49982.78353601167 100.19013026550671
0.9999999999999999 49982.3581047621 101.24966535088481
1.0999999999999999 49976.31268668943 98.3424489767711
1.1999999999999997 49976.08422564097 98.26327218932056
1.2999999999999996 49973.895753773104 96.96425444466449
1.3999999999999995 49966.51310399324 101.08356760796212
1.4999999999999993 49969.10182590656 98.28308895116288
1.5999999999999992 49965.032662057114 99.18931408216238
1.699999999999999 49962.56124864082 101.46769506703652
1.799999999999999 49956.90404147701 99.51144791080529
1.8999999999999988 49953.88099537229 105.61874051907613
1.9999999999999987 49948.32301562509 101.17899113534003
2.0999999999999988 49944.59579104721 100.22482973920724
2.199999999999999 49938.60283705052 99.39729732940971
2.299999999999999 49933.74274084641 99.24981585725602
2.399999999999999 49928.29989382643 104.66325247051196
2.499999999999999 49921.8350571138 102.11650647438925
2.599999999999999 49919.5712167405 101.21496869882533
2.6999999999999993 49919.67641983259 103.75981781729924
2.7999999999999994 49905.75059471608 100.02821948168435
2.8999999999999995 49908.86062590688 104.15546855641392
2.9999999999999996 49899.1906372857 102.47501733208952
3.0999999999999996 49891.90637049675 102.05681615177299
3.1999999999999997 49886.907618046214 102.41528413092222
3.3 49881.93201809856 106.17315228026692
3.4 49874.83675724605 103.05824939749377
3.5 49873.039537239616 102.22437263781117
3.6 49861.8501660743 98.31947925233754
3.7 49853.57108517082 102.16252910071299
3.8000000000000003 49846.40269234888 106.58960907700714
3.9000000000000004 49841.549732674175 101.54268769315485
4.0 49833.4785106019 99.52883152861573
