# Rounds: 10000, repetitions: 1000
# Good arm ~ N(5.0,5.0), 4 bad arm(s) ~ N(2.2,5.0)
# Observation noise range from 0.5 to 4.0 with step size 0.1

# Observation noise | mean | standard deviation

0.5 42989.4794065095 11935.13325917997
0.6 42909.60180620601 12003.522808136253
0.7 42934.08709243936 11920.067898053276
0.7999999999999999 44432.06427926326 10917.650572187338
0.8999999999999999 45474.51917084484 9966.013585721952
0.9999999999999999 45672.44573926997 9716.833906981366
1.0999999999999999 46054.96272528626 9316.754131869931
1.1999999999999997 46745.07556923212 8595.305491900304
1.2999999999999996 46902.19270608424 8376.767428239578
1.3999999999999995 47796.78193388992 6921.573740259019
1.4999999999999993 48293.04934371642 6089.347016954815
1.5999999999999992 48666.01093443394 5315.697655716821
1.699999999999999 48459.34388081622 5685.266618078034
1.799999999999999 49010.18564191744 4339.135108294324
1.8999999999999988 49167.77242589083 3979.7365296493895
1.9999999999999987 49262.386058288335 3776.154919569453
2.0999999999999988 49422.9515322437 3003.801258651332
2.199999999999999 49355.683504378496 3247.0516470327566
2.299999999999999 49580.85762983651 2279.334154805692
2.399999999999999 49610.081299317186 2150.616768640953
2.499999999999999 49661.060921304714 1842.9868803386087
2.599999999999999 49692.731860648375 1836.5880764740225
2.6999999999999993 49813.198893537054 621.4651308398824
2.7999999999999994 49748.94518819502 1065.3023999122602
2.8999999999999995 49757.858818500994 1382.597973563832
2.9999999999999996 49795.85401901144 585.3951834873056
3.0999999999999996 49799.97224515474 554.675266666265
3.1999999999999997 49739.32371833805 1024.9674176216179
3.3 49772.127174068795 772.761570056882
3.4 49756.9043806803 663.6855766747846
3.5 49775.79729609894 517.8987689949192
3.6 49790.421832288244 514.37023979531
3.7 49752.01127525716 535.6018811219046
3.8000000000000003 49739.30872673967 554.4197835681529
3.9000000000000004 49754.70284975807 512.560335180738
4.0 49770.60002492298 531.7566908860388
