# Rounds: 10000, repetitions: 1000
# Good arm ~ N(5.0,1.0), 4 bad arm(s) ~ N(2.7,1.0)
# Observation noise range from 0.5 to 4.0 with step size 0.1

# Observation noise | mean | standard deviation

0.5 49986.200601940036 94.8057986493723
0.6 49985.43989457046 97.96440858009613
0.7 49987.33455564669 98.70468170653777
0.7999999999999999 49985.886077799456 98.26776104291167
0.8999999999999999 49978.41258696669 99.53400145418072
0.9999999999999999 49979.1342756328 98.94600484349206
1.0999999999999999 49975.78548556018 100.56982190035141
1.1999999999999997 49969.14682843053 100.49238120253665
1.2999999999999996 49961.8540477057 99.53711742816114
1.3999999999999995 49960.13656619173 97.67221539120462
1.4999999999999993 49954.29220139884 100.92323117041963
1.5999999999999992 49950.089527745484 103.79625684737886
1.699999999999999 49941.28415706446 97.98482522953076
1.799999999999999 49931.48705800345 104.44395678536394
1.8999999999999988 49926.397644369754 97.29121846418116
1.9999999999999987 49926.8917977281 100.2078019017112
2.0999999999999988 49920.666295971016 97.87014624640547
2.199999999999999 49912.060646442755 102.57080019847277
2.299999999999999 49904.03774919597 103.60312603204163
2.399999999999999 49894.60392707586 100.89651719760998
2.499999999999999 49890.022908941086 100.81059236133791
2.599999999999999 49878.51705402591 102.87893882717303
2.6999999999999993 49867.07954915803 104.80888885057766
2.7999999999999994 49869.861586947976 101.14660329930558
2.8999999999999995 49856.857917249115 100.4704764649247
2.9999999999999996 49848.57576469515 103.43000991942549
3.0999999999999996 49836.06975463574 104.71872946331327
3.1999999999999997 49828.19717116834 100.81644615330141
3.3 49816.232534098184 101.89380047988992
3.4 49807.2555237628 103.49721287420721
3.5 49797.21446440561 103.46047032119503
3.6 49793.763502492206 104.18030515272633
3.7 49783.45834658717 106.2809633412278
3.8000000000000003 49774.92489118151 102.77619261001111
3.9000000000000004 49760.11469037774 102.61660917227904
4.0 49752.32957823683 104.39100260727592
