# Rounds: 10000, repetitions: 1000
# Good arm ~ N(5.0,3.0), 4 bad arm(s) ~ N(0.2,3.0)
# Observation noise range from 0.5 to 4.0 with step size 0.1

# Observation noise | mean | standard deviation

0.5 49094.6117507099 6197.516581836636
0.6 49492.074463360485 4574.648817871553
0.7 49817.5852422033 2472.583750302161
0.7999999999999999 49860.57983978146 1436.7559176975171
0.8999999999999999 49869.67314328241 2153.47670065645
0.9999999999999999 49908.19298489264 1573.0391545004882
1.0999999999999999 49945.450613460045 878.6353245753935
1.1999999999999997 49949.869504675225 401.60696348648037
1.2999999999999996 49958.4362902469 438.95631888627605
1.3999999999999995 49959.09853369089 308.4460703703853
1.4999999999999993 49956.09505098319 301.5421849262668
1.5999999999999992 49951.53162185995 386.46520401287023
1.699999999999999 49954.75030531119 302.42576338026953
1.799999999999999 49972.62793832268 311.1729392290269
1.8999999999999988 49922.88640329912 302.6603142183829
1.9999999999999987 49932.251613304674 306.32248441427953
2.0999999999999988 49941.3973299482 300.2661470444822
2.199999999999999 49935.72526686438 299.823592362442
2.299999999999999 49925.32193865777 303.19182420147797
2.399999999999999 49925.45849362176 284.3584099012326
2.499999999999999 49920.73722179803 294.657064310863
2.599999999999999 49935.11197228385 305.0998821658771
2.6999999999999993 49898.41903553601 305.3297037051515
2.7999999999999994 49915.64291478898 297.97629438081196
2.8999999999999995 49890.698443100395 289.35685214081525
2.9999999999999996 49902.926476993234 305.03713389538984
3.0999999999999996 49888.45002145075 306.54997302124553
3.1999999999999997 49875.333333781426 306.8429802144586
3.3 49873.40140732131 306.0863326648721
3.4 49878.09086874602 310.84343522863685
3.5 49885.28242952781 296.9489599143054
3.6 49853.056576207186 286.525137694626
3.7 49859.62387017242 308.3433459436981
3.8000000000000003 49844.78187800882 307.1691088470197
3.9000000000000004 49854.66349699444 295.3651321097221
4.0 49830.92892259725 314.67920211353066
