# Rounds: 10000, repetitions: 1000
# Good arm ~ N(5.0,0.0), 4 bad arm(s) ~ N(0.3,0.0)
# Observation noise range from 0.5 to 4.0 with step size 0.1

# Observation noise | mean | standard deviation

0.5 49985.49500000004 2.4138230137142984
0.6 49985.38219999995 2.4781170723391854
0.7 49985.264700000014 2.7233031947038127
0.7999999999999999 49985.08139999996 2.956713749450502
0.8999999999999999 49984.9263 3.3698477983696296
0.9999999999999999 49984.32939999996 4.215353466179937
1.0999999999999999 49983.66199999998 4.06257067390442
1.1999999999999997 49980.588200000035 5.034732295690919
1.2999999999999996 49975.1409 5.345792241069702
1.3999999999999995 49969.891000000025 3.9541717811045016
1.4999999999999993 49966.95350000004 2.618053084250105
1.5999999999999992 49965.585800000066 3.108549732823898
1.699999999999999 49963.26869999997 4.02417747052908
1.799999999999999 49959.13740000004 4.9081290703243186
1.8999999999999988 49954.24000000002 4.891350049352002
1.9999999999999987 49949.793800000065 4.277548243910398
2.0999999999999988 49945.709499999975 4.26017239308753
2.199999999999999 49941.49830000003 4.748860788524304
2.299999999999999 49936.95809999997 5.4137753327354785
2.399999999999999 49931.76459999998 5.31443977387026
2.499999999999999 49927.10219999999 5.275284237249894
2.599999999999999 49921.838199999984 5.484571203046142
2.6999999999999993 49916.73870000006 5.877298269182997
2.7999999999999994 49911.43239999988 5.719761000766734
2.8999999999999995 49906.28119999997 5.785964391864891
2.9999999999999996 49900.43439999994 6.2250612870894715
3.0999999999999996 49894.55000000002 6.378580271994713
3.1999999999999997 49888.90530000001 6.602743227486101
3.3 49882.879900000036 6.828473771204433
3.4 49876.45499999997 6.862050913738242
3.5 49870.669299999994 7.155364893333666
3.6 49863.67569999996 7.202798054214569
3.7 49857.82889999994 7.328779284149725
3.8000000000000003 49851.14550000003 7.68482115772514
3.9000000000000004 49844.60779999998 7.704002259267738
4.0 49837.999599999974 7.892356373676356
