# Rounds: 10000, repetitions: 1000
# Good arm ~ N(5.0,4.0), 4 bad arm(s) ~ N(1.3,4.0)
# Observation noise range from 0.5 to 4.0 with step size 0.1

# Observation noise | mean | standard deviation

0.5 46336.90660968397 10822.52905797197
0.6 47141.81951793159 9565.630123045097
0.7 47434.637932984595 9068.983211658282
0.7999999999999999 47218.75484178927 9473.797035852265
0.8999999999999999 47771.649997496555 8336.317416869275
0.9999999999999999 48210.847651088254 7515.044809694876
1.0999999999999999 48716.384263246175 6156.106662038367
1.1999999999999997 49219.50348194815 4753.377252495608
1.2999999999999996 49582.15442189061 3371.7838320586056
1.3999999999999995 49464.95434850669 3791.7737215499747
1.4999999999999993 49696.721928099905 2711.4341471265534
1.5999999999999992 49835.59472558937 1107.8455254600062
1.699999999999999 49796.093604336325 1854.5134986452335
1.799999999999999 49859.080969432536 1300.7503088313765
1.8999999999999988 49934.83399204544 433.22349457966305
1.9999999999999987 49872.70510365329 711.0120482538415
2.0999999999999988 49930.27849873582 419.3024429608109
2.199999999999999 49908.488737297936 420.0077248318073
2.299999999999999 49893.96157605076 382.30599777207584
2.399999999999999 49896.42354719335 396.6822198272766
2.499999999999999 49880.513759099624 405.57209230882575
2.599999999999999 49903.97706967197 409.44266332980845
2.6999999999999993 49888.46253937243 406.60174921603914
2.7999999999999994 49874.69698989577 410.45346517500377
2.8999999999999995 49858.012664514776 447.58895462480143
2.9999999999999996 49852.943008852795 404.66782446637944
3.0999999999999996 49869.25393749598 407.88567118766883
3.1999999999999997 49843.01963876103 412.9093316699413
3.3 49858.95318201014 419.02048830797406
3.4 49833.05113038029 394.0576718763805
3.5 49844.91004277047 408.034870505807
3.6 49836.34972945315 408.80480020505274
3.7 49826.29803797007 391.29486734683894
3.8000000000000003 49811.37445615241 404.0845615604485
3.9000000000000004 49810.091470920685 400.76279159097413
4.0 49784.9444393629 409.62770110426936
