# Rounds: 10000, repetitions: 1000
# Good arm ~ N(5.0,4.0), 4 bad arm(s) ~ N(2.0,4.0)
# Observation noise range from 0.5 to 4.0 with step size 0.1

# Observation noise | mean | standard deviation

0.5 45451.8515263765 10497.86939203576
0.6 45784.6249298197 10133.967428976612
0.7 46573.380562568054 9311.791397293813
0.7999999999999999 46721.936084715504 9030.333653802383
0.8999999999999999 47711.56475366335 7543.318698183862
0.9999999999999999 48059.13756220813 6910.91245429008
1.0999999999999999 48635.177291237895 5612.825386120133
1.1999999999999997 48953.09061577713 4684.285044043336
1.2999999999999996 49115.53787961739 4498.250412954168
1.3999999999999995 49316.239591355465 3864.3334034032564
1.4999999999999993 49377.82563271982 3614.3893902884006
1.5999999999999992 49657.24314498947 2310.914520712146
1.699999999999999 49710.46345796887 2070.1085211155723
1.799999999999999 49727.55219789589 2094.6624230198586
1.8999999999999988 49761.61884657955 1653.2948519825716
1.9999999999999987 49841.03293170376 1324.4856199133405
2.0999999999999988 49865.13062490697 468.92782170799666
2.199999999999999 49858.5970806936 544.0344817597492
2.299999999999999 49845.92366317545 644.0761304227498
2.399999999999999 49873.477890943825 610.2837118590245
2.499999999999999 49895.79634564438 412.4241580250514
2.599999999999999 49877.295319225814 435.2572350262543
2.6999999999999993 49871.42179604991 437.9201281039929
2.7999999999999994 49860.695990579225 471.3037718694287
2.8999999999999995 49852.74705531216 399.07616932676467
2.9999999999999996 49867.66116667666 421.32046783868077
3.0999999999999996 49826.184705344094 398.7226386693238
3.1999999999999997 49866.24329060597 423.68873209409213
3.3 49829.674150818515 408.9928253928991
3.4 49821.392922170075 420.4394934065435
3.5 49822.853697826235 406.1639405981833
3.6 49801.59758709185 395.8862687037011
3.7 49800.2238153998 407.51812010635086
3.8000000000000003 49800.67423624744 424.194770628697
3.9000000000000004 49785.42459685832 411.10729957332194
4.0 49772.15817453448 412.81200592575885
