# Rounds: 10000, repetitions: 1000
# Good arm ~ N(5.0,3.0), 4 bad arm(s) ~ N(0.3,3.0)
# Observation noise range from 0.5 to 4.0 with step size 0.1

# Observation noise | mean | standard deviation

0.5 49254.35511826833 5644.137365152584
0.6 49702.10944348754 3355.5580908558727
0.7 49606.26331365306 3934.3785935669407
0.7999999999999999 49658.876511204544 3625.9440823749164
0.8999999999999999 49902.93792024601 1636.7625964241672
0.9999999999999999 49886.07832788928 1529.379268465676
1.0999999999999999 49970.14937334383 322.4878941465078
1.1999999999999997 49949.45439943741 394.3822287627847
1.2999999999999996 49941.51529260507 360.340769209281
1.3999999999999995 49962.95106062325 300.1910442066227
1.4999999999999993 49948.622684441405 296.6499010983167
1.5999999999999992 49945.14565745253 302.0026454285347
1.699999999999999 49939.795712807216 299.91250563572527
1.799999999999999 49954.42669131538 296.74591231922835
1.8999999999999988 49944.86832388459 293.74735375711504
1.9999999999999987 49930.17970269173 301.47179112645694
2.0999999999999988 49940.01905058912 307.0382953066353
2.199999999999999 49924.90359065732 310.33273529905074
2.299999999999999 49924.919755530296 286.85760888152504
2.399999999999999 49931.28121638964 309.3264108579204
2.499999999999999 49919.61895884582 299.110984187014
2.599999999999999 49919.644421463825 296.98823262050814
2.6999999999999993 49919.084929253375 307.988626266553
2.7999999999999994 49906.21645601972 303.57954437408233
2.8999999999999995 49898.35843668026 294.8819901748786
2.9999999999999996 49894.03096104428 307.75090760992504
3.0999999999999996 49884.30011515783 304.2318152646061
3.1999999999999997 49867.581792975696 291.2500150100322
3.3 49887.54541482357 302.31394824193643
3.4 49880.53027324277 292.7237559506283
3.5 49874.30715554245 303.5790845497564
3.6 49875.53179365449 292.6009820804847
3.7 49860.03056170829 300.30873464113773
3.8000000000000003 49844.81725798424 305.9674183557645
3.9000000000000004 49836.40728672094 301.84694073347066
4.0 49846.54655819054 313.5869892845321
