# Rounds: 10000, repetitions: 1000
# Good arm ~ N(5.0,2.0), 10 bad arm(s) ~ N(4.0,2.0)
# Observation noise range from 0.5 to 8.0 with step size 0.1

# Observation noise | mean | standard deviation

0.5 48259.52300954998 3532.00696316157
0.6 48606.28822850196 3151.079485993955
0.7 48813.448330214735 2894.7564307553307
0.7999999999999999 49329.29334924448 2061.4672780597693
0.8999999999999999 49414.20953566209 1866.9162509375737
0.9999999999999999 49443.801248821 1783.5728212913439
1.0999999999999999 49614.50666099056 1321.0467678323694
1.1999999999999997 49663.716151167086 966.1563204862862
1.2999999999999996 49694.687990976825 880.732645355043
1.3999999999999995 49699.72582159355 665.1666716059069
1.4999999999999993 49708.52158397779 595.3506768371174
1.5999999999999992 49713.33118268175 359.0454811261414
1.699999999999999 49694.71137282017 307.74550348625235
1.799999999999999 49663.293445280186 341.0909898124951
1.8999999999999988 49659.148792204396 236.52328652047535
1.9999999999999987 49604.66200673776 457.80358931002866
2.0999999999999988 49596.10309725547 314.09494858363576
2.199999999999999 49568.84302945213 230.97859572265904
2.299999999999999 49524.679302724566 217.27404993478567
2.399999999999999 49520.53032305876 211.83896907862703
2.499999999999999 49475.939054268776 212.46851667103599
2.599999999999999 49443.47194218203 223.7088750159413
2.6999999999999993 49396.33794483819 226.92691367441742
2.7999999999999994 49384.16423498616 229.348584092582
2.8999999999999995 49345.72022891812 223.5670369121578
2.9999999999999996 49296.430704150735 221.55761258560725
3.0999999999999996 49282.119528341565 224.07033165633712
3.1999999999999997 49237.763567898175 229.89324455596872
3.3 49193.83181612163 221.78416102671574
3.4 49162.4740870482 233.95477968283421
3.5 49129.64492263748 227.73304090273732
3.6 49077.043843528256 233.85317530896032
3.7 49047.1013579138 232.7296035907236
3.8000000000000003 49020.94854083631 238.68248952559037
3.9000000000000004 48956.47062545871 240.03839905375813
4.0 48924.17770672685 238.62557198519463
4.1 48879.67649073953 232.72407534403453
4.199999999999999 48843.33978472022 243.21191084907355
4.299999999999999 48813.43059427332 239.96389113720406
4.399999999999999 48761.68439633782 251.07586651305428
4.499999999999998 48726.45526460672 246.14705369727437
4.599999999999998 48689.30051980712 240.9175635601551
4.6999999999999975 48644.62834008234 245.85083209816582
4.799999999999997 48608.311698121215 241.12547912484897
4.899999999999997 48556.25608751249 248.8299838036723
4.9999999999999964 48526.82069426549 256.5854932219209
5.099999999999996 48468.43279436831 250.2319231810066
5.199999999999996 48433.84084624963 255.50047531531803
5.299999999999995 48384.15025786364 263.4193878590417
5.399999999999995 48343.62736583759 253.94817082729492
5.499999999999995 48306.931459009174 266.9343634762959
5.599999999999994 48262.82014079408 273.50958359992126
5.699999999999994 48220.88812529153 267.0444482431754
5.799999999999994 48194.19243842272 265.3014845601287
5.899999999999993 48151.297651552166 269.40930001993667
5.999999999999993 48075.39997706878 269.5871821289641
6.0999999999999925 48040.05826391701 263.33686899685637
6.199999999999992 48004.699871538076 276.2374265994663
6.299999999999992 47948.850357629985 270.07663706458
6.3999999999999915 47931.31804902857 274.78280151980454
6.499999999999991 47875.78500193947 282.24138757313983
6.599999999999991 47826.363438162545 275.58457511635714
6.69999999999999 47785.48433302166 276.7881777376039
6.79999999999999 47733.80702464035 279.3768185237985
6.89999999999999 47693.93626454953 287.8209221344473
6.999999999999989 47665.766344297524 293.6204334313943
7.099999999999989 47601.35042074344 285.8121207047634
7.199999999999989 47572.0421377531 295.7150707134538
7.299999999999988 47522.32675748215 301.7287329060766
7.399999999999988 47480.86254273118 292.4542349353608
7.499999999999988 47433.73095996509 289.6397739271862
7.599999999999987 47381.288321346896 299.1076390217667
7.699999999999987 47344.77382693392 290.3460956106142
7.7999999999999865 47305.873286462214 302.82406075865407
7.899999999999986 47265.20977027516 296.0124456512796
7.999999999999986 47201.72315388089 294.28965893101724
