# Rounds: 1000, repetitions: 1000
# Good arm ~ N(5.0,4.0), 1 bad arm(s) ~ N(2.2,4.0)
# Observation noise range from 0.5 to 4.0 with step size 0.1

# Observation noise | mean | standard deviation

0.5 4641.801474354204 917.7619915063851
0.6 4677.475468220642 880.643325821201
0.7 4673.015207356038 879.0643877387421
0.7999999999999999 4709.9561465614115 824.0498900984537
0.8999999999999999 4747.309182493376 759.0485699809082
0.9999999999999999 4756.974604534976 749.5558912330681
1.0999999999999999 4772.408219214104 706.820741487048
1.1999999999999997 4773.5732839881 717.9830744344969
1.2999999999999996 4840.8277354934 569.6658789292147
1.3999999999999995 4878.77931830784 481.45911974076233
1.4999999999999993 4872.988344451571 522.4733632505279
1.5999999999999992 4892.1077780462465 476.89237613817886
1.699999999999999 4919.618551310077 388.97406844035964
1.799999999999999 4922.103599862662 382.80019101369055
1.8999999999999988 4938.791856779172 301.8311812410766
1.9999999999999987 4930.104158138588 325.0652245881466
2.0999999999999988 4955.64366709728 221.27411390238439
2.199999999999999 4960.163457533083 195.33530066840981
2.299999999999999 4962.762258759633 206.0906772264089
2.399999999999999 4965.322479514408 210.28787700163377
2.499999999999999 4966.703542650579 163.77997728913613
2.599999999999999 4961.977510613429 146.65214052960707
2.6999999999999993 4958.96231017888 142.99662615864858
2.7999999999999994 4965.61690632095 144.26602604534503
2.8999999999999995 4954.441348519758 152.26187326512837
2.9999999999999996 4965.190057713198 155.15777901566113
3.0999999999999996 4961.723654855463 162.43447876170475
3.1999999999999997 4955.831319593187 146.7653772412719
3.3 4961.049374129422 135.4305970076516
3.4 4962.137477344387 134.0669958244041
3.5 4960.098022881064 128.09435727374975
3.6 4957.97923480411 133.21927343865352
3.7 4947.752225302088 140.61427545759867
3.8000000000000003 4948.083223925255 135.6397971476287
3.9000000000000004 4946.541283279638 129.27927172130205
4.0 4951.136043790595 130.7219693028412
