# Rounds: 1000, repetitions: 1000
# Good arm ~ N(5.0,5.0), 1 bad arm(s) ~ N(0.0,5.0)
# Observation noise range from 0.5 to 4.0 with step size 0.1

# Observation noise | mean | standard deviation

0.5 4716.793032842267 1107.8100522398238
0.6 4646.418773620513 1254.0506775327906
0.7 4708.875001108482 1147.519527550821
0.7999999999999999 4745.597863759397 1083.5687749028966
0.8999999999999999 4725.3403353086715 1092.3340787643617
0.9999999999999999 4750.049691890046 1043.4485469025776
1.0999999999999999 4824.626585098262 845.8275818693443
1.1999999999999997 4861.165825949916 761.8647040018494
1.2999999999999996 4879.191407178534 672.4291068607165
1.3999999999999995 4912.602377515288 558.2258405352969
1.4999999999999993 4939.523139678608 458.99790465563274
1.5999999999999992 4917.576001132488 540.8336990370146
1.699999999999999 4952.428419199449 403.11451170973953
1.799999999999999 4953.826758441364 335.5309748173107
1.8999999999999988 4954.209653398974 318.56006651004446
1.9999999999999987 4966.654698049541 266.22955865855766
2.0999999999999988 4960.782530476784 223.6632235706192
2.199999999999999 4970.557097143705 279.5008712443152
2.299999999999999 4979.210971435173 163.90414572962675
2.399999999999999 4989.660846530292 166.6049620147496
2.499999999999999 4977.022553492918 164.4575371689525
2.599999999999999 4972.607760806491 159.96620749525457
2.6999999999999993 4965.67589587632 161.44769898594967
2.7999999999999994 4983.319215742097 160.34153820694235
2.8999999999999995 4977.192837686763 161.86266811546463
2.9999999999999996 4980.475179473193 163.19348813066824
3.0999999999999996 4971.291512702099 164.2250019088311
3.1999999999999997 4965.006739934675 161.1140636125946
3.3 4971.14250951909 162.51782181739713
3.4 4970.697225054881 161.57457138692578
3.5 4975.644775499164 168.3920573400059
3.6 4971.939535010187 150.62572384466063
3.7 4968.89772269588 162.3132966629092
3.8000000000000003 4970.62644489306 165.3879110177095
3.9000000000000004 4975.33429332362 157.14683731926058
4.0 4961.875526657119 160.98317246860486
