# Rounds: 1000, repetitions: 1000
# Good arm ~ N(5.0,1.0), 1 bad arm(s) ~ N(3.0,1.0)
# Observation noise range from 0.5 to 4.0 with step size 0.1

# Observation noise | mean | standard deviation

0.5 4995.5810116602015 69.53174936725935
0.6 4999.192358070987 31.96805718022297
0.7 4999.472976237551 31.63063611280947
0.7999999999999999 4996.898532891936 33.57980733470564
0.8999999999999999 4995.971682487688 31.664007212071084
0.9999999999999999 4997.069238300694 31.93710652450374
1.0999999999999999 4996.288263313621 34.42679579190436
1.1999999999999997 4997.143966065346 33.20177582549182
1.2999999999999996 4992.144030228182 32.40783514551051
1.3999999999999995 4993.06068052839 32.92168859007361
1.4999999999999993 4991.232994711017 31.403375663287687
1.5999999999999992 4990.543349412382 32.73977218211196
1.699999999999999 4991.331936974268 32.529855606779925
1.799999999999999 4987.274282089703 31.53838615488397
1.8999999999999988 4989.3537047768905 31.456325852697923
1.9999999999999987 4987.547623298186 32.159892588809534
2.0999999999999988 4985.265049671073 32.507529340238605
2.199999999999999 4981.914301524885 33.113306409225444
2.299999999999999 4981.223204945816 31.69128555293256
2.399999999999999 4983.794013431851 32.392890027344286
2.499999999999999 4981.437541729475 32.627326983252516
2.599999999999999 4975.446953997013 31.952961562258313
2.6999999999999993 4977.186275087131 33.29585323023613
2.7999999999999994 4975.255282309982 33.791168316834785
2.8999999999999995 4971.592417304796 34.658031707717136
2.9999999999999996 4970.309146785915 32.48109697121465
3.0999999999999996 4969.898456543187 32.94890927008552
3.1999999999999997 4968.226729653052 33.6183789016836
3.3 4965.848987011815 33.0935839220098
3.4 4963.354781105333 33.46086925178913
3.5 4962.313520281376 34.44058675686468
3.6 4960.447662894548 33.075643235071254
3.7 4958.2606694874685 33.96230972175092
3.8000000000000003 4956.486347535339 35.11740040823484
3.9000000000000004 4954.809405763242 34.11006387304474
4.0 4953.52563509402 34.525204049365
