# Rounds: 1000, repetitions: 1000
# Good arm ~ N(5.0,5.0), 1 bad arm(s) ~ N(1.9,5.0)
# Observation noise range from 0.5 to 4.0 with step size 0.1

# Observation noise | mean | standard deviation

0.5 4526.704192965866 1111.4711691146338
0.6 4564.4380735739205 1064.8565874632889
0.7 4594.435281368815 1022.2420225399902
0.7999999999999999 4521.371511000247 1094.023981799556
0.8999999999999999 4612.390828821593 1021.9566651323271
0.9999999999999999 4660.574920877004 939.8609218125631
1.0999999999999999 4677.164212100608 917.2771959412763
1.1999999999999997 4645.208990532086 951.3661312753496
1.2999999999999996 4708.522108505751 867.4024316588899
1.3999999999999995 4778.555181104386 728.3271943700886
1.4999999999999993 4815.328868879019 696.043286202722
1.5999999999999992 4810.37430203393 669.8129153819931
1.699999999999999 4849.732209797682 576.9800745213505
1.799999999999999 4852.1571122071 580.810992878949
1.8999999999999988 4836.67832741295 601.719643353822
1.9999999999999987 4911.3067367478425 439.3003970929176
2.0999999999999988 4866.682446464911 540.4173773935584
2.199999999999999 4883.148849877736 494.8842163820274
2.299999999999999 4906.3079650174905 419.6175831533553
2.399999999999999 4928.950522756314 302.8859129306001
2.499999999999999 4922.93990914069 358.76486467727125
2.599999999999999 4942.430914613763 275.57522905439026
2.6999999999999993 4920.937793040543 306.25376835605863
2.7999999999999994 4935.90809046902 309.38269299530685
2.8999999999999995 4948.960400297505 238.6964971933128
2.9999999999999996 4938.76849415911 247.5552392357215
3.0999999999999996 4945.023344000092 226.38600701258403
3.1999999999999997 4959.780344635877 179.9038657551043
3.3 4960.652699512676 173.98629709082164
3.4 4941.748171501566 197.61594860345852
3.5 4937.530673494363 219.50524223968893
3.6 4953.40760084212 177.97760897526948
3.7 4947.701042350619 171.4461031603872
3.8000000000000003 4963.054045585708 165.42583261034036
3.9000000000000004 4943.854704250119 171.18272459301653
4.0 4944.235829521461 181.5554988558975
