# Rounds: 1000, repetitions: 1000
# Good arm ~ N(5.0,4.0), 1 bad arm(s) ~ N(0.6,4.0)
# Observation noise range from 0.5 to 4.0 with step size 0.1

# Observation noise | mean | standard deviation

0.5 4738.940983174925 1013.648721880621
0.6 4802.665574036522 891.7148775790351
0.7 4805.568996694087 880.0698679375664
0.7999999999999999 4860.218605526562 730.7363696633237
0.8999999999999999 4871.999936098521 701.1609847398184
0.9999999999999999 4904.947655854727 593.1290651776955
1.0999999999999999 4898.934792300329 576.1018599933419
1.1999999999999997 4932.206848307451 484.133048517843
1.2999999999999996 4950.677071224713 381.8336011095861
1.3999999999999995 4936.751866541094 463.770257110898
1.4999999999999993 4967.24968939755 297.9632682291338
1.5999999999999992 4973.12580415216 277.9942586433283
1.699999999999999 4950.574869689798 409.1982668283013
1.799999999999999 4977.075719006951 202.40806259054224
1.8999999999999988 4983.570826883426 151.85177036313522
1.9999999999999987 4984.717038119754 136.7858226089681
2.0999999999999988 4988.561941686798 131.4107400289329
2.199999999999999 4978.7324109103065 132.9734563325238
2.299999999999999 4979.968821759431 128.15405364775916
2.399999999999999 4985.2784883885315 129.18897954426998
2.499999999999999 4978.813325270317 129.32435825173215
2.599999999999999 4976.702706715852 128.686690014726
2.6999999999999993 4976.5123372677745 129.5410180373245
2.7999999999999994 4977.107765753712 131.6340867596593
2.8999999999999995 4971.1721923933865 128.26127353596326
2.9999999999999996 4972.687185925343 127.52783003827285
3.0999999999999996 4967.43081242137 129.16372599024427
3.1999999999999997 4974.992261469545 130.98058885677574
3.3 4971.257402912039 127.96397691528371
3.4 4971.2622715698 130.00407901050247
3.5 4976.176622500167 130.66337359851238
3.6 4973.321709221207 125.27409473267332
3.7 4971.943863537843 129.0012943012317
3.8000000000000003 4972.041759471511 128.02131927877087
3.9000000000000004 4968.028055974615 128.16059821348443
4.0 4963.472747047905 129.61592334438694
