# Rounds: 1000, repetitions: 1000
# Good arm ~ N(5.0,3.0), 1 bad arm(s) ~ N(0.6,3.0)
# Observation noise range from 0.5 to 4.0 with step size 0.1

# Observation noise | mean | standard deviation

0.5 4903.06799341424 611.2876717956949
0.6 4936.3210215086565 470.59315981691367
0.7 4961.115713459122 336.808725466596
0.7999999999999999 4972.687589894537 342.0405158091796
0.8999999999999999 4949.192048257632 418.038474902833
0.9999999999999999 4986.891157353728 180.66414940467854
1.0999999999999999 4985.812914173577 153.99579194525248
1.1999999999999997 4980.671030225234 204.9122617281788
1.2999999999999996 4989.836074704982 110.08290166089479
1.3999999999999995 4987.64735219608 95.45022434263493
1.4999999999999993 4989.610544935019 98.27881789809304
1.5999999999999992 4993.307736795996 100.06521369844585
1.699999999999999 4988.757248026795 96.88640973254738
1.799999999999999 4984.462290896892 99.70573643167909
1.8999999999999988 4989.321578819477 95.90471097141425
1.9999999999999987 4985.361570617083 94.04850473234784
2.0999999999999988 4985.391787926254 98.37555194334233
2.199999999999999 4984.342982047325 96.01876816264355
2.299999999999999 4986.536506377839 93.62378502873938
2.399999999999999 4986.277956959638 92.87312734253527
2.499999999999999 4985.593443198642 97.03079151802885
2.599999999999999 4986.014408481991 95.38597222801427
2.6999999999999993 4987.683655802602 94.44669278456989
2.7999999999999994 4981.602203431985 92.36589570161028
2.8999999999999995 4982.386334469275 97.37858396983538
2.9999999999999996 4979.044447289621 97.45438956782543
3.0999999999999996 4977.88662630193 97.19530438509088
3.1999999999999997 4977.5400245844085 99.23256172445086
3.3 4966.742311812093 97.32904024688968
3.4 4975.044299056058 95.4937688514964
3.5 4969.368355189787 97.00544950193205
3.6 4970.025117286344 92.75269309713417
3.7 4974.107842922698 96.9390132141479
3.8000000000000003 4967.776791441093 90.40291062863672
3.9000000000000004 4972.893163720885 95.10513849349562
4.0 4963.747942555815 93.43874270173814
