# Rounds: 1000, repetitions: 1000
# Good arm ~ N(5.0,3.0), 1 bad arm(s) ~ N(2.8,3.0)
# Observation noise range from 0.5 to 4.0 with step size 0.1

# Observation noise | mean | standard deviation

0.5 4783.482066153653 638.1507947603036
0.6 4787.090184258121 630.8179460379641
0.7 4789.005601662495 638.0826116663153
0.7999999999999999 4829.970600734375 559.7082254096158
0.8999999999999999 4848.480662859844 530.8867080074365
0.9999999999999999 4870.021678503495 465.86947952762466
1.0999999999999999 4880.5058883972415 451.1442731552239
1.1999999999999997 4898.195927739855 403.70683792427826
1.2999999999999996 4908.05748997287 387.12578563531514
1.3999999999999995 4931.683665233779 319.69507797365594
1.4999999999999993 4928.796053111238 315.2712261031196
1.5999999999999992 4942.601274211125 271.80982677863096
1.699999999999999 4957.729782562728 218.24797047883376
1.799999999999999 4959.938240345496 217.44828567770668
1.8999999999999988 4959.362850302544 180.18159788766553
1.9999999999999987 4966.738008079436 140.17081130993333
2.0999999999999988 4964.667140010553 131.0090767619476
2.199999999999999 4976.797103502512 114.48929212442668
2.299999999999999 4966.6339265158385 142.76046232778864
2.399999999999999 4973.56680173688 111.23591002962256
2.499999999999999 4969.658046856045 99.39578549915848
2.599999999999999 4970.567163841057 100.97670585288066
2.6999999999999993 4969.814316873167 102.98775020290564
2.7999999999999994 4965.141317088807 101.20035775913531
2.8999999999999995 4964.83520727179 100.62938801695245
2.9999999999999996 4964.424343370324 103.0551294008599
3.0999999999999996 4964.116388869821 98.78882503468576
3.1999999999999997 4960.036317269893 100.54873684593555
3.3 4957.445873919074 99.14530704122605
3.4 4958.877339017827 105.21709080491598
3.5 4962.915406288742 97.08910097713921
3.6 4955.461278065345 96.68134315993164
3.7 4949.245640265357 96.71109543188497
3.8000000000000003 4953.782022985708 101.56273197454438
3.9000000000000004 4948.743923872264 98.84288344241163
4.0 4946.9041627159595 99.69120443133045
