# Rounds: 1000, repetitions: 1000
# Good arm ~ N(5.0,3.0), 1 bad arm(s) ~ N(2.5,3.0)
# Observation noise range from 0.5 to 4.0 with step size 0.1

# Observation noise | mean | standard deviation

0.5 4775.667477696901 698.0385548599185
0.6 4773.181626821219 691.1415023481123
0.7 4835.050592249633 599.657021808092
0.7999999999999999 4838.894144929006 574.7448349412499
0.8999999999999999 4834.477910851326 598.3521859275833
0.9999999999999999 4905.022125825762 437.50594078314305
1.0999999999999999 4915.6129211025345 410.40296556430826
1.1999999999999997 4903.937300581846 430.6249197717629
1.2999999999999996 4946.891511743024 317.69312798635593
1.3999999999999995 4942.88193955617 249.5966420426723
1.4999999999999993 4962.980604273929 224.96875171676055
1.5999999999999992 4969.796769067581 202.10227866596003
1.699999999999999 4974.067986456325 140.91869556818776
1.799999999999999 4978.811770379555 158.70246791738984
1.8999999999999988 4973.18000582862 102.23128135141116
1.9999999999999987 4973.035338459312 105.32352589492902
2.0999999999999988 4973.5187888111695 129.84233548027885
2.199999999999999 4973.106836832975 96.84896630358388
2.299999999999999 4970.44663176912 129.1612439457916
2.399999999999999 4971.832121919311 90.44636217657649
2.499999999999999 4975.304420750508 97.00541156780702
2.599999999999999 4969.976413709149 103.59832065148461
2.6999999999999993 4968.300561481682 99.74180269537815
2.7999999999999994 4968.905299661144 101.13563449742388
2.8999999999999995 4971.229449167274 97.29867139022983
2.9999999999999996 4970.384174231536 98.69788249505747
3.0999999999999996 4966.203419362464 96.21772594324875
3.1999999999999997 4963.960918693689 99.8471880812413
3.3 4962.582099901531 98.97856627472034
3.4 4960.754553887093 99.29921973157383
3.5 4962.898525194698 101.08606048799238
3.6 4963.627342648555 95.61124143062307
3.7 4961.676988947197 98.91177336006992
3.8000000000000003 4954.577945724227 98.12249435498907
3.9000000000000004 4952.97119876305 94.34930221193761
4.0 4954.300235709769 101.17377408107266
