# Rounds: 1000, repetitions: 1000
# Good arm ~ N(5.0,1.0), 1 bad arm(s) ~ N(3.2,1.0)
# Observation noise range from 0.5 to 4.0 with step size 0.1

# Observation noise | mean | standard deviation

0.5 4996.974361515746 66.08534371536943
0.6 4997.716512716585 66.82453819591841
0.7 4997.828144307428 32.31057310225709
0.7999999999999999 4996.475592895525 38.10296445252923
0.8999999999999999 4996.40638505427 33.329436749728835
0.9999999999999999 4996.002390498445 32.720750802516434
1.0999999999999999 4994.036436900663 32.331935765921266
1.1999999999999997 4995.962088280554 32.21498767609369
1.2999999999999996 4994.938539293572 32.39567184857439
1.3999999999999995 4991.9217454233585 31.7700530497374
1.4999999999999993 4992.842875728925 31.813678909792962
1.5999999999999992 4990.394903284413 32.4809957910926
1.699999999999999 4991.013125546507 30.910455578909964
1.799999999999999 4987.151565088273 32.72558849395376
1.8999999999999988 4987.308862840967 31.472360130731367
1.9999999999999987 4984.54417445882 31.82653696449749
2.0999999999999988 4983.766214882883 32.273194019699744
2.199999999999999 4982.933042106271 32.00883716776282
2.299999999999999 4979.949805900133 32.25523069274647
2.399999999999999 4979.488269460281 33.06687676141562
2.499999999999999 4976.900872482418 32.862498580228
2.599999999999999 4975.751744463977 32.68638817295744
2.6999999999999993 4973.720644713492 33.0004024719014
2.7999999999999994 4972.888462174025 32.653485208082216
2.8999999999999995 4971.872680309775 33.372004063452124
2.9999999999999996 4968.755698329539 33.97163496833189
3.0999999999999996 4968.235615103686 33.613873175081885
3.1999999999999997 4964.074640064431 30.720798376806986
3.3 4962.637742731876 34.36200428998964
3.4 4960.4145466353175 32.50236803218705
3.5 4959.219400298449 32.5383449342099
3.6 4958.1730292351385 33.65554527925987
3.7 4956.617637830052 32.593447452037296
3.8000000000000003 4951.929790964885 34.61886827564688
3.9000000000000004 4948.207085671016 34.47673418901803
4.0 4949.927804795992 34.245931976711866
