# Rounds: 1000, repetitions: 1000
# Good arm ~ N(5.0,2.0), 1 bad arm(s) ~ N(1.8,2.0)
# Observation noise range from 0.5 to 4.0 with step size 0.1

# Observation noise | mean | standard deviation

0.5 4982.48068424468 188.10019380441992
0.6 4984.364891067476 199.08880546867894
0.7 4978.411750911733 212.08935507947876
0.7999999999999999 4990.430870771907 131.4480641256372
0.8999999999999999 4995.942188682523 67.9052111245593
0.9999999999999999 4994.943124715033 81.7094317731844
1.0999999999999999 4991.683821264405 119.35540081560214
1.1999999999999997 4996.32356204152 64.85767802647388
1.2999999999999996 4991.086322326673 64.78567868079759
1.3999999999999995 4996.353822280099 63.56302959221406
1.4999999999999993 4993.984897423069 67.63911043972819
1.5999999999999992 4993.0149341316555 64.40654247711792
1.699999999999999 4994.641455643209 61.67590594908424
1.799999999999999 4990.994898440379 64.07664032903732
1.8999999999999988 4990.80385172792 62.57091099426353
1.9999999999999987 4987.386707027739 62.78757727985353
2.0999999999999988 4989.762784376208 62.72760356713537
2.199999999999999 4985.628900302179 66.01580671139239
2.299999999999999 4985.910694073508 63.19672887965318
2.399999999999999 4986.350319276272 64.23081055353938
2.499999999999999 4986.362703181022 61.98319162180303
2.599999999999999 4985.008846568152 63.661652313206574
2.6999999999999993 4981.420998023343 62.51128337914084
2.7999999999999994 4981.287229875087 63.61018421182241
2.8999999999999995 4981.534909705549 63.95025013679099
2.9999999999999996 4975.104436762989 63.577031697553444
3.0999999999999996 4975.049133312692 64.47998864059169
3.1999999999999997 4971.164478902215 63.56458554957874
3.3 4972.491636868484 64.69042053228287
3.4 4971.20049184963 63.90871642111681
3.5 4970.367696213799 62.84120375702415
3.6 4969.243193967194 65.64788841072574
3.7 4966.513836318154 69.23538006201456
3.8000000000000003 4965.360893984236 65.64820252775513
3.9000000000000004 4967.601763747317 63.81539648573007
4.0 4959.815871351871 63.23878104112677
