# Rounds: 1000, repetitions: 1000
# Good arm ~ N(5.0,3.0), 1 bad arm(s) ~ N(4.9,3.0)
# Observation noise range from 0.5 to 4.0 with step size 0.1

# Observation noise | mean | standard deviation

0.5 4953.349894077103 107.3347057845414
0.6 4952.581350265216 108.62798194108082
0.7 4948.702170311631 104.58976352261111
0.7999999999999999 4951.914579089035 104.68982294926306
0.8999999999999999 4948.946361040456 106.59310797536862
0.9999999999999999 4948.237512937534 108.08592472466455
1.0999999999999999 4952.7964400576275 100.98441560292314
1.1999999999999997 4950.0385096530945 103.82646438518618
1.2999999999999996 4950.4356717423 105.96409825694414
1.3999999999999995 4950.365925868326 102.86352117957404
1.4999999999999993 4945.766761550121 103.36871803944908
1.5999999999999992 4949.719665262497 103.62228163653481
1.699999999999999 4948.445620936499 104.59281449915783
1.799999999999999 4948.625632428215 103.70790251928906
1.8999999999999988 4950.55983200539 101.66231982097023
1.9999999999999987 4952.060893607862 102.69476596156096
2.0999999999999988 4952.605356628767 102.37503291178727
2.199999999999999 4952.065104797536 99.67390860176342
2.299999999999999 4956.989676195759 101.49379901403857
2.399999999999999 4949.488082586144 102.57992575611975
2.499999999999999 4955.881642334037 97.32960780255814
2.599999999999999 4948.846909402203 103.43350391554688
2.6999999999999993 4953.508764581625 100.7082830566957
2.7999999999999994 4945.754781616964 99.7644632314961
2.8999999999999995 4952.0602329086 100.6636367212865
2.9999999999999996 4948.258629884878 95.17257266754896
3.0999999999999996 4948.157180462172 98.02658603328973
3.1999999999999997 4951.039860763977 101.93838366721064
3.3 4945.0202899695005 96.26985438234246
3.4 4940.209105029376 97.43189227361951
3.5 4943.830697602031 94.59988144705981
3.6 4951.569163386128 97.2204774867573
3.7 4944.204730439345 98.66725135545812
3.8000000000000003 4941.945933063633 94.20703251068376
3.9000000000000004 4946.763184256202 96.03542202817384
4.0 4941.40919424758 97.28192316898186
