# Rounds: 1000, repetitions: 1000
# Good arm ~ N(5.0,4.0), 1 bad arm(s) ~ N(1.3,4.0)
# Observation noise range from 0.5 to 4.0 with step size 0.1

# Observation noise | mean | standard deviation

0.5 4692.862449023313 988.6702130498393
0.6 4703.456736564649 996.202182959223
0.7 4799.838495827434 808.5184741546129
0.7999999999999999 4840.686013767105 716.089893931854
0.8999999999999999 4821.255941476782 732.4381955395947
0.9999999999999999 4865.442904417279 661.872476767098
1.0999999999999999 4845.667903655344 674.6831256140923
1.1999999999999997 4868.377073776503 597.2580131904601
1.2999999999999996 4904.866484438816 516.4551541114336
1.3999999999999995 4940.505668697416 395.544028452389
1.4999999999999993 4940.3370394599315 380.0083290225271
1.5999999999999992 4965.488727981327 231.20331342953344
1.699999999999999 4949.328563142828 356.17138514715356
1.799999999999999 4959.453364316277 258.01094810649505
1.8999999999999988 4953.610009632629 306.0622896014514
1.9999999999999987 4973.497537892278 180.94271580757712
2.0999999999999988 4976.408895908402 137.2514285807801
2.199999999999999 4974.447591554763 149.33075696128174
2.299999999999999 4967.541094448668 183.28684229209583
2.399999999999999 4975.921569966017 179.82003987504797
2.499999999999999 4982.043443187121 130.09386385859926
2.599999999999999 4973.477914535204 174.53294144652955
2.6999999999999993 4970.3473984169395 128.02620686819114
2.7999999999999994 4969.863053609708 128.8855899605469
2.8999999999999995 4970.617048273754 138.13426189079982
2.9999999999999996 4969.932540419183 150.92173952957114
3.0999999999999996 4978.379827075285 128.24229735822448
3.1999999999999997 4970.053767061832 129.06309504643897
3.3 4967.023257304833 128.8110597998178
3.4 4961.1748442749595 129.45835079751026
3.5 4963.367591147899 134.1641800183946
3.6 4963.7954523535345 130.95712324824765
3.7 4967.720674450936 124.0269409127298
3.8000000000000003 4962.773686556308 131.75309594292264
3.9000000000000004 4954.796579938719 127.25129265001364
4.0 4957.481405738116 131.2958754248314
