# Rounds: 1000, repetitions: 1000
# Good arm ~ N(5.0,2.0), 1 bad arm(s) ~ N(2.0,2.0)
# Observation noise range from 0.5 to 4.0 with step size 0.1

# Observation noise | mean | standard deviation

0.5 4972.407963715348 276.47039847966204
0.6 4966.682700448457 268.20197997903597
0.7 4981.687362053538 219.73201346679647
0.7999999999999999 4981.986462498983 170.0619874681136
0.8999999999999999 4990.086253684815 147.94990173215464
0.9999999999999999 4988.887609438474 81.67252015010902
1.0999999999999999 4992.411500389571 73.15065006404276
1.1999999999999997 4995.872329336571 77.39728932803267
1.2999999999999996 4993.906537316195 66.18311881630383
1.3999999999999995 4991.563527849773 62.91269524879807
1.4999999999999993 4994.308446468148 65.04796627695683
1.5999999999999992 4991.874283672116 66.20504327403775
1.699999999999999 4989.776095080127 65.91855008406989
1.799999999999999 4989.012428359131 63.993694617446366
1.8999999999999988 4983.384343800817 62.30717717739483
1.9999999999999987 4990.233570276426 62.59536774143311
2.0999999999999988 4986.09084778464 66.68264200392532
2.199999999999999 4985.357137018892 60.87508746799907
2.299999999999999 4982.297050836188 65.28723876454755
2.399999999999999 4986.088886787723 64.19947281140537
2.499999999999999 4980.783510187757 64.56778766090434
2.599999999999999 4982.133557431467 63.3225331108179
2.6999999999999993 4980.37816558582 63.717136841373765
2.7999999999999994 4978.362056930651 65.5026353442595
2.8999999999999995 4979.808507611859 62.27055326892693
2.9999999999999996 4976.796273710722 63.29949395895167
3.0999999999999996 4971.84349592856 65.0805315349958
3.1999999999999997 4972.7691759570935 64.90504542164271
3.3 4976.273984447798 64.34433449620431
3.4 4971.130390708804 66.24276350527565
3.5 4972.727643577993 64.80938124592113
3.6 4966.909479061989 66.50992289228678
3.7 4965.246691520385 67.09936523761867
3.8000000000000003 4964.748795041317 63.05421765049077
3.9000000000000004 4963.912894846968 63.984178434664486
4.0 4962.34898837851 65.47404317267807
