# Rounds: 50, repetitions: 1000
# Good arm ~ N(5.0,2.0), 5 bad arm(s) ~ N(3.0,2.0)
# Observation noise range from 0.1 to 10.0 with step size 0.1

# Observation noise | mean | standard deviation

0.1 220.40579350518766 34.60071719290308
0.2 218.03239152489246 34.3145553653875
0.30000000000000004 219.5145312917334 33.23672711890444
0.4000000000000001 221.53704059759156 32.82313533832446
0.5000000000000001 220.22820971941124 31.44450962895786
0.6000000000000001 220.51599947489342 30.681458292593863
0.7000000000000001 220.65141909053648 29.39063063117008
0.8 220.6456826498031 28.274345123772804
0.9 219.46118656201236 29.507559477818955
1.0 217.36709563610455 29.597350187615156
1.1 218.79203708076653 27.955241844678856
1.2000000000000002 218.6828590065033 28.086749270595018
1.3000000000000003 216.14723581271198 27.464768434573678
1.4000000000000004 213.87100456841068 27.294559347311782
1.5000000000000004 214.47448195995534 26.616053657137876
1.6000000000000005 214.10359956939115 26.511543768195136
1.7000000000000006 212.52314836834938 25.806787957970773
1.8000000000000007 211.92103740891253 25.58588722261179
1.9000000000000008 210.27726817132753 26.02740199363721
2.000000000000001 209.00057500870275 25.44153115585655
2.100000000000001 207.73823421441048 24.718376037313256
2.200000000000001 207.78760590000195 25.205692086380786
2.300000000000001 204.98458212586632 24.46989722749134
2.4000000000000012 205.55569598967278 24.40948812452209
2.5000000000000013 203.60457187603166 24.495293346132655
2.6000000000000014 201.07467888180187 23.841442903750362
2.7000000000000015 200.53457595178983 24.81912746541637
2.8000000000000016 198.8506904917578 23.59287788469226
2.9000000000000017 199.6904405004788 24.10513538193495
3.0000000000000018 197.75553902796122 24.023467352935562
3.100000000000002 196.2787544736091 23.533115637695563
3.200000000000002 195.89737429207813 23.468982232122897
3.300000000000002 192.93871166348958 23.126466381561556
3.400000000000002 193.28027677674405 22.590383370494457
3.500000000000002 191.7773543786286 22.32659687252758
3.6000000000000023 192.06442793955344 22.84365001320284
3.7000000000000024 191.88513501965448 21.503421568381214
3.8000000000000025 189.42543822088277 22.4771420356758
3.9000000000000026 188.0751807987545 21.79397939653834
4.000000000000003 187.35824607029843 21.466438062477838
4.100000000000003 188.68623508864655 20.844248886131147
4.200000000000004 186.55406315517862 20.90129366804384
4.300000000000004 186.4527925897543 21.003195564175538
4.400000000000005 185.2803689341551 20.647252072801628
4.500000000000005 185.0315472393086 19.564381307588846
4.600000000000006 182.3695033537332 20.015321641835573
4.700000000000006 183.09975724475797 20.064848054996563
4.800000000000007 184.1201123460055 19.282106429537645
4.9000000000000075 183.54374351307308 19.27972277158118
5.000000000000008 181.27794313323844 19.191207080354896
5.1000000000000085 181.82522540168046 19.281197561522436
5.200000000000009 180.69798705552586 19.465218990175998
5.30000000000001 180.50710133480098 18.608799051609584
5.40000000000001 179.82279754488022 18.42862903828076
5.500000000000011 179.24678841866137 18.782679222977386
5.600000000000011 178.62373056545238 17.993424579039793
5.700000000000012 177.9007932309951 18.687755487730477
5.800000000000012 176.90726762358068 17.958386301642268
5.900000000000013 177.7066728288035 18.056062272187756
6.000000000000013 176.93871032246994 17.396607649959495
6.100000000000014 176.39650728079192 17.94498110725539
6.200000000000014 175.88084645722714 16.94939381397463
6.300000000000015 176.5909254182227 17.609872243334014
6.4000000000000155 175.59645743996433 17.755807524333893
6.500000000000016 175.1588932738637 16.891296411106925
6.6000000000000165 175.7147025565476 17.92204569564256
6.700000000000017 174.89335164859563 16.57546987186024
6.800000000000018 175.47050910653877 16.98375103498312
6.900000000000018 174.9527822193977 17.053014054453577
7.000000000000019 173.64899613368726 17.336538835413656
7.100000000000019 173.32356159415343 16.992209280863786
7.20000000000002 173.72764068791935 17.09723293397511
7.30000000000002 174.14226962323576 16.151765639183544
7.400000000000021 174.1782051092046 16.752825829057482
7.500000000000021 174.07091320627532 16.546393911153018
7.600000000000022 173.36946072165782 16.017439059352245
7.700000000000022 173.8142483420792 17.08958142425781
7.800000000000023 172.48931606812405 16.182019879519377
7.9000000000000234 173.41048635691777 16.50237442296929
8.000000000000025 173.22227274000778 15.864262126355403
8.100000000000026 172.2172606079234 16.407460441950754
8.200000000000028 172.1721696313139 16.47700430980398
8.30000000000003 172.5499460572643 16.109398265018893
8.40000000000003 171.54705091233802 16.005276946844315
8.500000000000032 172.4905700406594 15.856987525853192
8.600000000000033 171.55685545153213 15.666358499900273
8.700000000000035 171.05710927189753 16.515294552463143
8.800000000000036 172.31557516323718 16.453136424412836
8.900000000000038 171.21796891451822 16.07182800711643
9.000000000000039 171.99073628318 15.554230548475624
9.10000000000004 171.882811835025 14.932215739704791
9.200000000000042 171.47879701007506 16.238346093199674
9.300000000000043 171.3026125985314 15.70919230854118
9.400000000000045 170.96172607818477 16.217393039673144
9.500000000000046 171.58406592268528 15.782242608877187
9.600000000000048 170.718653338402 16.218159644191374
9.700000000000049 170.80624794595738 16.03239703820551
9.80000000000005 170.09321168597833 16.56003867290239
9.900000000000052 170.46024463026376 16.004265314767522
10.000000000000053 170.51334268763478 16.333913773393586
