# Rounds: 5000, repetitions: 1000
# Good arm ~ N(5.0,3.0), 4 bad arm(s) ~ N(4.7,3.0)
# Observation noise range from 0.5 to 4.0 with step size 0.1

# Observation noise | mean | standard deviation

0.5 24090.73343330864 741.2414917795953
0.6 24161.164502001877 742.556162370894
0.7 24199.454853474726 738.7460577976275
0.7999999999999999 24207.134566245375 724.493409900854
0.8999999999999999 24295.831661039178 709.0471813430431
0.9999999999999999 24257.1810642005 710.8820793887054
1.0999999999999999 24279.60430391919 701.9290157386376
1.1999999999999997 24321.540690455127 675.7130240507092
1.2999999999999996 24364.26392164722 641.1586309856141
1.3999999999999995 24418.27583025366 621.2349465163802
1.4999999999999993 24423.521557039032 596.9148931293807
1.5999999999999992 24455.74746620743 599.086307823706
1.699999999999999 24485.062269539012 544.5286266726872
1.799999999999999 24477.962952842125 547.0398474073173
1.8999999999999988 24520.430619462153 513.914824177241
1.9999999999999987 24495.072629742233 511.533366552238
2.0999999999999988 24535.22119749511 476.83260687887696
2.199999999999999 24500.155016481152 471.7619739840275
2.299999999999999 24527.138772938782 421.7555008720779
2.399999999999999 24497.40491032164 431.2296950371709
2.499999999999999 24522.86425219071 406.6734116962617
2.599999999999999 24492.636905241943 395.41317178297027
2.6999999999999993 24492.995576407873 396.6125154004871
2.7999999999999994 24463.772531119947 391.5249592643749
2.8999999999999995 24441.051209452173 381.3533804852578
2.9999999999999996 24481.272630497573 377.8516077689742
3.0999999999999996 24464.75369034535 361.0034935240607
3.1999999999999997 24440.63603533764 357.59714969315553
3.3 24439.442818370444 363.0015068002684
3.4 24431.86145527295 354.56722166751365
3.5 24415.532640954698 335.6401248591109
3.6 24394.124613598513 336.8914515405586
3.7 24363.600091803833 341.2479289484933
3.8000000000000003 24377.547712339685 327.4041747619323
3.9000000000000004 24369.622409878746 344.6642114028438
4.0 24375.466510262348 333.13080585268233
