# Rounds: 5000, repetitions: 1000
# Good arm ~ N(5.0,1.0), 4 bad arm(s) ~ N(0.4,1.0)
# Observation noise range from 0.5 to 4.0 with step size 0.1

# Observation noise | mean | standard deviation

0.5 24986.078511872915 72.71243932357855
0.6 24985.45730155124 72.57784946800996
0.7 24985.700603475187 71.35156243940338
0.7999999999999999 24985.54468878378 70.40534394683793
0.8999999999999999 24981.53411531102 70.2025280316475
0.9999999999999999 24985.082505322818 70.48340995141373
1.0999999999999999 24979.068372471284 71.32698550680355
1.1999999999999997 24975.976598377998 71.32252040211361
1.2999999999999996 24975.75870134659 71.38872897796485
1.3999999999999995 24970.756368200982 70.32521024056796
1.4999999999999993 24973.925691833814 74.09154306137509
1.5999999999999992 24966.274473802947 72.1420595857347
1.699999999999999 24964.108088745936 72.82754469316289
1.799999999999999 24963.16633089943 71.71056725198923
1.8999999999999988 24958.05468327552 71.09287744009502
1.9999999999999987 24954.856713653047 71.01467639281638
2.0999999999999988 24947.735430924993 72.74627749007125
2.199999999999999 24943.581485339993 71.32641400985138
2.299999999999999 24943.542130577014 72.34022354061217
2.399999999999999 24939.61365246075 68.5874996559326
2.499999999999999 24929.706570169772 73.73613171832959
2.599999999999999 24926.234722851357 71.73989569389572
2.6999999999999993 24920.245645028535 75.43339349263123
2.7999999999999994 24921.10947987962 73.2802490556719
2.8999999999999995 24910.44977801598 71.1766593410103
2.9999999999999996 24908.987340678974 71.19762510911548
3.0999999999999996 24903.100380665655 70.27418828540769
3.1999999999999997 24895.60337482589 72.94200459197492
3.3 24892.968902214358 74.3151323068003
3.4 24885.573381128594 69.71975818880546
3.5 24886.110064878234 70.4707089666504
3.6 24876.111035205326 68.48858048721279
3.7 24867.38055188825 71.12645983406941
3.8000000000000003 24863.36885380419 73.21556995210452
3.9000000000000004 24854.819982716246 73.081458277603
4.0 24854.00078761886 74.29889313888927
