# Rounds: 5000, repetitions: 1000
# Good arm ~ N(5.0,5.0), 4 bad arm(s) ~ N(2.1,5.0)
# Observation noise range from 0.5 to 4.0 with step size 0.1

# Observation noise | mean | standard deviation

0.5 21376.026908641565 6192.942580170414
0.6 21163.703746986586 6238.805043166662
0.7 21640.841809072692 5954.777397590783
0.7999999999999999 22215.377728762 5522.696479826833
0.8999999999999999 22414.68393277846 5321.68332127148
0.9999999999999999 22632.746523012476 5097.50094624322
1.0999999999999999 23125.567730868566 4608.692565874131
1.1999999999999997 23094.026411020415 4599.931935523313
1.2999999999999996 23457.076518310878 4184.083576907347
1.3999999999999995 23507.266227946322 4074.191502736053
1.4999999999999993 23819.51605759523 3504.813757273667
1.5999999999999992 23952.671086998802 3289.4063590725327
1.699999999999999 24071.76164864206 3055.2572655242193
1.799999999999999 24355.873827429692 2488.3012876029798
1.8999999999999988 24423.33590168796 2267.896210607922
1.9999999999999987 24496.45388181123 2087.4415713754393
2.0999999999999988 24533.326898560626 1898.179675296286
2.199999999999999 24531.93939232184 1898.5040938435825
2.299999999999999 24763.233004722562 905.4598361562328
2.399999999999999 24746.95502986503 1132.951313312253
2.499999999999999 24698.895798572776 1400.9814227531717
2.599999999999999 24695.758906916217 1369.052124856514
2.6999999999999993 24757.347699289872 1009.2589117647148
2.7999999999999994 24802.082167790944 696.9747853558995
2.8999999999999995 24802.588373729275 488.60515606618253
2.9999999999999996 24799.185528645365 769.9294987611939
3.0999999999999996 24802.730064890293 492.24518887686895
3.1999999999999997 24821.028025710108 411.5151778595917
3.3 24799.17668484199 505.85383702323713
3.4 24794.86902281445 462.56552739852157
3.5 24801.79699500322 402.2818500415132
3.6 24796.03398379904 396.8168037620264
3.7 24783.905375063554 383.8259197236999
3.8000000000000003 24782.75966875028 448.79131014501485
3.9000000000000004 24759.893534250477 390.25905836588106
4.0 24782.814666228383 352.98064405073904
