# Rounds: 5000, repetitions: 1000
# Good arm ~ N(5.0,5.0), 4 bad arm(s) ~ N(4.5,5.0)
# Observation noise range from 0.5 to 8.0 with step size 0.1

# Observation noise | mean | standard deviation

0.5 23363.621062868267 1211.3792870598757
0.6 23345.527729335136 1201.99632125271
0.7 23438.53166700498 1235.9431345402022
0.7999999999999999 23509.78166719934 1232.1216041393232
0.8999999999999999 23504.434673153028 1219.222772291542
0.9999999999999999 23541.530756068798 1248.199509699498
1.0999999999999999 23568.883493295976 1237.176216040503
1.1999999999999997 23654.400191551376 1207.1756367105643
1.2999999999999996 23724.796260909636 1215.1863682343178
1.3999999999999995 23679.78592005763 1189.2533699652504
1.4999999999999993 23739.680395890588 1200.475397835684
1.5999999999999992 23803.365933888213 1181.3465937737342
1.699999999999999 23847.46632279772 1167.1393010279037
1.799999999999999 23833.266382833688 1140.8697952127525
1.8999999999999988 23861.069854252168 1118.2430440648961
1.9999999999999987 23932.62661077179 1077.2419097073087
2.0999999999999988 23912.274467765958 1095.6279772791436
2.199999999999999 23940.252049564184 1108.3345319878906
2.299999999999999 23999.25490397103 1054.561015061973
2.399999999999999 24004.82197811938 1032.855546737452
2.499999999999999 24053.56898817183 998.9716232136758
2.599999999999999 24106.09885704959 968.5025748431142
2.6999999999999993 24120.244508671592 963.2683097476875
2.7999999999999994 24102.19390743699 940.6012796297358
2.8999999999999995 24159.56073999069 880.4876311219566
2.9999999999999996 24176.758337038038 873.3538971435104
3.0999999999999996 24128.60630470026 883.0734201032311
3.1999999999999997 24171.17895622928 847.1248811171243
3.3 24144.950177636187 835.3960962254449
3.4 24206.399378052472 756.3275788660121
3.5 24204.989552585874 807.0008755914008
3.6 24193.340352472394 767.324723569221
3.7 24174.80827470381 775.8839349474473
3.8000000000000003 24206.69259752952 748.7823400132654
3.9000000000000004 24192.665685451968 725.6472122343555
4.0 24176.234077708 718.314738058046
4.1 24176.008340856733 725.7276341644139
4.199999999999999 24196.839301951994 674.3954570473883
4.299999999999999 24165.544974208333 680.8750202524334
4.399999999999999 24172.172853099946 687.1900811581748
4.499999999999998 24145.322688356508 674.1023120823997
4.599999999999998 24137.35670103893 658.5126282423752
4.6999999999999975 24150.002767677262 645.9542492955959
4.799999999999997 24132.750252503516 645.1052158679855
4.899999999999997 24123.72466047423 615.191764027621
4.9999999999999964 24128.990298488305 618.7041399998681
5.099999999999996 24094.837955129122 627.8298891844107
5.199999999999996 24099.82592095557 635.1690954422585
5.299999999999995 24070.957487614385 635.4257186343822
5.399999999999995 24068.02142402722 621.3994926898305
5.499999999999995 24033.210977025115 620.6397290755433
5.599999999999994 24077.479826478968 591.4753886359878
5.699999999999994 24053.253525502092 626.8464754605862
5.799999999999994 23990.04578631219 606.7247461462322
5.899999999999993 23968.431484318775 625.6204839285566
5.999999999999993 24012.236388943507 566.0518386341139
6.0999999999999925 24021.869151588064 571.9268234135463
6.199999999999992 23989.932822357707 570.2707012376104
6.299999999999992 23979.560801236403 571.1839185153974
6.3999999999999915 23980.263195832857 560.8289860310061
6.499999999999991 23937.82244661861 559.9770502852509
6.599999999999991 23931.96481146478 554.745483881971
6.69999999999999 23928.542381693656 561.615386842359
6.79999999999999 23930.158669183922 561.1301767570687
6.89999999999999 23907.670213169466 551.6152503253691
6.999999999999989 23929.996444224154 532.5383435371297
7.099999999999989 23899.25359120932 539.0189990395626
7.199999999999989 23872.69312901688 548.3403009663178
7.299999999999988 23870.987035385442 561.0174600020742
7.399999999999988 23872.467811819442 538.9312287616762
7.499999999999988 23872.657104199454 537.0243753536906
7.599999999999987 23841.858620932206 537.2679732741525
7.699999999999987 23842.244862422467 535.8620079455325
7.7999999999999865 23822.482867584327 557.6755168524471
7.899999999999986 23829.13214622076 535.8615740921418
7.999999999999986 23822.66343926544 531.1424332992165
