# Rounds: 5000, repetitions: 1000
# Good arm ~ N(5.0,3.0), 4 bad arm(s) ~ N(2.3,3.0)
# Observation noise range from 0.5 to 4.0 with step size 0.1

# Observation noise | mean | standard deviation

0.5 23601.40875373271 3939.455547650582
0.6 24108.07249993865 3152.35677758749
0.7 24295.568431523126 2706.8581907526923
0.7999999999999999 24394.043608506043 2528.5231538819567
0.8999999999999999 24521.643160066873 2205.4950639867293
0.9999999999999999 24575.492563713073 2022.3626696648548
1.0999999999999999 24620.370711518393 1971.5383256193543
1.1999999999999997 24697.760119962495 1627.8253229868876
1.2999999999999996 24735.44047812575 1444.4993221844654
1.3999999999999995 24885.76139165427 604.008082114672
1.4999999999999993 24841.53666337572 910.1689548610561
1.5999999999999992 24931.604473408228 283.0733279052341
1.699999999999999 24902.237946975096 536.2453747290119
1.799999999999999 24917.54918045709 227.92149782950838
1.8999999999999988 24917.978688971532 222.7327546996403
1.9999999999999987 24896.937556514546 417.68718473409785
2.0999999999999988 24915.125183018125 230.55118518671338
2.199999999999999 24892.50325581964 416.9500252650579
2.299999999999999 24904.839607567283 226.60764207867226
2.399999999999999 24901.050747389036 227.09939316796903
2.499999999999999 24891.452951061303 217.7038424710894
2.599999999999999 24887.171544055007 218.7088528283607
2.6999999999999993 24886.794686945486 211.24969139236842
2.7999999999999994 24877.928563510402 221.64706655402853
2.8999999999999995 24871.14983570674 219.34237282813854
2.9999999999999996 24862.154190761903 220.03756605197734
3.0999999999999996 24863.55645734043 218.48052091075044
3.1999999999999997 24856.378618317085 226.11028887257064
3.3 24861.129760770396 215.48130828033445
3.4 24840.09551085684 211.70382864117616
3.5 24831.660210774466 220.64571182004622
3.6 24832.55021212389 226.9275883829324
3.7 24812.96962354008 210.84862767797543
3.8000000000000003 24814.00551211679 222.02184814691006
3.9000000000000004 24810.404927487256 212.47092692787018
4.0 24793.5028125311 213.10988642577558
