# Rounds: 5000, repetitions: 1000
# Good arm ~ N(5.0,2.0), 4 bad arm(s) ~ N(1.0,2.0)
# Observation noise range from 0.5 to 4.0 with step size 0.1

# Observation noise | mean | standard deviation

0.5 24924.255985536933 999.9013359566197
0.6 24986.998928365454 204.07864672749955
0.7 24971.119894805965 140.74583354468388
0.7999999999999999 24968.78945364567 391.91579348479183
0.8999999999999999 24980.082715534147 139.16837593686517
0.9999999999999999 24974.130498599643 141.85389774735168
1.0999999999999999 24974.48975256504 142.99102612657325
1.1999999999999997 24973.74369093546 144.27746341735224
1.2999999999999996 24975.339284477133 148.0308700079011
1.3999999999999995 24965.82509488639 146.56722994752005
1.4999999999999993 24965.7519779048 144.03233909897577
1.5999999999999992 24960.89210182949 143.06467127389416
1.699999999999999 24960.473895728905 144.34429975283336
1.799999999999999 24950.24362311997 141.7239579710974
1.8999999999999988 24950.694214559197 140.42421505791364
1.9999999999999987 24949.202810072868 143.74253394176677
2.0999999999999988 24943.76041559614 144.65288534366098
2.199999999999999 24941.551087812088 147.13047701488597
2.299999999999999 24931.927277881106 140.94704652430048
2.399999999999999 24918.708114285528 143.27902228542223
2.499999999999999 24915.97516243261 147.07279777017465
2.599999999999999 24921.27689622874 144.04467205542682
2.6999999999999993 24912.57004858324 140.71550346480095
2.7999999999999994 24915.898854625306 144.43319357244937
2.8999999999999995 24905.796241311433 134.66739740721616
2.9999999999999996 24895.31135035152 143.3273938418425
3.0999999999999996 24903.198752616285 144.7304960763716
3.1999999999999997 24892.788981610505 138.50663243176578
3.3 24885.964162996544 144.11267678152888
3.4 24879.090513493098 143.35988083703222
3.5 24880.44590928041 141.1127151021245
3.6 24864.084506856605 144.07474437020838
3.7 24862.028960274907 141.1355792855687
3.8000000000000003 24855.918400963485 142.90436569710732
3.9000000000000004 24843.98747302012 141.50589351881985
4.0 24844.283789585963 143.6564145007365
