# Rounds: 5000, repetitions: 1000
# Good arm ~ N(5.0,3.0), 4 bad arm(s) ~ N(0.2,3.0)
# Observation noise range from 0.5 to 4.0 with step size 0.1

# Observation noise | mean | standard deviation

0.5 24497.42534284469 3218.3141274525938
0.6 24711.920883808103 2330.313751211103
0.7 24871.469606677816 1363.1907978825466
0.7999999999999999 24882.898816665464 1079.3227313754671
0.8999999999999999 24912.455370272655 1083.5313756508417
0.9999999999999999 24921.41494014899 836.7604522330504
1.0999999999999999 24941.97325664617 785.3467976954106
1.1999999999999997 24947.59113769214 338.024970491658
1.2999999999999996 24953.21450644844 392.6903010755717
1.3999999999999995 24961.567673501253 213.50987771315437
1.4999999999999993 24960.04865854352 211.46002435293227
1.5999999999999992 24946.973832646698 330.0840733087623
1.699999999999999 24955.428992501587 216.13067597553265
1.799999999999999 24959.969308695578 215.906445689159
1.8999999999999988 24931.070383733277 220.12005142984177
1.9999999999999987 24947.72567389068 221.48778088768867
2.0999999999999988 24943.942694233116 215.0858260828394
2.199999999999999 24941.511164997577 220.32912346694462
2.299999999999999 24928.10723715605 217.91923374542785
2.399999999999999 24923.594450087334 208.36677109795784
2.499999999999999 24928.18232456657 220.39108755995798
2.599999999999999 24938.93009367143 217.1354189872444
2.6999999999999993 24912.358757992773 219.13893969589023
2.7999999999999994 24916.388322801293 213.65547912212523
2.8999999999999995 24906.099244429723 213.8990422075643
2.9999999999999996 24894.538335118177 212.59963586025464
3.0999999999999996 24891.400910911307 219.50427479342588
3.1999999999999997 24892.647319941367 213.68658201465377
3.3 24889.60923220184 211.79463013833166
3.4 24882.834889502665 217.86947327464517
3.5 24891.750606260557 209.55419305294512
3.6 24882.201011803816 209.22882946811802
3.7 24856.5631672439 225.53476544617743
3.8000000000000003 24869.778711473537 221.58487279386324
3.9000000000000004 24851.482761830095 205.28444383388256
4.0 24849.90497106336 224.67158515381013
