# Rounds: 5000, repetitions: 1000
# Good arm ~ N(5.0,5.0), 4 bad arm(s) ~ N(0.3,5.0)
# Observation noise range from 0.5 to 4.0 with step size 0.1

# Observation noise | mean | standard deviation

0.5 22321.167173936137 7298.800882968636
0.6 22262.63462193853 7363.894613672285
0.7 22587.634703475156 6947.91979005258
0.7999999999999999 23402.25041422781 5643.40246027719
0.8999999999999999 23448.522664285287 5531.074051872557
0.9999999999999999 23538.001454312714 5282.1053335456345
1.0999999999999999 23906.82790685975 4606.9452366705655
1.1999999999999997 24159.22132865212 3856.4355404655757
1.2999999999999996 24344.51414255514 3468.9304163714855
1.3999999999999995 24348.701839074958 3323.304466806947
1.4999999999999993 24336.78524174154 3429.8951016397377
1.5999999999999992 24600.808543142386 2421.189375436527
1.699999999999999 24691.412767466714 2168.019601540738
1.799999999999999 24826.42642397086 1201.4204386362987
1.8999999999999988 24812.370113881185 1378.96797887251
1.9999999999999987 24871.10826394397 820.9688884129413
2.0999999999999988 24821.003934643435 1198.173457732492
2.199999999999999 24854.946578217267 1114.6986739453089
2.299999999999999 24907.190525342256 368.5867126388213
2.399999999999999 24898.848222702876 404.51040130616155
2.499999999999999 24853.02059171653 1135.890926264598
2.599999999999999 24878.049583362263 832.5385805366628
2.6999999999999993 24877.321027527254 357.4316460325985
2.7999999999999994 24885.99501576868 364.0465817605386
2.8999999999999995 24881.00227533523 375.27603478209824
2.9999999999999996 24853.35930423733 377.30617249743705
3.0999999999999996 24885.05490017955 362.8089171245844
3.1999999999999997 24885.468788271093 360.6312945347663
3.3 24867.970090978284 364.8311744575223
3.4 24863.92409847863 353.03418415967656
3.5 24854.842106738044 369.6302749758454
3.6 24846.67379818411 355.09162534473984
3.7 24864.602966041763 343.8641223704621
3.8000000000000003 24837.2314155811 360.1299185205649
3.9000000000000004 24811.073569229604 347.72646075665165
4.0 24825.12995565709 359.86182269427303
