# Rounds: 5000, repetitions: 1000
# Good arm ~ N(5.0,5.0), 4 bad arm(s) ~ N(0.1,5.0)
# Observation noise range from 0.5 to 4.0 with step size 0.1

# Observation noise | mean | standard deviation

0.5 22043.756882790207 7797.082788007921
0.6 22293.005027350217 7514.366206857608
0.7 23459.100626925465 5623.0907110487115
0.7999999999999999 23465.814037882275 5724.293047178296
0.8999999999999999 23591.669626643597 5447.069576601384
0.9999999999999999 23843.920040008044 4744.382044435741
1.0999999999999999 23799.17330269875 4950.01228121248
1.1999999999999997 24226.719019600667 3961.921876906984
1.2999999999999996 24546.41906026827 2759.5984132743883
1.3999999999999995 24544.26568300672 2823.281543345319
1.4999999999999993 24701.436833816435 2237.954761904036
1.5999999999999992 24642.816031192568 2264.5773286854414
1.699999999999999 24737.668323678114 1953.4696677351203
1.799999999999999 24763.399099668415 1768.9834352556513
1.8999999999999988 24817.576076325204 1392.0922924902895
1.9999999999999987 24785.509248954997 1639.3080155856903
2.0999999999999988 24900.937554431977 541.6854830967375
2.199999999999999 24899.468627208626 499.7724680828274
2.299999999999999 24893.21608243057 443.460917669998
2.399999999999999 24872.41414448002 851.1360595354869
2.499999999999999 24877.27303349038 364.96294979825274
2.599999999999999 24902.67898060137 351.6449746608465
2.6999999999999993 24871.807384896325 372.0457014194322
2.7999999999999994 24912.231305522277 357.70717125502836
2.8999999999999995 24885.129960850612 356.55600106468006
2.9999999999999996 24880.726038493383 355.72321744091545
3.0999999999999996 24883.697662712035 364.9157826464691
3.1999999999999997 24858.926806439667 368.61059221992883
3.3 24877.22534947993 353.2596177884822
3.4 24861.85393719514 368.62666384735604
3.5 24857.753904481327 369.9069306275774
3.6 24868.65071006036 355.13932468618725
3.7 24829.427075656306 356.8255600777528
3.8000000000000003 24825.551807820004 351.9741272222113
3.9000000000000004 24842.410600966323 361.53731704900514
4.0 24823.19735084732 342.0986139270528
