# Rounds: 5000, repetitions: 1000
# Good arm ~ N(5.0,5.0), 4 bad arm(s) ~ N(2.8,5.0)
# Observation noise range from 0.5 to 4.0 with step size 0.1

# Observation noise | mean | standard deviation

0.5 21058.395594190046 5180.487412870166
0.6 21530.321493909098 4960.403779427034
0.7 21615.46177802754 4925.55629954028
0.7999999999999999 22153.46567127045 4621.263713138839
0.8999999999999999 22289.72399134541 4536.93423067037
0.9999999999999999 22524.876625428406 4389.425851183299
1.0999999999999999 22442.891028584418 4410.209603569104
1.1999999999999997 22922.724131726558 4032.9308095183937
1.2999999999999996 23116.642451274984 3860.3250536913224
1.3999999999999995 23072.60803641161 3915.3783417404693
1.4999999999999993 23532.83754152965 3415.266567966195
1.5999999999999992 23407.257067733455 3560.4338453666146
1.699999999999999 23815.493510819764 3030.8500067571576
1.799999999999999 23927.100143039224 2821.2456099354004
1.8999999999999988 24132.608226629156 2479.8714542487287
1.9999999999999987 24190.98857690707 2360.8241322204526
2.0999999999999988 24178.05681210983 2432.2299011405426
2.199999999999999 24449.371238467167 1784.22455633764
2.299999999999999 24461.396296668958 1863.5876289668736
2.399999999999999 24519.760317685115 1549.3697200959095
2.499999999999999 24523.073522558992 1579.9287242463442
2.599999999999999 24677.9365242745 1102.9895875711104
2.6999999999999993 24675.34739976553 1214.207206775258
2.7999999999999994 24635.60525799827 1178.334364034092
2.8999999999999995 24675.63331650613 798.0586063332025
2.9999999999999996 24720.299146263005 719.7216724701016
3.0999999999999996 24714.0415847217 635.6280945908719
3.1999999999999997 24728.080921767098 515.2442854756218
3.3 24690.290178247433 692.7097816201938
3.4 24751.764910102243 480.2052080320213
3.5 24720.72914166818 567.5887630440044
3.6 24703.736565497795 582.5643832889293
3.7 24722.154459947342 491.9493334195411
3.8000000000000003 24720.00223584575 518.4491872462542
3.9000000000000004 24696.138731728908 421.5981648596065
4.0 24720.77264502586 393.31964860796404
