# Rounds: 5000, repetitions: 1000
# Good arm ~ N(5.0,4.0), 4 bad arm(s) ~ N(2.1,4.0)
# Observation noise range from 0.5 to 4.0 with step size 0.1

# Observation noise | mean | standard deviation

0.5 22480.204086622773 5378.5872362884
0.6 22665.164046876234 5216.202074632289
0.7 23118.811399786246 4664.728117750099
0.7999999999999999 23464.380267115208 4183.56149239001
0.8999999999999999 23543.52537723753 4138.710802777463
0.9999999999999999 23702.812456224576 3868.08741285461
1.0999999999999999 24146.705759273485 3103.412151358896
1.1999999999999997 24231.62608958876 2913.496394418053
1.2999999999999996 24368.096950873212 2633.4400206316154
1.3999999999999995 24403.88458403096 2492.944338291941
1.4999999999999993 24417.200296170362 2478.842344944911
1.5999999999999992 24640.10972581962 1713.9467086865477
1.699999999999999 24748.91075301225 1490.9108138353602
1.799999999999999 24855.611067591733 695.7342658411832
1.8999999999999988 24805.793727762575 914.8096150431912
1.9999999999999987 24806.94618988859 931.5857607505874
2.0999999999999988 24849.37830751073 740.3630157469354
2.199999999999999 24862.288397573233 720.6790604163207
2.299999999999999 24825.096977679077 761.2357289553972
2.399999999999999 24874.58599646561 320.60497318298087
2.499999999999999 24861.833901023554 332.72841177748876
2.599999999999999 24875.58608909231 432.89566183563113
2.6999999999999993 24860.5708712366 538.3485986557159
2.7999999999999994 24859.728662090314 365.9729571366091
2.8999999999999995 24879.405017653746 299.26122235532415
2.9999999999999996 24849.079401131145 302.8196951916588
3.0999999999999996 24843.699962379244 306.8486040059805
3.1999999999999997 24848.4845705615 299.14849268463865
3.3 24846.34156329516 293.34439413998524
3.4 24826.36540946129 293.0259154927506
3.5 24828.879835675103 303.73215949575103
3.6 24838.006019889424 289.2833491380503
3.7 24824.951113424722 283.5828137919579
3.8000000000000003 24827.49542395691 284.3077704512914
3.9000000000000004 24800.465746379865 286.8841993350334
4.0 24805.99436509321 296.43239216559635
