# Rounds: 5000, repetitions: 1000
# Good arm ~ N(5.0,5.0), 4 bad arm(s) ~ N(3.6,5.0)
# Observation noise range from 0.5 to 4.0 with step size 0.1

# Observation noise | mean | standard deviation

0.5 22080.719292632883 3388.1148049663307
0.6 21991.023594470207 3412.9422736435013
0.7 22122.139637950222 3356.3787292200864
0.7999999999999999 22266.53594761322 3344.679132417367
0.8999999999999999 22375.539124727216 3284.7607045353134
0.9999999999999999 22623.088626099394 3169.8257510129015
1.0999999999999999 22611.685818786475 3197.395521957893
1.1999999999999997 22871.3338367986 3072.8166757299796
1.2999999999999996 23055.29030580246 2996.380365635326
1.3999999999999995 22951.472625132134 2986.053885318831
1.4999999999999993 23159.981326708657 2869.4294355913817
1.5999999999999992 23406.700936735666 2711.2160104714835
1.699999999999999 23610.037052006326 2527.137516097661
1.799999999999999 23408.37014727551 2619.6041483704307
1.8999999999999988 23885.617537266073 2237.956923022773
1.9999999999999987 23833.37374075685 2243.4602425310927
2.0999999999999988 23907.99492904281 2189.563589547337
2.199999999999999 24037.128144768314 2023.401702027107
2.299999999999999 24147.537589032454 1868.0507855491296
2.399999999999999 24115.121759986494 1858.4749261978388
2.499999999999999 24285.20767305301 1621.1222922587724
2.599999999999999 24224.80871447657 1684.8139976766015
2.6999999999999993 24326.11890612524 1543.828244050947
2.7999999999999994 24396.616441088787 1410.4430760019384
2.8999999999999995 24424.04265254558 1299.1046351990528
2.9999999999999996 24434.80327165565 1212.964019232439
3.0999999999999996 24474.903449659425 1113.6728360331297
3.1999999999999997 24460.52549873772 1085.4554053477207
3.3 24522.9019660139 944.2164629103737
3.4 24595.59906467968 727.4027594491757
3.5 24542.85000332919 840.0174244623754
3.6 24536.662234085106 842.3048872825374
3.7 24525.347225970792 869.3966373311961
3.8000000000000003 24519.16578395843 778.4151937976181
3.9000000000000004 24547.44471375189 700.6316200620455
4.0 24567.048942272926 660.1894086376377
