# Rounds: 10, repetitions: 1000
# Good arm ~ N(5.0,5.0), 10 bad arm(s) ~ N(2.0,5.0)
# Observation noise range from 0.5 to 8.0 with step size 0.1

# Observation noise | mean | standard deviation

0.5 27.174934965770767 19.102684326289435
0.6 26.643160086685736 18.318799179212505
0.7 26.568952042316923 19.299227552523245
0.7999999999999999 25.915848203595093 18.238696272311007
0.8999999999999999 27.128314784041326 18.14889565242932
0.9999999999999999 26.669240083264985 19.545895331340635
1.0999999999999999 26.586089534452253 18.9076987970946
1.1999999999999997 27.461625182470733 18.439993301190878
1.2999999999999996 26.457868823513387 18.064476868908912
1.3999999999999995 26.87401818587355 18.308318624121803
1.4999999999999993 26.765972083096536 17.97698318615089
1.5999999999999992 26.73858165648639 17.893855179728575
1.699999999999999 26.64681841948131 18.844540572221447
1.799999999999999 26.11067172248889 17.920814163296495
1.8999999999999988 26.67291643388051 17.6632624355175
1.9999999999999987 26.416355497144096 17.358016280866284
2.0999999999999988 27.05613536842815 17.49890365070361
2.199999999999999 26.581774854066932 18.215874686573574
2.299999999999999 26.529237506345453 18.33512272380205
2.399999999999999 26.50017297774942 18.136063828108092
2.499999999999999 26.85533446645295 18.240781631948188
2.599999999999999 25.127766202700855 17.31395297857
2.6999999999999993 25.91412501103505 17.92817437396399
2.7999999999999994 26.438016699147624 17.308357446620377
2.8999999999999995 26.836737713884453 17.152020191058643
2.9999999999999996 25.853654343838823 17.575710774561678
3.0999999999999996 25.519165194139017 16.929798462280402
3.1999999999999997 26.43515733554091 17.895852604607185
3.3 25.102564394531427 17.336065897581655
3.4 25.367430871354134 17.871161296081826
3.5 25.92111812526039 18.233051178256375
3.6 25.487472368382356 17.017367945077822
3.7 25.07746652024553 17.095754728442188
3.8000000000000003 25.915609755513017 17.617114620448557
3.9000000000000004 26.58283941675471 17.42500742040678
4.0 25.489905884692284 17.141138972939867
4.1 25.2282198020781 17.378611348545608
4.199999999999999 26.230396521352116 16.955379414810448
4.299999999999999 25.753688888647673 18.024250731580562
4.399999999999999 25.181366602974162 17.622991996552443
4.499999999999998 25.498725333137653 17.84296550570664
4.599999999999998 25.088803081817517 16.95350202291887
4.6999999999999975 26.067152367574177 17.923392504416547
4.799999999999997 25.485501555733798 16.492161208976032
4.899999999999997 25.265530051140853 16.637414693297004
4.9999999999999964 26.05378426203206 16.763938278357287
5.099999999999996 25.741096887665112 16.601619789507307
5.199999999999996 25.202536431251442 17.657737232220903
5.299999999999995 25.006708576097996 16.974634080079465
5.399999999999995 25.340040066886978 16.704540409557854
5.499999999999995 25.260386154885683 16.651901797023207
5.599999999999994 25.105378032565383 16.71389355694656
5.699999999999994 24.792001534975107 16.769537046244217
5.799999999999994 24.993074364869184 17.474573631407267
5.899999999999993 25.215033781443886 16.402980696028614
5.999999999999993 24.42768849907908 16.572045531875357
6.0999999999999925 25.07994283311353 16.857812156541225
6.199999999999992 25.256541666189634 17.013036648584492
6.299999999999992 24.792634438582475 17.543956285499824
6.3999999999999915 24.784830352690594 17.044037665804964
6.499999999999991 25.150817716050813 16.25054761597366
6.599999999999991 25.30959603052545 16.42651714719304
6.69999999999999 24.588157829674113 17.22463300471292
6.79999999999999 24.700006914279868 17.17990494999609
6.89999999999999 25.20839863584987 16.590646625655946
6.999999999999989 24.48103612323513 16.805311924414138
7.099999999999989 24.833097680170866 16.72370205503203
7.199999999999989 25.37921257428073 17.167557101058293
7.299999999999988 25.02921607064771 17.183646920287963
7.399999999999988 24.685050397681266 16.632820334294703
7.499999999999988 25.35171954869768 16.809829447756027
7.599999999999987 26.46901471681649 16.903336520982936
7.699999999999987 25.105207063749056 16.780895078537743
7.7999999999999865 25.602199034912708 17.024350464056177
7.899999999999986 24.969227787860692 17.079401505115225
7.999999999999986 25.07529201601852 17.126417011634683
