# Rounds: 10, repetitions: 1000
# Good arm ~ N(5.0,4.0), 10 bad arm(s) ~ N(0.0,4.0)
# Observation noise range from 0.5 to 8.0 with step size 0.1

# Observation noise | mean | standard deviation

0.5 12.462707937753903 19.431072580884358
0.6 11.934523241954953 19.390001650146313
0.7 12.11197647363572 20.076371556571175
0.7999999999999999 12.15253873595398 19.059106476949307
0.8999999999999999 11.997914251894464 19.93326047086369
0.9999999999999999 12.096135524119411 19.3500460877355
1.0999999999999999 12.369928081703318 19.338168770486295
1.1999999999999997 10.53881901565017 18.203973588940116
1.2999999999999996 10.574810054481805 19.26350799697294
1.3999999999999995 10.564673071371024 18.36008064239142
1.4999999999999993 10.614708518539206 18.655032309373286
1.5999999999999992 10.633602010478729 18.00206700639702
1.699999999999999 10.120741459115914 19.378406536101828
1.799999999999999 10.198598584309659 17.62067696741607
1.8999999999999988 8.993172099458501 16.978326859624705
1.9999999999999987 10.34012170735839 18.25655584177067
2.0999999999999988 11.271236478173314 17.90809311691013
2.199999999999999 9.667230163109803 17.17505321318621
2.299999999999999 8.7160136931658 17.479286070270035
2.399999999999999 8.843664709923466 17.760514061175147
2.499999999999999 8.516321359956578 17.019412774342722
2.599999999999999 8.667850202554709 16.736025614965634
2.6999999999999993 8.690125578179108 17.108218408933386
2.7999999999999994 8.773253983482968 16.472078732437158
2.8999999999999995 8.282552308634022 16.231669881952836
2.9999999999999996 9.34807791798185 16.189522899529532
3.0999999999999996 7.519345381817511 15.66432094385794
3.1999999999999997 7.765550266870587 15.404560272945577
3.3 7.410829178513551 15.516859508570715
3.4 7.138638890042231 15.209455514243801
3.5 7.7072975343840495 15.959561345397509
3.6 7.216849428640124 15.301598489009832
3.7 7.64450211987986 15.596230154317439
3.8000000000000003 6.455751656190349 15.59533774305171
3.9000000000000004 7.343274720259946 15.213995879509492
4.0 5.940987098614591 15.549853355459042
4.1 6.688462539619383 15.208990771413877
4.199999999999999 6.3902921460413635 15.45048696792288
4.299999999999999 6.527061740661926 15.316830169140292
4.399999999999999 6.301597295061566 15.30058115225627
4.499999999999998 7.272666214001125 15.350917938029657
4.599999999999998 6.8932087429413285 15.18458869222105
4.6999999999999975 5.90255502983961 15.38178522204662
4.799999999999997 7.1814021610346295 15.186583416687812
4.899999999999997 6.170139749476869 14.592179876240268
4.9999999999999964 5.819261791962811 14.569018802657252
5.099999999999996 6.217894753758154 14.616458724632798
5.199999999999996 5.50463881769375 14.714783472945951
5.299999999999995 5.777830369405121 14.481780699126611
5.399999999999995 6.129923853911429 14.568345139695142
5.499999999999995 5.8888555385090005 14.204347356910825
5.599999999999994 5.708889099393759 13.972126909834657
5.699999999999994 4.90297037447133 14.62668290293188
5.799999999999994 5.135990434656653 14.325809527672577
5.899999999999993 5.496757018119913 13.70627902375147
5.999999999999993 6.3798498834245985 14.73753924602477
6.0999999999999925 6.54110036782641 14.118433970028835
6.199999999999992 4.713372659155603 14.651099326634856
6.299999999999992 4.652228494267382 14.490025092034983
6.3999999999999915 5.505568818305707 14.768134785142772
6.499999999999991 5.642544585962542 14.154408873169853
6.599999999999991 4.6028296185972435 14.188410118622473
6.69999999999999 4.8026581772627965 14.195217932167973
6.79999999999999 5.6153498890373 14.106509515345484
6.89999999999999 5.616919383573829 14.72868626527338
6.999999999999989 5.560324808352296 13.695208604684106
7.099999999999989 5.458628727111861 14.395249732118073
7.199999999999989 5.590316600297589 14.291466943773292
7.299999999999988 4.672689414658817 14.002440124552217
7.399999999999988 5.515092486005202 14.856918800063974
7.499999999999988 4.9349490752940195 14.415453319148078
7.599999999999987 4.708155338671346 14.295257129711112
7.699999999999987 5.62841006148607 14.468206891379657
7.7999999999999865 4.961179499154858 14.173649715875063
7.899999999999986 4.782844124156943 14.204414672974142
7.999999999999986 5.962754746136643 15.426199097659973
