# Rounds: 10, repetitions: 1000
# Good arm ~ N(5.0,2.0), 10 bad arm(s) ~ N(4.5,2.0)
# Observation noise range from 0.5 to 8.0 with step size 0.1

# Observation noise | mean | standard deviation

0.5 49.729584298869206 6.425229296618588
0.6 49.8842126727207 6.7515315121921295
0.7 49.991159385535944 6.6645216482874545
0.7999999999999999 49.97921565768988 6.846114641084856
0.8999999999999999 50.23761479178205 6.843027149739836
0.9999999999999999 50.25757423466841 6.795094475656807
1.0999999999999999 50.22215217213997 6.807102263881619
1.1999999999999997 50.25373809220289 6.751547238934506
1.2999999999999996 49.95287092561217 6.4316005399830205
1.3999999999999995 50.10759484744622 6.701463566589664
1.4999999999999993 49.467272483194634 6.674017804320963
1.5999999999999992 50.15091179043822 6.65621250957646
1.699999999999999 49.80603629335418 6.449369167358278
1.799999999999999 49.91521971132126 6.747078377710477
1.8999999999999988 49.74299094266968 6.808028157274845
1.9999999999999987 49.73798338781232 6.6744926761596775
2.0999999999999988 50.069370931904714 6.65491198011509
2.199999999999999 49.52636724574912 6.700256116556625
2.299999999999999 49.99619281953294 6.442475661207447
2.399999999999999 50.3339690124715 6.541507662098592
2.499999999999999 50.033048937079144 6.771113244084057
2.599999999999999 49.73327522924238 6.795145326686298
2.6999999999999993 49.78468009695517 6.5316385780117265
2.7999999999999994 50.142695818026596 6.7266747666197295
2.8999999999999995 49.79282770638913 6.534908016106921
2.9999999999999996 49.94744457254203 6.5538715098199445
3.0999999999999996 50.00315878859245 6.67883104392058
3.1999999999999997 50.08613632133706 6.472355810284616
3.3 49.93305181794173 6.817540609934797
3.4 49.97072374830075 6.637106254666787
3.5 49.74328752371383 6.899424074836414
3.6 49.86450100041426 6.675686498678969
3.7 50.19993935717453 6.755278072925533
3.8000000000000003 50.31370181731746 6.526307814527395
3.9000000000000004 50.16534866844122 6.651354618597802
4.0 50.01959969737253 6.624043123460743
4.1 49.855661080073034 6.600997171329463
4.199999999999999 49.83171516570634 6.561290838931067
4.299999999999999 49.947453094696414 6.584935810732089
4.399999999999999 50.037831216774514 6.649002990551416
4.499999999999998 49.869901870501714 6.735572615016094
4.599999999999998 49.9067277298551 6.671201072495887
4.6999999999999975 50.34592809672073 6.322035810066733
4.799999999999997 49.856011117423044 6.700187941551294
4.899999999999997 50.10360425642778 6.800253273669308
4.9999999999999964 49.87466765312667 6.549571556827215
5.099999999999996 50.029511322565845 6.640546118676724
5.199999999999996 49.796137977109815 6.825876832030621
5.299999999999995 50.33514308925342 6.803246642434744
5.399999999999995 49.84846321683652 6.547000897857315
5.499999999999995 49.84388873892865 6.589644177026063
5.599999999999994 49.91191456539444 6.890722517584787
5.699999999999994 49.74624579960042 6.845954003566863
5.799999999999994 49.98791366650806 6.665002122183708
5.899999999999993 49.946771389856764 6.753057326708217
5.999999999999993 49.86553341281957 6.6539734215449275
6.0999999999999925 50.25335785128318 6.686016264119735
6.199999999999992 49.859597318052266 6.914182998198248
6.299999999999992 50.179062648222114 6.291802340612415
6.3999999999999915 50.260447426445225 6.7637728041357486
6.499999999999991 50.15414970637069 6.573559394200079
6.599999999999991 49.86699502712682 6.621251128519323
6.69999999999999 49.81813244192291 6.998075024631258
6.79999999999999 49.848302781809025 6.700611329444555
6.89999999999999 50.06237743367585 6.50773882705639
6.999999999999989 49.869464810192845 6.782733495060482
7.099999999999989 50.12939607568543 6.66396222306255
7.199999999999989 49.76007406349925 6.492107260240223
7.299999999999988 49.91570096531574 6.566197741982908
7.399999999999988 49.783502493917396 6.72689043795483
7.499999999999988 49.59808765353825 6.962381608200256
7.599999999999987 50.081965364019986 6.730279549374284
7.699999999999987 49.76228217899129 6.63016752052186
7.7999999999999865 50.160232448564834 6.975470852404068
7.899999999999986 50.083629135123836 6.6817422768155605
7.999999999999986 50.027765153215775 6.8956262257332
