# Rounds: 10000, repetitions: 1000
# Good arm ~ N(5.0,3.0), 10 bad arm(s) ~ N(4.0,3.0)
# Observation noise range from 0.5 to 8.0 with step size 0.1

# Observation noise | mean | standard deviation

0.5 46279.9827935326 4662.240773114063
0.6 46915.4840812768 4351.996482846741
0.7 47057.77414997384 4277.82095247066
0.7999999999999999 47530.34815536675 3979.7613343289463
0.8999999999999999 47648.49772438348 3865.400438199943
0.9999999999999999 47983.22440307571 3628.081358428932
1.0999999999999999 48376.79109605555 3231.6197604538065
1.1999999999999997 48525.492762038506 3020.1116098984608
1.2999999999999996 48583.367659572265 2923.80616036506
1.3999999999999995 48815.420467936245 2579.987159373546
1.4999999999999993 49174.34459882524 1981.8154467607437
1.5999999999999992 49045.11539495773 2122.3720570067644
1.699999999999999 49186.11107205881 1858.076538865943
1.799999999999999 49329.56920122089 1409.2689074782147
1.8999999999999988 49364.33227989282 1244.9759670360072
1.9999999999999987 49384.26213998393 1184.3638209710857
2.0999999999999988 49402.28112024638 937.239841553733
2.199999999999999 49428.147190579104 853.4642746134284
2.299999999999999 49423.628313444795 916.2046996349451
2.399999999999999 49387.73504031217 682.3180201123492
2.499999999999999 49370.732098943074 615.4008169436072
2.599999999999999 49393.28085904544 621.5529657335572
2.6999999999999993 49342.44493781959 654.4690607475081
2.7999999999999994 49306.146492834414 496.1826113449534
2.8999999999999995 49306.56717801427 462.54663993526196
2.9999999999999996 49276.69998597739 394.352164088363
3.0999999999999996 49258.61491690659 356.300930018296
3.1999999999999997 49191.30120184002 479.8841842330746
3.3 49192.77384520132 386.3935007549566
3.4 49136.22869521833 381.68789389404645
3.5 49076.93338093871 359.5851774346516
3.6 49040.05847324566 367.7865799404281
3.7 49013.52535182365 431.57741812806563
3.8000000000000003 48964.524408253936 370.160351594985
3.9000000000000004 48945.686906918796 362.59316984881633
4.0 48900.05246142751 377.5858568451389
4.1 48864.054554520044 376.42372855135187
4.199999999999999 48827.3950433198 379.48567004840567
4.299999999999999 48793.456047705076 369.17374103330854
4.399999999999999 48742.986838086836 383.62858477589054
4.499999999999998 48703.169076472004 367.5639284597516
4.599999999999998 48674.974492209105 367.5653499077756
4.6999999999999975 48616.57195498756 383.24046987677167
4.799999999999997 48579.379812927415 404.6867985704015
4.899999999999997 48525.61209883766 390.38652208394933
4.9999999999999964 48501.528008765694 397.93755166635816
5.099999999999996 48471.31881962254 375.4082656574045
5.199999999999996 48410.18950793186 400.6206461312615
5.299999999999995 48398.92231570671 399.63860835065583
5.399999999999995 48339.034970904744 376.50340693889086
5.499999999999995 48289.633032007616 413.36883120321124
5.599999999999994 48238.62353807033 391.9279081059675
5.699999999999994 48200.68784191978 407.99749091502076
5.799999999999994 48139.67584410806 406.9327979649018
5.899999999999993 48117.725166906785 402.3889222678865
5.999999999999993 48071.250519889065 429.07770012556387
6.0999999999999925 48021.094318093266 417.00236955426914
6.199999999999992 47998.582062558395 407.5522167574071
6.299999999999992 47942.41114122263 406.8939891402663
6.3999999999999915 47911.68443704731 403.88030933967923
6.499999999999991 47882.97943623181 415.21900453889583
6.599999999999991 47803.26530726633 403.9133972513294
6.69999999999999 47761.78371944006 419.0984615423188
6.79999999999999 47738.86325919608 422.81002271474625
6.89999999999999 47671.76338153136 425.35037741793053
6.999999999999989 47610.60812221817 432.42256085945064
7.099999999999989 47586.162981818874 429.11210205305065
7.199999999999989 47536.084332779195 418.81750258141136
7.299999999999988 47492.725275081284 449.2820841070373
7.399999999999988 47452.936636717466 419.44606734282775
7.499999999999988 47388.799695551235 441.909733255594
7.599999999999987 47355.94557073946 442.4927459387519
7.699999999999987 47318.41534708193 448.10732056339816
7.7999999999999865 47281.84594119317 449.7104603433524
7.899999999999986 47223.91784897883 435.19842595222883
7.999999999999986 47190.85517986113 450.136764658925
