# Rounds: 10000, repetitions: 1000
# Good arm ~ N(5.0,1.0), 10 bad arm(s) ~ N(4.0,1.0)
# Observation noise range from 0.5 to 8.0 with step size 0.1

# Observation noise | mean | standard deviation

0.5 49910.709168429385 501.61074623219093
0.6 49913.18250967644 543.8584769941081
0.7 49923.577499664294 163.9883418507968
0.7999999999999999 49916.275699502214 116.84904857879786
0.8999999999999999 49900.075908228595 105.36926598063283
0.9999999999999999 49882.23954032212 104.98389148207912
1.0999999999999999 49864.85706873095 104.546317328058
1.1999999999999997 49840.7561524437 105.41633942714972
1.2999999999999996 49825.55500064617 103.4179623552332
1.3999999999999995 49798.88273875269 103.43619215281562
1.4999999999999993 49776.625267373536 106.14306727029484
1.5999999999999992 49748.64771617455 105.19437726039
1.699999999999999 49724.72845339818 102.0989619598203
1.799999999999999 49693.49770721955 108.1736087098746
1.8999999999999988 49669.9767341245 105.62529799042255
1.9999999999999987 49636.18479509162 106.65310313798669
2.0999999999999988 49609.82331729097 108.42690898866962
2.199999999999999 49577.67535350287 109.43122740051626
2.299999999999999 49548.473340193035 111.55057710406454
2.399999999999999 49522.795330833986 108.42600920476322
2.499999999999999 49477.7110423 110.35963090871583
2.599999999999999 49449.90149688274 108.2650322476076
2.6999999999999993 49416.668802056374 106.94513573121989
2.7999999999999994 49389.339809061006 111.62842926930442
2.8999999999999995 49345.56137705951 114.40818324634543
2.9999999999999996 49317.71865495059 113.39534296528413
3.0999999999999996 49282.81362006586 110.53045976393642
3.1999999999999997 49239.86371902272 113.3510096576991
3.3 49198.559255608845 113.55359858104617
3.4 49170.829655291396 112.69873386936565
3.5 49128.00491595624 117.51564709769622
3.6 49091.340815802745 117.00699581914063
3.7 49057.66427172868 115.18256407468157
3.8000000000000003 49022.77038502181 116.78038401008885
3.9000000000000004 48978.16897389291 119.37445788006264
4.0 48943.514666607465 120.87473518498679
4.1 48901.03653783173 125.06373426621532
4.199999999999999 48851.5208650772 126.34776160587387
4.299999999999999 48813.71880147379 116.89020282967985
4.399999999999999 48773.78153259261 122.33937043063541
4.499999999999998 48736.078474792266 123.75121514029482
4.599999999999998 48693.40218211779 124.06469447709183
4.6999999999999975 48648.43539440269 116.4620535690558
4.799999999999997 48615.12115371384 125.84666914891491
4.899999999999997 48567.87168935346 126.6843484017281
4.9999999999999964 48525.53887603187 126.18545094181898
5.099999999999996 48483.90131111074 125.97722048277105
5.199999999999996 48444.946790749054 128.22630445281663
5.299999999999995 48400.296116753874 132.54612241212337
5.399999999999995 48359.38852078912 126.27281984367515
5.499999999999995 48311.6088924269 132.2902147036668
5.599999999999994 48273.47608490895 129.83621352613557
5.699999999999994 48238.89006496012 130.16827084358818
5.799999999999994 48186.96238231357 134.23048748630856
5.899999999999993 48141.77910015962 126.22627982450932
5.999999999999993 48104.51594643871 137.30431391516836
6.0999999999999925 48055.46355456237 133.14745955705655
6.199999999999992 48013.5339430602 137.61358166884636
6.299999999999992 47973.116292343046 131.20827704846053
6.3999999999999915 47931.3622535398 134.28217883636054
6.499999999999991 47878.924033233474 139.94773163351948
6.599999999999991 47850.087287450544 135.64701172424904
6.69999999999999 47790.822945994645 146.91118066642187
6.79999999999999 47747.596166796095 140.28399185424175
6.89999999999999 47710.92934740406 143.01619782439997
6.999999999999989 47671.559854772815 141.67405606160975
7.099999999999989 47619.1270212314 142.2496708489035
7.199999999999989 47572.0793920659 147.1971643524408
7.299999999999988 47533.97628528227 147.99404085343613
7.399999999999988 47490.951017476946 147.09207875596297
7.499999999999988 47447.60302451457 147.98920953408168
7.599999999999987 47408.18061029394 143.3506041670006
7.699999999999987 47365.411712264875 144.39468445797306
7.7999999999999865 47319.00186964556 152.3033120045577
7.899999999999986 47283.470621825545 144.54233905121248
7.999999999999986 47229.53665018148 149.1706972609011
