# Rounds: 50, repetitions: 1000
# Good arm ~ N(5.0,4.0), 19 bad arm(s) ~ N(4.0,4.0)
# Observation noise range from 0.5 to 8.0 with step size 0.1

# Observation noise | mean | standard deviation

0.5 208.88630584877257 29.307892969331366
0.6 208.87685404236942 29.222357221443634
0.7 209.08572260391338 29.300722222044243
0.7999999999999999 208.22712013920406 30.11152960126509
0.8999999999999999 207.176565228967 30.650146070565686
0.9999999999999999 207.864968792806 30.290402618671337
1.0999999999999999 208.46358420037876 30.767224095824805
1.1999999999999997 206.4828318011156 30.080201267954322
1.2999999999999996 207.15595322361608 29.407489219873778
1.3999999999999995 208.45724266069936 29.73932561201792
1.4999999999999993 209.7662827549563 28.48687613874331
1.5999999999999992 207.97267801167393 29.03653401548246
1.699999999999999 209.53563583439959 29.855021006549634
1.799999999999999 207.43048875556238 29.184119181764103
1.8999999999999988 207.98784438651077 29.313725446031015
1.9999999999999987 207.22215472424568 28.459435725991604
2.0999999999999988 208.38297317442098 28.814004411018498
2.199999999999999 206.9754663422167 29.275641615804293
2.299999999999999 208.2089155683103 29.586255728670654
2.399999999999999 207.56861526823783 28.85572626423835
2.499999999999999 208.23883490475734 30.65684483912098
2.599999999999999 207.95286531879236 28.468728274172133
2.6999999999999993 209.8969403960715 27.77523371690686
2.7999999999999994 207.99783082769193 28.645087188189297
2.8999999999999995 208.7147216802311 29.370577566277987
2.9999999999999996 208.25931604570022 28.45093908700746
3.0999999999999996 208.082702108414 30.32611294109797
3.1999999999999997 208.35095711959315 29.45987804636738
3.3 205.67325614882625 29.929351011195642
3.4 207.91300550493042 29.57936231051324
3.5 207.4677809719254 29.1682136799146
3.6 207.438870353986 28.367294631880792
3.7 206.5689974911379 27.719225200651692
3.8000000000000003 209.07189876560608 29.574560425416855
3.9000000000000004 209.41947580236354 29.337955971556315
4.0 207.78318385782603 28.7976073136001
4.1 206.39072630914546 29.090742829301192
4.199999999999999 206.15525615909078 28.756363232872197
4.299999999999999 207.260909303615 28.16803295155324
4.399999999999999 207.00684292591583 29.468424768232786
4.499999999999998 206.87391544213853 30.276716634731926
4.599999999999998 207.40247778065162 29.066128961209962
4.6999999999999975 208.48376012333966 28.525790583482586
4.799999999999997 206.187562842601 29.197597825174448
4.899999999999997 207.46565263647028 29.610145480110074
4.9999999999999964 206.4729489424875 28.539574844556302
5.099999999999996 207.86507904359263 29.762108749087577
5.199999999999996 206.24724099773562 28.511243713804724
5.299999999999995 207.41597146257055 27.995427317897324
5.399999999999995 207.60861794851277 28.86290067618879
5.499999999999995 207.80982152292603 28.70704015734486
5.599999999999994 206.89971072172924 29.017296289298518
5.699999999999994 207.28909269344817 27.64613391125116
5.799999999999994 207.48039408439288 28.8683004544772
5.899999999999993 205.90297586573774 28.06523070441097
5.999999999999993 207.2417668729034 27.932199383683177
6.0999999999999925 205.3900492252335 27.229490489966107
6.199999999999992 207.45888556264455 28.06884067059762
6.299999999999992 207.3116418244368 29.37173940252848
6.3999999999999915 207.41264851072376 28.729766805102553
6.499999999999991 208.3517364802585 29.43959645913884
6.599999999999991 207.1746294005657 27.31911970327917
6.69999999999999 207.47472399176448 28.274519475546594
6.79999999999999 207.11378486792128 29.077214726524506
6.89999999999999 206.21097343894397 28.627414043961913
6.999999999999989 206.24858893575455 28.015356346845074
7.099999999999989 206.16927404174822 27.604114426403054
7.199999999999989 205.11989642228866 27.763192698287664
7.299999999999988 205.63702496241697 28.53717959039442
7.399999999999988 206.6521312178589 28.223019530750904
7.499999999999988 207.8925197296727 28.074078478525532
7.599999999999987 206.5347507544267 28.669666769388098
7.699999999999987 206.64311924325685 28.666564438871706
7.7999999999999865 208.61425828353606 28.601607839080035
7.899999999999986 206.35220534255723 28.383573191808473
7.999999999999986 206.2140701015813 29.559333854962844
