# Rounds: 50, repetitions: 1000
# Good arm ~ N(5.0,0.0), 10 bad arm(s) ~ N(1.0,0.0)
# Observation noise range from 0.5 to 8.0 with step size 0.1

# Observation noise | mean | standard deviation

0.5 215.16400000000002 3.229788775684174
0.6 214.804 3.416028871841284
0.7 214.58 4.227703096655861
0.7999999999999999 214.5079999999999 3.8383158635876526
0.8999999999999999 214.03200000000012 4.66612781101722
0.9999999999999999 213.57599999999985 4.949011690905233
1.0999999999999999 212.89599999999967 6.026068162367359
1.1999999999999997 211.94399999999985 6.305285133966651
1.2999999999999996 210.52400000000003 7.408394448752585
1.3999999999999995 209.21199999999988 7.516085919383012
1.4999999999999993 206.78799999999998 8.727842301006078
1.5999999999999992 203.74399999999986 9.410580376524244
1.699999999999999 200.74 10.295163446511726
1.799999999999999 197.90799999999996 10.298815543624517
1.8999999999999988 195.03600000000003 11.327091727668162
1.9999999999999987 191.56400000000005 11.753299283352058
2.0999999999999988 187.97999999999988 11.734107946038725
2.199999999999999 184.05200000000005 12.380249051071889
2.299999999999999 180.9039999999998 12.334623096265538
2.399999999999999 176.37999999999997 13.281566172707194
2.499999999999999 172.36799999999985 14.071481179413306
2.599999999999999 169.08399999999986 14.49451741297502
2.6999999999999993 165.2559999999998 15.518224101980183
2.7999999999999994 161.5399999999997 15.835882519619034
2.8999999999999995 156.88799999999992 16.412703398064295
2.9999999999999996 153.98399999999998 16.477112588048893
3.0999999999999996 149.6839999999999 17.682670070462223
3.1999999999999997 146.65999999999977 16.867273191150428
3.3 142.34000000000003 16.295457708881354
3.4 139.53999999999996 18.174011519053657
3.5 136.50800000000007 17.863847655336
3.6 133.2040000000001 17.676618648566436
3.7 129.5319999999998 18.79676286742728
3.8000000000000003 126.36400000000005 19.099955819642975
3.9000000000000004 122.42800000000003 18.72002284334216
4.0 119.844 19.061663385208824
4.1 117.31599999999986 18.73422309878675
4.199999999999999 116.42800000000005 18.993092258859566
4.299999999999999 113.71199999999996 17.83219120139318
4.399999999999999 110.69999999999985 18.637203259752933
4.499999999999998 107.07999999999987 17.745436047065784
4.599999999999998 106.64000000000003 18.059583288341607
4.6999999999999975 103.976 17.760260438711217
4.799999999999997 102.74799999999999 17.645618829155993
4.899999999999997 101.90799999999999 17.27199634836282
4.9999999999999964 98.50000000000001 16.67705382026826
5.099999999999996 97.37999999999995 17.01343754380805
5.199999999999996 96.15999999999994 16.352424951725123
5.299999999999995 93.76000000000018 16.869231487266152
5.399999999999995 94.17199999999998 15.73766469620223
5.499999999999995 92.03999999999998 14.994640350446554
5.599999999999994 91.62400000000015 15.460195394678601
5.699999999999994 90.30399999999999 15.101776307694553
5.799999999999994 90.40800000000006 15.332469488657724
5.899999999999993 89.07599999999996 14.725864153762743
5.999999999999993 86.79599999999989 14.280136774775897
6.0999999999999925 86.8239999999999 13.80781226985941
6.199999999999992 85.93999999999987 14.202750371604743
6.299999999999992 83.97999999999998 13.472531651813231
6.3999999999999915 84.23600000000003 13.46215189089521
6.499999999999991 84.07199999999997 13.442303058312328
6.599999999999991 83.53999999999995 13.922580157364447
6.69999999999999 82.808 13.25121619817327
6.79999999999999 83.10400000000007 13.533230668703345
6.89999999999999 81.31600000000002 13.161510907542846
6.999999999999989 81.52400000000014 13.03377548154421
7.099999999999989 80.91999999999987 12.717048530351821
7.199999999999989 80.428 12.486982851783665
7.299999999999988 79.51200000000001 12.745992166807389
7.399999999999988 79.45199999999997 12.344232502512094
7.499999999999988 78.69999999999999 12.123736428386458
7.599999999999987 78.76800000000009 11.418430564510947
7.699999999999987 78.23600000000005 11.698254278017421
7.7999999999999865 77.76399999999998 11.42746213692661
7.899999999999986 77.56400000000001 11.47543417869623
7.999999999999986 77.77200000000002 11.32980054459832
