# Rounds: 50, repetitions: 1000
# Good arm ~ N(5.0,2.0), 10 bad arm(s) ~ N(1.0,2.0)
# Observation noise range from 0.5 to 8.0 with step size 0.1

# Observation noise | mean | standard deviation

0.5 203.82008741636153 24.566140515842406
0.6 200.5858754360865 30.30905406158991
0.7 200.6384103882903 28.34487315110126
0.7999999999999999 199.38296455537997 27.374491545142757
0.8999999999999999 200.49929301887568 25.866597958378957
0.9999999999999999 199.63650846830478 26.40671695869201
1.0999999999999999 199.19669430592026 25.541292478140125
1.1999999999999997 197.05940110961774 25.619907441542342
1.2999999999999996 194.61446656147942 26.21975120447797
1.3999999999999995 191.37402997600938 28.134915131728302
1.4999999999999993 189.8838811949677 27.922643781697268
1.5999999999999992 188.16388573457232 27.403982376667468
1.699999999999999 184.65036515243398 26.90939994574563
1.799999999999999 182.59228169673148 29.974459566707857
1.8999999999999988 180.09856084320322 26.4137949924232
1.9999999999999987 176.85444548785966 28.128936284729924
2.0999999999999988 173.7714989121791 28.686257012652696
2.199999999999999 170.42437040391056 32.534717617905244
2.299999999999999 167.42299445998037 29.84511296828145
2.399999999999999 164.2741179918342 30.613133644890414
2.499999999999999 160.6325005475068 30.49351811296397
2.599999999999999 158.64616134854225 30.048713875452833
2.6999999999999993 153.1391531064818 30.863421779519264
2.7999999999999994 151.9223705474418 30.86608391697411
2.8999999999999995 148.98648643488534 31.955458583225845
2.9999999999999996 141.9240481707719 33.22040551867374
3.0999999999999996 141.4489487590178 32.43563297087576
3.1999999999999997 138.49672050785122 31.733865083819484
3.3 136.44906259132372 31.780947495225366
3.4 134.5148523128209 30.95468282438661
3.5 128.24691755454202 31.0721985862572
3.6 128.36333203196455 30.20618895884062
3.7 124.50213145233174 30.776864686585988
3.8000000000000003 122.78905801296025 30.166728769757377
3.9000000000000004 119.99244167240298 30.848725434944235
4.0 115.34721659213484 30.210520250969306
4.1 114.51014219820101 28.148256035412853
4.199999999999999 111.70614381039844 29.510457017284022
4.299999999999999 109.09941503700718 28.891148588826834
4.399999999999999 108.45528101524428 27.473667052985533
4.499999999999998 106.78573029494453 28.447903615216173
4.599999999999998 104.53703161786895 27.964188478750163
4.6999999999999975 102.6803976959679 26.160528925129384
4.799999999999997 101.1512210990643 27.16366357017276
4.899999999999997 99.69746375884009 26.45532228345117
4.9999999999999964 98.22217841205926 26.733938849190405
5.099999999999996 96.56175795475062 24.852729213375966
5.199999999999996 94.57528534319401 23.3592431592803
5.299999999999995 94.49823964320645 25.210749799002777
5.399999999999995 92.85546540103627 24.298095520802615
5.499999999999995 90.61844449473081 24.15995129952687
5.599999999999994 91.39642362494422 23.466770523595336
5.699999999999994 90.34329181546325 22.785386887013228
5.799999999999994 89.13831828558638 23.23013214604962
5.899999999999993 88.01806934390706 22.224809319001483
5.999999999999993 86.88715569218328 22.44718673199883
6.0999999999999925 86.1886620585737 21.594133629595586
6.199999999999992 85.78559962975649 21.786823048642894
6.299999999999992 85.85433942037822 21.46403860276534
6.3999999999999915 84.94198516727832 20.69197613292257
6.499999999999991 84.59101150033014 20.648271305764325
6.599999999999991 82.80319578715572 20.868849502683112
6.69999999999999 83.60055808161043 20.75790379154033
6.79999999999999 82.64736450359023 20.324589105339054
6.89999999999999 81.05809338994874 19.79335844098451
6.999999999999989 80.90543020202709 20.598761602098314
7.099999999999989 80.80606602967899 19.785046089131477
7.199999999999989 80.52730270727203 19.785687735925745
7.299999999999988 80.78530408285309 19.267143238626318
7.399999999999988 79.98547363057278 19.139435575347406
7.499999999999988 79.03053381512102 19.37828745767401
7.599999999999987 78.75278272609566 20.445397399668526
7.699999999999987 78.23966012058823 19.35107246707471
7.7999999999999865 77.94873252063694 19.960348697062347
7.899999999999986 78.3524579913522 18.560953872888767
7.999999999999986 77.41443726843809 19.458260840359916
