# Rounds: 100, repetitions: 1000
# Good arm ~ N(5.0,0.0), 7 bad arm(s) ~ N(4.5,0.0)
# Observation noise range from 0.5 to 8.0 with step size 0.1

# Observation noise | mean | standard deviation

0.5 488.08449999999925 3.486296604423387
0.6 484.8735000000001 3.467531041176348
0.7 481.82749999999976 3.687966220675673
0.7999999999999999 479.2499999999996 3.637063132285201
0.8999999999999999 477.06049999999976 3.335223150474859
0.9999999999999999 475.25800000000044 3.5827045331385814
1.0999999999999999 473.6444999999996 3.5598514424470373
1.1999999999999997 472.2620000000002 3.6216670847100856
1.2999999999999996 471.10049999999995 3.747090930367239
1.3999999999999995 470.20899999999966 3.6322186074095284
1.4999999999999993 469.4655000000005 3.505973702354533
1.5999999999999992 468.63300000000004 3.654061187659982
1.699999999999999 467.97200000000015 3.56502811004702
1.799999999999999 467.5395000000006 3.651098501858074
1.8999999999999988 466.94550000000027 3.534370031776736
1.9999999999999987 466.8335000000001 3.457959692540563
2.0999999999999988 466.04550000000035 3.5783353999079273
2.199999999999999 465.7184999999996 3.660314966728368
2.299999999999999 465.50000000000034 3.5083198697251556
2.399999999999999 465.1139999999997 3.547264733155264
2.499999999999999 465.0025000000003 3.6600737547062976
2.599999999999999 464.4714999999999 3.551838017604866
2.6999999999999993 464.26000000000016 3.456131485468235
2.7999999999999994 464.10850000000056 3.3485355665485224
2.8999999999999995 463.9329999999998 3.518435787447373
2.9999999999999996 463.75649999999945 3.360319850773053
3.0999999999999996 463.5129999999998 3.372789158353465
3.1999999999999997 463.53900000000016 3.3376067201841777
3.3 463.3339999999996 3.3964658072737874
3.4 463.17400000000055 3.35499329060134
3.5 462.9000000000003 3.252472686830521
3.6 463.01899999999944 3.3381555209849423
3.7 462.60600000000005 3.204845555566607
3.8000000000000003 462.51400000000035 3.2557493613458544
3.9000000000000004 462.65299999999974 3.1698010408602393
4.0 462.27700000000016 3.203753273121234
4.1 462.3049999999998 3.2100279249999155
4.199999999999999 462.1514999999999 3.000466722120169
4.299999999999999 461.98149999999964 3.083085007450029
4.399999999999999 462.0335000000001 2.95742694315923
4.499999999999998 461.8884999999999 3.146143030118938
4.599999999999998 461.87850000000003 3.074889053720913
4.6999999999999975 461.8149999999999 2.9842387104051635
4.799999999999997 461.84199999999976 3.0139043813000552
4.899999999999997 461.74649999999957 2.876066673342171
4.9999999999999964 461.52550000000025 2.838777625741123
5.099999999999996 461.60650000000027 2.859647764207218
5.199999999999996 461.5714999999998 2.830750942930326
5.299999999999995 461.3169999999995 2.789586491362615
5.399999999999995 461.52099999999996 2.8899672854395644
5.499999999999995 461.26400000000007 2.887930772048415
5.599999999999994 461.34200000000027 2.7261635989001043
5.699999999999994 461.3585000000003 2.8220899953654652
5.799999999999994 461.2049999999998 2.740161214871031
5.899999999999993 461.0759999999996 2.68065475395656
5.999999999999993 461.14450000000005 2.664201140626912
6.0999999999999925 461.10399999999987 2.6882914482828846
6.199999999999992 460.9710000000001 2.610262912519056
6.299999999999992 460.87549999999993 2.6463659994420694
6.3999999999999915 460.8684999999999 2.465164251076343
6.499999999999991 460.97249999999997 2.6018769212846253
6.599999999999991 460.69949999999983 2.4110709265828354
6.69999999999999 460.94399999999996 2.5485994897902895
6.79999999999999 460.8840000000002 2.458269124218719
6.89999999999999 460.7729999999999 2.4489729415549757
6.999999999999989 460.8469999999996 2.3879475063939912
7.099999999999989 460.7339999999995 2.5413977852163763
7.199999999999989 460.71950000000015 2.481577719511891
7.299999999999988 460.64350000000024 2.4565611008974453
7.399999999999988 460.87649999999996 2.4190596519308167
7.499999999999988 460.6254999999998 2.335477296871929
7.599999999999987 460.58299999999986 2.33367886759447
7.699999999999987 460.65500000000014 2.3908557445381704
7.7999999999999865 460.62300000000016 2.2031170474409056
7.899999999999986 460.47249999999997 2.2655300431414336
7.999999999999986 460.4875000000003 2.247363876721877
