# Rounds: 100, repetitions: 1000
# Good arm ~ N(5.0,4.0), 7 bad arm(s) ~ N(2.0,4.0)
# Observation noise range from 0.5 to 8.0 with step size 0.1

# Observation noise | mean | standard deviation

0.5 382.5608973140203 117.9683926947454
0.6 386.29683603252016 116.8564284613756
0.7 387.43017662884245 111.67599484972533
0.7999999999999999 388.6073093524254 109.1747512136289
0.8999999999999999 389.85007801270905 106.97432963553959
0.9999999999999999 385.34670148260346 106.7878456553845
1.0999999999999999 395.0663096123994 106.55525032948147
1.1999999999999997 388.97809264989723 102.83939653317422
1.2999999999999996 394.86643913191006 100.05405162496066
1.3999999999999995 392.9310776915355 96.37047944980033
1.4999999999999993 401.498290572637 92.71564099971143
1.5999999999999992 388.5135224845889 97.89745677564039
1.699999999999999 395.74495761426573 90.66553336472828
1.799999999999999 391.12699032417754 89.18907728238187
1.8999999999999988 392.9458143527141 88.72146546274007
1.9999999999999987 389.12136232272326 91.07559320251625
2.0999999999999988 391.6418880154675 84.82776719166499
2.199999999999999 390.06004038416137 83.53549494724258
2.299999999999999 391.48206005547513 84.47692449363649
2.399999999999999 390.3379925232979 79.43502565726916
2.499999999999999 388.8279787424581 78.0501834750668
2.599999999999999 379.01509553695075 82.7452641323845
2.6999999999999993 380.09885577349814 77.67211694704535
2.7999999999999994 377.6853758796603 78.94924094183102
2.8999999999999995 376.34609894566506 78.33868855923589
2.9999999999999996 370.5378162364279 81.23691570636883
3.0999999999999996 371.2372795350019 75.40116622331377
3.1999999999999997 365.585798578727 79.6183314594698
3.3 368.60539073990867 77.22303501297624
3.4 365.0489903230183 72.85213555314344
3.5 362.92687468840717 75.84852288428287
3.6 358.4829627085181 74.37178590609976
3.7 354.74728880044376 75.23136236588263
3.8000000000000003 355.53410359327387 76.9037851736832
3.9000000000000004 351.4599996544111 72.81662135709823
4.0 349.569657237821 73.52183758403673
4.1 343.34952467948654 71.47551328365904
4.199999999999999 346.3294471589657 72.32419766188221
4.299999999999999 343.68371090060566 69.109075672419
4.399999999999999 338.17659611645126 69.16775784329963
4.499999999999998 335.285897001545 71.69878364946175
4.599999999999998 331.99227431813097 69.86373644250911
4.6999999999999975 336.8677594576483 67.5116374709185
4.799999999999997 326.1346343854064 67.78335936876475
4.899999999999997 325.056319232424 69.50214081473885
4.9999999999999964 320.8503535991163 67.70181391219245
5.099999999999996 320.71402671171194 65.91107518330521
5.199999999999996 322.6810429350379 67.5936514750353
5.299999999999995 316.52890029783924 66.27578869558843
5.399999999999995 316.73878397226883 65.14522768172505
5.499999999999995 308.9747826796636 65.12376851320217
5.599999999999994 311.5693542504064 65.06046249903228
5.699999999999994 309.70470640650694 64.80544738575486
5.799999999999994 304.37544423291484 62.7965973341034
5.899999999999993 305.47009672300265 63.37017250266832
5.999999999999993 304.50894637806937 60.90510291993484
6.0999999999999925 300.00563262281565 63.42252523198485
6.199999999999992 302.139010208197 60.01371831436601
6.299999999999992 292.8943122916829 61.69832263193261
6.3999999999999915 295.8586020606106 56.470818020297656
6.499999999999991 292.2698353498354 56.50196753242304
6.599999999999991 292.8138395393581 57.103043080599114
6.69999999999999 289.32613754358533 59.08993691807489
6.79999999999999 285.4451474087918 56.41033986989093
6.89999999999999 289.55931311452383 54.845213763252836
6.999999999999989 285.641148147071 54.52163293230577
7.099999999999989 283.9416449960197 56.43052550361867
7.199999999999989 285.92594446233005 52.6101905202197
7.299999999999988 281.4859558291849 54.51133608627433
7.399999999999988 280.60428252432627 54.80623039273964
7.499999999999988 278.81615982682365 52.260954196155176
7.599999999999987 278.0902383244122 55.12666902328274
7.699999999999987 278.0419316497998 53.47914904143241
7.7999999999999865 274.19871876278853 52.58255504189055
7.899999999999986 276.87448701765493 49.42751799989443
7.999999999999986 272.51620500656327 50.38016166421407
