# Rounds: 500, repetitions: 1000
# Good arm ~ N(5.0,4.0), 13 bad arm(s) ~ N(1.0,4.0)
# Observation noise range from 0.5 to 8.0 with step size 0.1

# Observation noise | mean | standard deviation

0.5 2132.8836880565614 629.0135697973593
0.6 2155.637237792254 597.5457925621446
0.7 2165.696900160029 579.7174275955402
0.7999999999999999 2180.9431480321655 556.8814856994377
0.8999999999999999 2204.4459232648546 529.522606976994
0.9999999999999999 2214.117239711959 494.77971697712064
1.0999999999999999 2209.799408486141 484.7098575271909
1.1999999999999997 2279.657010061384 365.9879711368804
1.2999999999999996 2278.6522646599697 375.63511087642325
1.3999999999999995 2254.981463329682 389.68409761887756
1.4999999999999993 2280.154413534978 328.0047096084964
1.5999999999999992 2270.026878383079 341.2231472394517
1.699999999999999 2281.6537840714877 277.8206630422592
1.799999999999999 2291.0531323111 265.49189579610066
1.8999999999999988 2281.5555707343274 226.43263569235168
1.9999999999999987 2292.976429687365 221.92781676655193
2.0999999999999988 2289.2520482860273 179.00048019743812
2.199999999999999 2283.3796749923126 191.52604321628556
2.299999999999999 2277.4957582141733 194.62686567824872
2.399999999999999 2276.2156806375624 182.0816331810929
2.499999999999999 2263.1304824668637 186.15796335792746
2.599999999999999 2262.0495455446808 163.36019856837797
2.6999999999999993 2256.888420011503 157.67023385030328
2.7999999999999994 2240.8169609290753 158.83701696799193
2.8999999999999995 2229.550177065257 166.2114130132859
2.9999999999999996 2224.359275980086 142.85372531398644
3.0999999999999996 2215.8232086639878 149.89681160059484
3.1999999999999997 2215.9889674144674 142.149264306371
3.3 2187.725380536937 149.8728315515643
3.4 2187.2756931652666 144.98428137906677
3.5 2177.2822439993424 135.7659086794541
3.6 2161.958568600772 142.4471569124588
3.7 2149.0422596553185 146.0536554876769
3.8000000000000003 2137.2888614885896 159.9419582050151
3.9000000000000004 2133.5349810496155 147.08445330534244
4.0 2117.986047146582 155.4918335431748
4.1 2103.1723112462214 143.79015192635617
4.199999999999999 2094.4244616239716 150.28936999630616
4.299999999999999 2084.13553126035 154.4477611099456
4.399999999999999 2067.7488895735005 154.41564275289144
4.499999999999998 2063.072195770957 149.42752642069428
4.599999999999998 2047.3326775716635 149.564266879136
4.6999999999999975 2038.1575044675917 148.50909981830927
4.799999999999997 2016.275619020887 151.7338780657362
4.899999999999997 2009.2135314311931 152.469818436326
4.9999999999999964 1993.9958556921301 156.3716658966812
5.099999999999996 1980.7628032485034 154.79088177641552
5.199999999999996 1962.2934574190836 158.7480319972994
5.299999999999995 1955.4846990037086 165.72117740892176
5.399999999999995 1947.8977806746022 162.04403023963891
5.499999999999995 1927.389763438016 163.26873725709768
5.599999999999994 1912.6436164670806 161.66783498703015
5.699999999999994 1896.9875472820684 164.2662003055399
5.799999999999994 1885.265230877979 164.62208022051996
5.899999999999993 1867.491984490987 176.3955553319627
5.999999999999993 1862.360193508491 167.6689355149553
6.0999999999999925 1845.222654627842 168.67124286782246
6.199999999999992 1830.0569859802788 171.8247693822821
6.299999999999992 1814.9073744080383 175.27770687836875
6.3999999999999915 1793.380171077107 180.82468922051027
6.499999999999991 1773.838357447587 187.81620774280108
6.599999999999991 1771.2099263675382 181.43951310460469
6.69999999999999 1756.9189693895355 179.61284457512247
6.79999999999999 1745.4440882011124 178.1967992858129
6.89999999999999 1728.0621193318143 184.77344865880718
6.999999999999989 1714.0852304524692 187.93028959114557
7.099999999999989 1710.5638712844275 178.0644789393147
7.199999999999989 1681.415947204737 187.23397771731993
7.299999999999988 1664.6287347110572 191.81879327458128
7.399999999999988 1653.5379472775337 194.6547918759625
7.499999999999988 1647.6354486596633 185.79441646574253
7.599999999999987 1618.7769190227705 189.59889493297186
7.699999999999987 1620.393322182585 186.14884753118258
7.7999999999999865 1611.5783368303235 189.58885942011355
7.899999999999986 1579.6701205379925 197.65508855991513
7.999999999999986 1576.463270429483 188.9147282038623
