# Rounds: 10, repetitions: 1000
# Good arm ~ N(5.0,5.0), 1 bad arm(s) ~ N(1.8,5.0)
# Observation noise range from 0.5 to 4.0 with step size 0.1

# Observation noise | mean | standard deviation

0.5 43.151886581020705 19.241242688893802
0.6 42.36954292045945 19.468776572221
0.7 43.215907420818446 21.342590540319403
0.7999999999999999 42.76977563544146 19.709215147007555
0.8999999999999999 43.56487098368189 19.0658821677119
0.9999999999999999 42.324684231295684 19.47511446723473
1.0999999999999999 41.98469945927394 20.08390751540557
1.1999999999999997 42.329622181147805 18.949369392335075
1.2999999999999996 41.93242403850614 19.392981627079028
1.3999999999999995 40.74604878241337 19.19876250639322
1.4999999999999993 42.109773879303134 19.36705314722861
1.5999999999999992 41.51763320991267 18.700158755286065
1.699999999999999 41.925574268507155 20.10011723098515
1.799999999999999 41.190384659875434 19.51915662686281
1.8999999999999988 41.00529096707739 18.981294274080387
1.9999999999999987 42.066298019393244 19.169313116958612
2.0999999999999988 41.049102314396286 18.772943964730306
2.199999999999999 41.105314816848974 18.802167299113286
2.299999999999999 40.50393667999741 19.032274450322276
2.399999999999999 40.688419353356316 18.420943662939187
2.499999999999999 39.93628368904344 18.41167330616837
2.599999999999999 40.381159901146006 19.259336756443293
2.6999999999999993 39.9896162721505 18.817025445219873
2.7999999999999994 40.38735499294474 18.41780863059922
2.8999999999999995 40.22148796551398 18.73096705105552
2.9999999999999996 39.90170985690392 18.4359563603135
3.0999999999999996 39.7227059079396 18.684741619675528
3.1999999999999997 39.4489404496664 19.33109689045799
3.3 38.50788821592622 18.85882994226114
3.4 37.97145623104256 18.46506500827028
3.5 38.701485977187055 18.145598682429792
3.6 38.916017291112816 18.255436340069505
3.7 38.070500161313305 18.511578075582644
3.8000000000000003 37.564645594156275 18.716935572833222
3.9000000000000004 39.11704434680069 18.188102859952608
4.0 38.24579165972136 17.53084111657582
