# Rounds: 10, repetitions: 1000
# Good arm ~ N(5.0,5.0), 1 bad arm(s) ~ N(4.5,5.0)
# Observation noise range from 0.5 to 4.0 with step size 0.1

# Observation noise | mean | standard deviation

0.5 52.084431882598615 16.94301918035765
0.6 51.84396648694398 16.23366103087462
0.7 51.47545836704025 16.153841745039717
0.7999999999999999 51.679877455295205 16.45758712949866
0.8999999999999999 51.83733912986391 16.425366754798787
0.9999999999999999 52.07490358007399 16.591200603363824
1.0999999999999999 51.64883415864272 16.00470323032244
1.1999999999999997 52.12025836279397 16.81837831136321
1.2999999999999996 51.398140427651356 16.612308531676995
1.3999999999999995 51.719044537671195 16.36983807290025
1.4999999999999993 51.938709129058054 16.983648730813403
1.5999999999999992 52.3515585434123 16.588479062781246
1.699999999999999 51.23565751846037 16.604874800674324
1.799999999999999 51.97051944303132 16.340046807714334
1.8999999999999988 51.74572152283399 16.579467864510082
1.9999999999999987 51.235450775854765 16.952912248287436
2.0999999999999988 52.11171132530667 16.951510783255006
2.199999999999999 51.09258642264359 15.661784464243649
2.299999999999999 52.40937461469582 16.627757020676153
2.399999999999999 51.31265485564577 16.728726018369017
2.499999999999999 51.50381902401629 16.45007365073869
2.599999999999999 51.91156041709804 15.86255215123028
2.6999999999999993 51.87162401646657 15.881912188042913
2.7999999999999994 51.98486649976775 16.57067713217141
2.8999999999999995 51.92836252236491 16.13455325580422
2.9999999999999996 51.90360209199576 16.05161428103942
3.0999999999999996 52.645295127639365 16.839865785372833
3.1999999999999997 51.73091955906919 16.59592667433184
3.3 51.57909549138684 15.921095863061362
3.4 51.34062696492115 16.686123057554582
3.5 51.12657576822352 16.230337249524105
3.6 51.42534654279158 16.973862214446758
3.7 51.829472253249236 15.79625185834066
3.8000000000000003 50.96972424860168 16.16270831880432
3.9000000000000004 51.393896949656764 16.531916472222317
4.0 51.79895114428819 16.33853586286639
