# Rounds: 10, repetitions: 1000
# Good arm ~ N(5.0,5.0), 1 bad arm(s) ~ N(1.1,5.0)
# Observation noise range from 0.5 to 4.0 with step size 0.1

# Observation noise | mean | standard deviation

0.5 43.02096831916928 20.81678499031837
0.6 42.683730900047486 21.734473561456543
0.7 41.02194944902209 20.93427624387703
0.7999999999999999 42.00915132650976 19.653826908037647
0.8999999999999999 42.35441700688783 20.002313327172455
0.9999999999999999 41.98056190545106 19.671138635682688
1.0999999999999999 42.35232216982948 20.443517218210573
1.1999999999999997 41.51797307312696 20.772332608879104
1.2999999999999996 41.37396670370374 19.99272122774489
1.3999999999999995 41.396973792575416 20.264117024783737
1.4999999999999993 40.91480787327608 20.146908460898626
1.5999999999999992 40.81778159551575 20.420185792276506
1.699999999999999 40.75946252149096 20.562501044577445
1.799999999999999 39.97293620033982 19.606352303305997
1.8999999999999988 40.64157722875824 19.93837013674679
1.9999999999999987 41.496908989726954 20.05353096167199
2.0999999999999988 41.16317431029843 20.78927208800785
2.199999999999999 39.5533420573499 19.935004206375865
2.299999999999999 39.813285118388194 19.395238346355416
2.399999999999999 40.06282769614479 19.38678457890858
2.499999999999999 39.33903667244115 19.27493307354135
2.599999999999999 39.55288514637672 19.162910179135526
2.6999999999999993 37.89983708757336 19.466214255530524
2.7999999999999994 38.45813285051297 20.017257808905633
2.8999999999999995 38.5548137932906 19.79457929948115
2.9999999999999996 37.7729451269851 19.423292536481913
3.0999999999999996 38.49374903816944 18.882440076486535
3.1999999999999997 38.02775071117274 19.586917985333685
3.3 37.61008924284234 19.062143818630638
3.4 37.71972134196488 19.3978118842294
3.5 37.797900398812025 19.670537565830646
3.6 36.89454011308872 18.318329171129452
3.7 35.5817193087868 18.670337350777306
3.8000000000000003 35.81144697640598 18.60560158229573
3.9000000000000004 34.26717139712251 18.142190157449082
4.0 35.549099618175 18.308637677474216
