# Rounds: 10, repetitions: 1000
# Good arm ~ N(5.0,5.0), 1 bad arm(s) ~ N(1.9,5.0)
# Observation noise range from 0.5 to 4.0 with step size 0.1

# Observation noise | mean | standard deviation

0.5 43.224659149096446 19.776008333414886
0.6 43.258724134313496 19.567023397428866
0.7 43.31883640732759 19.032568961028595
0.7999999999999999 42.31496453190419 19.35526278809747
0.8999999999999999 42.67654810710437 19.302706588484977
0.9999999999999999 43.20428541164424 19.313561096072466
1.0999999999999999 42.61093379805222 18.989143675331434
1.1999999999999997 41.77170626873814 19.223604304809633
1.2999999999999996 42.56382523330762 19.481674785027728
1.3999999999999995 42.664875621606534 19.090917561184256
1.4999999999999993 42.72648172867004 19.206465659317285
1.5999999999999992 42.6227573009013 19.608013021831542
1.699999999999999 42.51375413848403 18.420266807184902
1.799999999999999 42.20842749193516 18.947987211951208
1.8999999999999988 40.70482614388119 18.98607979260037
1.9999999999999987 42.33185317184376 18.828376448410868
2.0999999999999988 40.71203176997215 18.934570157805407
2.199999999999999 42.05104588804032 18.722076519638435
2.299999999999999 40.88015769509147 19.165917155593398
2.399999999999999 40.02756780842087 18.289344822164438
2.499999999999999 41.22133686827597 18.322783166040228
2.599999999999999 40.86443452523841 18.500259521814026
2.6999999999999993 41.119291551974776 18.734565010251465
2.7999999999999994 40.240229211527314 18.19338221751645
2.8999999999999995 38.321258274429994 18.42640548102967
2.9999999999999996 38.55230745070959 18.537922521922802
3.0999999999999996 39.9365827565127 18.89296070813594
3.1999999999999997 39.76296232969111 18.04928955095288
3.3 38.969249039151094 18.902959042097773
3.4 39.057213514080445 18.388809147753964
3.5 38.59576886095222 18.195021814291984
3.6 38.252683188507035 18.47055303161719
3.7 38.805677199694124 18.64912783070052
3.8000000000000003 38.21353764657247 18.16618508929605
3.9000000000000004 38.97944186986951 17.67503643189174
4.0 37.78173911321235 17.784154933729955
