# Rounds: 10, repetitions: 1000
# Good arm ~ N(5.0,4.0), 1 bad arm(s) ~ N(2.7,4.0)
# Observation noise range from 0.5 to 4.0 with step size 0.1

# Observation noise | mean | standard deviation

0.5 45.24512308992003 15.116592437279603
0.6 44.80985092096585 15.454904697321819
0.7 45.924403858272534 15.102535176919348
0.7999999999999999 45.70847125985653 15.478055793723561
0.8999999999999999 44.492264154159955 15.230528255165167
0.9999999999999999 45.64383497523724 15.20842470248751
1.0999999999999999 44.435499100695615 15.190686299706556
1.1999999999999997 44.80572029734511 15.638436071888258
1.2999999999999996 43.858867111369065 14.800321489828134
1.3999999999999995 44.29211692863609 14.96335466393398
1.4999999999999993 44.99343639794146 14.738204036567428
1.5999999999999992 43.93972518675881 14.307494151499661
1.699999999999999 43.91411507917874 14.981986198443249
1.799999999999999 43.773991080369605 15.106867590511774
1.8999999999999988 43.87255411509254 15.002037155682718
1.9999999999999987 44.39732961081699 15.218946837578532
2.0999999999999988 43.578691649606576 15.081696574080157
2.199999999999999 44.01536239891498 14.431437094230699
2.299999999999999 43.1050879136539 15.004732004035919
2.399999999999999 43.068712878432855 14.36329896912218
2.499999999999999 43.700908064182165 14.78245296457631
2.599999999999999 43.095450193099886 14.66081948598954
2.6999999999999993 42.331525875924825 14.940367770796795
2.7999999999999994 43.552648887565695 14.741785127123633
2.8999999999999995 42.54439283380559 14.23659133475812
2.9999999999999996 42.90195700889175 14.609527570925204
3.0999999999999996 42.688844487186294 13.987607722923384
3.1999999999999997 42.17339005342681 14.670909506799717
3.3 41.56891176696695 14.537602577204499
3.4 42.335627304916464 14.575155738676266
3.5 41.53595239751715 15.057913362098796
3.6 42.09117586493529 14.82477871202616
3.7 41.996315992628546 14.523742623213144
3.8000000000000003 41.0847865167831 13.972238140270855
3.9000000000000004 41.06346948387468 13.945719895117103
4.0 41.78313106189027 14.518754405206241
