# Rounds: 10, repetitions: 1000
# Good arm ~ N(5.0,3.0), 1 bad arm(s) ~ N(2.3,3.0)
# Observation noise range from 0.5 to 4.0 with step size 0.1

# Observation noise | mean | standard deviation

0.5 46.56711257666256 12.607928450452846
0.6 45.99284210186114 13.222988498074434
0.7 45.71680912753719 12.305999990940634
0.7999999999999999 45.83599950866175 12.584022329162893
0.8999999999999999 45.835089391724246 12.536896165062169
0.9999999999999999 45.24484979786881 12.538166109667072
1.0999999999999999 45.8527407955595 12.591477150626638
1.1999999999999997 45.33696655518744 12.891323306242223
1.2999999999999996 45.24446335281623 13.069577976898122
1.3999999999999995 45.40522355792246 13.038636153090048
1.4999999999999993 44.14620045080241 12.395717643160774
1.5999999999999992 44.35727768897926 12.480983645754126
1.699999999999999 44.517118187293555 12.329697849194083
1.799999999999999 44.09601696274357 12.034847486054126
1.8999999999999988 44.14446355106367 12.432642976875087
1.9999999999999987 43.76251847326315 12.348541575624557
2.0999999999999988 43.16047840580567 12.171776553058985
2.199999999999999 43.609509377531886 12.117410948886397
2.299999999999999 43.46036252816224 12.266901957111271
2.399999999999999 43.45219429030119 12.466886429643843
2.499999999999999 43.233782967287674 11.791912730320362
2.599999999999999 42.35726762127849 12.27172897798656
2.6999999999999993 42.30979437528371 11.911825060768951
2.7999999999999994 41.45141838064894 12.090249148315376
2.8999999999999995 42.148645145148436 11.969234777118562
2.9999999999999996 40.951369810323975 11.826463752978652
3.0999999999999996 41.211886650055625 12.203367815205386
3.1999999999999997 40.425709852922814 11.711312322161918
3.3 40.05878769525348 11.432167824864544
3.4 40.50639038248999 11.833392018410489
3.5 40.97819569764441 12.290148317571232
3.6 40.55325827449238 12.206345467745964
3.7 40.253550125775874 11.3465960574897
3.8000000000000003 40.28604954989427 11.457668875346954
3.9000000000000004 39.95133475343766 11.465212136403084
4.0 39.64474772522401 12.018575798219501
