# Rounds: 10, repetitions: 1000
# Good arm ~ N(5.0,1.0), 1 bad arm(s) ~ N(3.2,1.0)
# Observation noise range from 0.5 to 4.0 with step size 0.1

# Observation noise | mean | standard deviation

0.5 49.40245247798108 5.964082932184446
0.6 49.29629834774041 6.080741177532614
0.7 48.954393322249935 6.078310889333044
0.7999999999999999 48.75418144890687 6.076457765346246
0.8999999999999999 48.95385601817709 6.064940117066469
0.9999999999999999 48.568342563863276 6.1133567779846585
1.0999999999999999 48.37854658772215 6.099949913308029
1.1999999999999997 48.207950926566916 6.141618315083994
1.2999999999999996 48.05160933029222 5.832861629232591
1.3999999999999995 47.5118111442894 5.994015868882747
1.4999999999999993 47.04516643305979 6.1794873746538235
1.5999999999999992 47.2938827018231 6.252176663598853
1.699999999999999 46.73744637803486 5.9926315355899185
1.799999999999999 46.73901431415717 6.2231429756687815
1.8999999999999988 46.67065211288817 5.920275415777068
1.9999999999999987 46.1560455500403 6.022035864479088
2.0999999999999988 46.10784566339207 5.993392380516983
2.199999999999999 46.16954286784848 5.85733631735533
2.299999999999999 45.71882960266428 6.022513957292335
2.399999999999999 45.753453009196384 5.910972452331415
2.499999999999999 45.38215469037443 5.974332836768135
2.599999999999999 44.89544161104181 5.831244303522126
2.6999999999999993 44.9265815979396 5.723173328500388
2.7999999999999994 44.6641980094065 5.580311494328005
2.8999999999999995 44.67875153187632 5.751773954880749
2.9999999999999996 44.569941795027106 5.33185155751845
3.0999999999999996 44.34763184135764 5.713139119792933
3.1999999999999997 44.57781389481391 5.680354110186499
3.3 44.087247223854625 5.604206161310584
3.4 44.0596396752345 5.432127360934465
3.5 43.89256654645291 5.309125591093276
3.6 43.68248439340243 5.267830463851905
3.7 43.810775025442176 5.3219347606452825
3.8000000000000003 43.62384954557656 5.280069641868101
3.9000000000000004 43.64259501649611 5.122495797397828
4.0 43.17189327998621 5.261709756009812
