# Rounds: 10, repetitions: 1000
# Good arm ~ N(5.0,1.0), 1 bad arm(s) ~ N(3.7,1.0)
# Observation noise range from 0.5 to 4.0 with step size 0.1

# Observation noise | mean | standard deviation

0.5 49.691004590272506 5.338259885270971
0.6 49.697029321059 5.25824710505222
0.7 49.25290574781669 5.448766699758453
0.7999999999999999 49.27637450525027 5.553907892197086
0.8999999999999999 49.043153785627965 5.5865098020266615
0.9999999999999999 49.06005988458625 5.375778922359506
1.0999999999999999 48.96290369211621 5.231942850876297
1.1999999999999997 48.34240747551958 5.455240714042758
1.2999999999999996 48.260801337565766 5.540801264937792
1.3999999999999995 48.294960404256855 5.231840738134067
1.4999999999999993 48.026321248123004 5.330032726124006
1.5999999999999992 47.91203066900091 5.463635348226897
1.699999999999999 48.011757529741146 5.200114394408483
1.799999999999999 47.73669960382274 5.342835694098301
1.8999999999999988 47.51251583323172 5.08136947723235
1.9999999999999987 47.73519871285581 5.035500915428517
2.0999999999999988 47.37194109338008 5.111139090694909
2.199999999999999 47.063391483861594 5.193623696091861
2.299999999999999 47.1409457616512 4.958884309766006
2.399999999999999 46.83803060837512 4.982590043235756
2.499999999999999 46.82684825668802 4.801165304099406
2.599999999999999 46.805436873620565 4.993954111624229
2.6999999999999993 46.80478184459044 4.721006988621932
2.7999999999999994 46.60593274430248 4.815771901462969
2.8999999999999995 46.857573292802066 4.737221835819516
2.9999999999999996 46.5160696624396 4.648513315967082
3.0999999999999996 46.77646751871177 4.691685122115787
3.1999999999999997 46.71024775197055 4.644453215532655
3.3 46.43198800763947 4.589822769778968
3.4 46.36763887970474 4.38126054325245
3.5 46.14284976030889 4.497377375766707
3.6 46.10050196581947 4.546294125146223
3.7 46.306210637999115 4.550713043164082
3.8000000000000003 46.04315406145305 4.459625818647494
3.9000000000000004 46.1103014291895 4.376239190519619
4.0 46.06533771604283 4.2601200286825405
