# Rounds: 10, repetitions: 1000
# Good arm ~ N(5.0,2.0), 1 bad arm(s) ~ N(1.9,2.0)
# Observation noise range from 0.5 to 4.0 with step size 0.1

# Observation noise | mean | standard deviation

0.5 48.05587920793518 9.491124456169109
0.6 47.90765917785403 9.411811242192577
0.7 48.3391446335125 9.105784921757895
0.7999999999999999 47.65315564311261 9.793128553892531
0.8999999999999999 47.206154081278356 9.09823602479461
0.9999999999999999 47.09407457898144 9.46915339354692
1.0999999999999999 47.11311422994233 9.436406814041113
1.1999999999999997 47.021047700886 9.073255467773926
1.2999999999999996 47.12532808572011 9.253536265478095
1.3999999999999995 46.80685870292455 9.397540981514723
1.4999999999999993 45.71151335606617 9.386327909543985
1.5999999999999992 45.43795880918473 9.844899745565934
1.699999999999999 45.36482151588189 9.60423985065263
1.799999999999999 45.535054259962294 9.952596559802103
1.8999999999999988 44.60225843082511 9.261681749362282
1.9999999999999987 44.555492015353416 9.513865083297272
2.0999999999999988 44.058957850813236 9.890160408232633
2.199999999999999 44.223030566332895 9.437881266157657
2.299999999999999 43.494934003305254 9.696968943686445
2.399999999999999 43.72161380155081 9.545526890037188
2.499999999999999 42.4050013566948 9.994869781473119
2.599999999999999 42.60660554177484 9.624402559702345
2.6999999999999993 41.78184258339886 9.930325321402329
2.7999999999999994 42.249276474955344 9.620488965151017
2.8999999999999995 41.20754980389206 9.79497927105777
2.9999999999999996 41.70517759574542 9.507257617344516
3.0999999999999996 41.33442194448122 9.659976069091073
3.1999999999999997 40.43547553646399 9.72402436312545
3.3 40.158654229517204 9.520981769142566
3.4 39.674580556267365 9.127320252534325
3.5 39.54950306429875 9.371922641836946
3.6 39.197956864876154 9.717381928049766
3.7 38.408682502254024 9.064177969698191
3.8000000000000003 39.253379072825496 9.643496662285836
3.9000000000000004 39.164842115712595 9.264804857013324
4.0 38.716656894582165 9.374368213206747
