# Rounds: 10, repetitions: 1000
# Good arm ~ N(5.0,5.0), 1 bad arm(s) ~ N(2.6,5.0)
# Observation noise range from 0.5 to 4.0 with step size 0.1

# Observation noise | mean | standard deviation

0.5 44.99114411836772 17.932116131932492
0.6 45.07045267419657 18.539831659175945
0.7 44.12853792056455 18.221930965664143
0.7999999999999999 43.858375553020814 18.773440258956505
0.8999999999999999 44.37322525091001 18.51183218376903
0.9999999999999999 44.3351549630747 18.067045070250057
1.0999999999999999 44.67238137406934 18.075543316113578
1.1999999999999997 43.927114214804874 17.800806247407447
1.2999999999999996 44.86319959230215 19.069461734122775
1.3999999999999995 44.47034832615983 17.75668774320523
1.4999999999999993 42.90753817059008 18.80877485615892
1.5999999999999992 43.3712722592676 17.680393557955334
1.699999999999999 43.11579118982208 18.141524673392556
1.799999999999999 43.26464006716828 18.740217826740714
1.8999999999999988 42.82978963574888 17.91084000946718
1.9999999999999987 42.910675604406606 17.697606865080115
2.0999999999999988 43.97883635691657 17.935756404331354
2.199999999999999 42.56659532927002 17.782906500284717
2.299999999999999 42.706904927745434 17.017677996071836
2.399999999999999 43.24976017536317 17.94280427649008
2.499999999999999 41.85315845018321 17.267678169225828
2.599999999999999 43.186660019118584 17.96224334330211
2.6999999999999993 42.305014268095384 18.01705829543446
2.7999999999999994 41.638230121302485 18.042597145855513
2.8999999999999995 41.725825771953225 18.293949460966857
2.9999999999999996 42.625737239598905 17.48924723544742
3.0999999999999996 42.6293949862221 17.227616582168142
3.1999999999999997 41.341753357676744 17.901488118558994
3.3 41.62281373057093 16.849259338346467
3.4 41.80162526922257 17.402569570938915
3.5 41.93733456580086 16.71048794795077
3.6 41.57949105837835 17.550745160292955
3.7 41.59161109201767 16.937833429197646
3.8000000000000003 40.60297269543185 17.370784790961732
3.9000000000000004 40.47360299161245 16.4027181222956
4.0 40.24945022796839 17.015816466484402
