# Rounds: 10, repetitions: 1000
# Good arm ~ N(5.0,1.0), 1 bad arm(s) ~ N(4.5,1.0)
# Observation noise range from 0.5 to 4.0 with step size 0.1

# Observation noise | mean | standard deviation

0.5 51.9482727165773 3.9150353888085943
0.6 51.89834661258338 3.913092487393759
0.7 51.8370733775067 3.798779834924803
0.7999999999999999 51.567762232945555 3.75210103410634
0.8999999999999999 51.89089280683411 3.8126034970233724
0.9999999999999999 51.75404808548036 3.801163655767841
1.0999999999999999 51.52718449838481 3.7128068135353867
1.1999999999999997 51.541704613819235 3.744157549876032
1.2999999999999996 51.719006959192306 3.5778261480661633
1.3999999999999995 51.64041463597296 3.6076761625952125
1.4999999999999993 51.45353780429548 3.869370980715512
1.5999999999999992 51.29691694466437 3.7977455394041617
1.699999999999999 51.591564167051914 3.649297260678437
1.799999999999999 51.6072542890666 3.617810628058674
1.8999999999999988 51.39650447884539 3.542095901744849
1.9999999999999987 51.49196919355847 3.665919854460258
2.0999999999999988 51.382802769601064 3.680984861234546
2.199999999999999 51.30791911089584 3.6908776339558913
2.299999999999999 51.53932598321957 3.5597961792136914
2.399999999999999 51.281682025894476 3.597331707550262
2.499999999999999 51.2050351190789 3.4270312848089435
2.599999999999999 51.33125397483517 3.5509028833971037
2.6999999999999993 51.258233591706066 3.5760365658192437
2.7999999999999994 51.38056268604073 3.5713461436506875
2.8999999999999995 51.276010233422305 3.537255729258625
2.9999999999999996 51.04954060766068 3.3125802223744953
3.0999999999999996 51.18149080736543 3.5619562541743397
3.1999999999999997 51.22535981057186 3.5310674876310846
3.3 51.22013487380005 3.437061597548262
3.4 51.16642010980152 3.4660640052724894
3.5 51.30538063839111 3.428997819050477
3.6 51.0646191464411 3.503899464844312
3.7 51.341550574380804 3.637575848189592
3.8000000000000003 51.04038175462162 3.4251139482976933
3.9000000000000004 51.11854389848644 3.453897518051889
4.0 51.299325872339715 3.4406523990600513
