# Rounds: 10, repetitions: 1000
# Good arm ~ N(5.0,1.0), 1 bad arm(s) ~ N(3.1,1.0)
# Observation noise range from 0.5 to 4.0 with step size 0.1

# Observation noise | mean | standard deviation

0.5 49.47778841972696 5.9440297999252945
0.6 49.14607995300882 6.127724066129023
0.7 49.12454663315031 6.132103678711658
0.7999999999999999 48.75565173878091 5.990085351870342
0.8999999999999999 48.68578998673187 6.261434232568016
0.9999999999999999 48.39188873053713 6.320045228170399
1.0999999999999999 48.50587901985892 6.131302248097057
1.1999999999999997 47.9387381359184 6.2311571108678585
1.2999999999999996 47.714983638954685 6.2910576408152945
1.3999999999999995 47.662721235486444 6.059895429867357
1.4999999999999993 47.44799952003502 6.154688017116946
1.5999999999999992 46.903619521227924 6.384899789663306
1.699999999999999 47.065167662285866 6.101995523513782
1.799999999999999 46.70993068129505 6.272908172013745
1.8999999999999988 46.41634284314312 6.188978636525026
1.9999999999999987 46.321538710233575 6.039743688300585
2.0999999999999988 46.220842539503096 6.0863340986009336
2.199999999999999 45.46298091454903 6.252843240974821
2.299999999999999 45.4017989312145 5.920517533469992
2.399999999999999 45.464655920392396 6.282027336055651
2.499999999999999 44.921241104921435 5.965098336938223
2.599999999999999 44.716002431122696 6.121314107275319
2.6999999999999993 44.66455137692394 5.908957253528231
2.7999999999999994 44.47888421581736 5.709570403275624
2.8999999999999995 44.36237649082441 5.663295681764818
2.9999999999999996 44.473220192213994 5.6040909418685265
3.0999999999999996 43.98360866117891 5.753478025335688
3.1999999999999997 43.98227447574338 5.745916463752755
3.3 43.701042882649475 5.520558752010538
3.4 43.29797942043265 5.617857403939792
3.5 43.42522743978725 5.565020194959009
3.6 43.206118741373565 5.523304196742832
3.7 43.30486175047026 5.511813961245757
3.8000000000000003 43.24953473125166 5.521484857756864
3.9000000000000004 43.005770899863734 5.357440660969197
4.0 42.99477040648272 5.407512199437415
