# Rounds: 10, repetitions: 1000
# Good arm ~ N(5.0,2.0), 1 bad arm(s) ~ N(2.7,2.0)
# Observation noise range from 0.5 to 4.0 with step size 0.1

# Observation noise | mean | standard deviation

0.5 47.67024854411295 9.112994321225473
0.6 47.709581789781716 9.134232281278242
0.7 47.42167627559318 8.959358830068606
0.7999999999999999 46.82996690702012 9.449116950981926
0.8999999999999999 47.06106498665777 9.370975864401037
0.9999999999999999 47.375877550540054 9.179826333460616
1.0999999999999999 46.14593557118155 8.850217298635773
1.1999999999999997 46.42811784296619 9.23991819741434
1.2999999999999996 46.3553249757192 8.972579355790572
1.3999999999999995 46.32472055810778 9.077852678140976
1.4999999999999993 46.45290877287457 9.217723017929352
1.5999999999999992 46.26882117398237 8.82507159571824
1.699999999999999 45.226794911502786 9.02539183878414
1.799999999999999 45.56291716039822 9.181643993270708
1.8999999999999988 45.40656016263289 8.88057395053861
1.9999999999999987 45.139813437783424 9.08862127870032
2.0999999999999988 44.38524561490843 8.950289959568197
2.199999999999999 44.39249591006893 9.085124260985673
2.299999999999999 44.46321541414 9.470281024470362
2.399999999999999 44.33437033485391 9.22279721344194
2.499999999999999 43.594995846332786 9.01985763684633
2.599999999999999 43.358438672392445 8.93056039304598
2.6999999999999993 43.23086246983333 8.901150266481826
2.7999999999999994 43.11140647296862 8.912033107957567
2.8999999999999995 42.98344327697421 9.188010784989194
2.9999999999999996 43.08491590935319 9.015535879520833
3.0999999999999996 42.84616592272495 8.585698034550692
3.1999999999999997 42.257462221942966 8.514588209204843
3.3 42.348790240402266 8.911791413023543
3.4 41.98194658488924 8.42860451472635
3.5 42.12965905272384 8.581728648846715
3.6 41.239997037949585 8.213879283424456
3.7 41.576456572698085 8.4751087274265
3.8000000000000003 41.308895013161084 8.556941386017673
3.9000000000000004 41.233306431953984 8.070415313892621
4.0 40.846838609463994 8.312384348988784
