# Rounds: 10, repetitions: 1000
# Good arm ~ N(5.0,3.0), 1 bad arm(s) ~ N(3.7,3.0)
# Observation noise range from 0.5 to 4.0 with step size 0.1

# Observation noise | mean | standard deviation

0.5 48.35949995484333 10.477315764567443
0.6 48.77821237427379 10.73724580703247
0.7 48.60563782877076 10.239425092211237
0.7999999999999999 48.55991232647736 10.593278663724123
0.8999999999999999 47.95532202227657 10.78765200815067
0.9999999999999999 48.38876782008785 10.835838410943195
1.0999999999999999 47.250731489652495 10.720773440287326
1.1999999999999997 47.84477405285084 11.034141844361066
1.2999999999999996 47.99942834923054 10.402765181372764
1.3999999999999995 47.516539624263764 10.897776526104012
1.4999999999999993 48.353192169821064 10.639799870512286
1.5999999999999992 47.73174899310697 11.205892010464005
1.699999999999999 47.80344895550414 10.743147375681668
1.799999999999999 47.45209300174905 10.976529416938734
1.8999999999999988 47.42523017492353 10.542750911456983
1.9999999999999987 47.76683177550584 10.572988114613189
2.0999999999999988 46.78106552419166 10.851871340157762
2.199999999999999 47.22172730758415 10.6257940742478
2.299999999999999 47.00838911369514 10.346118186362803
2.399999999999999 46.36769158048765 10.753409337970698
2.499999999999999 47.549336221271844 10.893621510132098
2.599999999999999 46.64557939165348 10.639481362443986
2.6999999999999993 47.15314292185878 10.187867683915186
2.7999999999999994 46.13627261245341 10.160403981699115
2.8999999999999995 46.973969811303085 10.56931714959891
2.9999999999999996 47.02154043875848 10.086996891107052
3.0999999999999996 46.45006838575816 10.45947641686586
3.1999999999999997 47.20227011210675 10.245203664715381
3.3 46.36876968742486 10.687972614235234
3.4 46.10890329338389 9.876367034143534
3.5 46.587225943608885 10.538773021373709
3.6 46.38610643239768 10.245078879359525
3.7 46.503225236118 10.053945174536635
3.8000000000000003 46.0397346326725 10.196825067229021
3.9000000000000004 46.665446567918956 10.224149670185891
4.0 46.19380482295728 10.820894892168981
