# Rounds: 10, repetitions: 1000
# Good arm ~ N(5.0,0.0), 1 bad arm(s) ~ N(4.3,0.0)
# Observation noise range from 0.5 to 4.0 with step size 0.1

# Observation noise | mean | standard deviation

0.5 51.51960000000004 2.7268023931504985
0.6 51.4356 2.6459466498162336
0.7 51.09049999999996 2.660849463962573
0.7999999999999999 51.07300000000001 2.626444213991467
0.8999999999999999 51.07369999999996 2.607158527129795
0.9999999999999999 50.74400000000001 2.515963845939386
1.0999999999999999 50.810500000000005 2.4992570968261902
1.1999999999999997 50.586499999999965 2.4687694450014166
1.2999999999999996 50.65159999999999 2.401400458933117
1.3999999999999995 50.41849999999991 2.292187137184022
1.4999999999999993 50.38139999999998 2.2709494162687274
1.5999999999999992 50.48780000000007 2.281367089224316
1.699999999999999 50.272200000000055 2.23273201532389
1.799999999999999 50.25049999999994 2.2156734775139952
1.8999999999999988 50.21480000000001 2.161928512901136
1.9999999999999987 50.15740000000009 2.0501581374099853
2.0999999999999988 50.09299999999996 2.031245174014437
2.199999999999999 50.008999999999986 2.0687142331841257
2.299999999999999 49.86970000000001 1.9727959432829962
2.399999999999999 49.89700000000002 1.9258868191147844
2.499999999999999 49.87390000000002 1.892329173188348
2.599999999999999 49.92710000000004 1.8899067006964518
2.6999999999999993 50.08670000000006 1.9072993736959354
2.7999999999999994 49.89560000000001 1.7968776834858378
2.8999999999999995 49.86269999999999 1.7852859591549894
2.9999999999999996 49.79409999999997 1.8030491330455198
3.0999999999999996 49.80389999999998 1.8276419411539673
3.1999999999999997 49.88019999999999 1.742648784117088
3.3 49.83889999999995 1.7413066757291673
3.4 49.773099999999985 1.7442674275634662
3.5 49.83750000000002 1.6899170303803563
3.6 49.70029999999997 1.6574731150540947
3.7 49.70660000000001 1.620543921836927
3.8000000000000003 49.847300000000004 1.6780192068204909
3.9000000000000004 49.84729999999996 1.6718695696309192
4.0 49.72689999999999 1.5614687235338975
