# Rounds: 10, repetitions: 1000
# Good arm ~ N(5.0,5.0), 1 bad arm(s) ~ N(0.9,5.0)
# Observation noise range from 0.5 to 4.0 with step size 0.1

# Observation noise | mean | standard deviation

0.5 42.503539141158015 20.971696437029696
0.6 41.989298054462544 20.36893763762283
0.7 41.92017027432024 20.862468775851436
0.7999999999999999 42.608341415861716 21.137971201928792
0.8999999999999999 42.248910594277135 19.823969182852487
0.9999999999999999 41.62367361140751 21.27424603294656
1.0999999999999999 41.893705932634504 20.51030343671358
1.1999999999999997 41.283830877741345 19.880272413611785
1.2999999999999996 42.15123704205803 20.278803699555418
1.3999999999999995 41.57511621898158 19.64352493776344
1.4999999999999993 39.924521513440084 21.05198460895602
1.5999999999999992 41.07502413309112 19.738498087960032
1.699999999999999 40.49118650045812 20.527036595236613
1.799999999999999 40.26381847585531 19.431140328106505
1.8999999999999988 40.98450775724002 19.94618404608171
1.9999999999999987 40.8360777465625 19.700601960471502
2.0999999999999988 40.476274657835894 20.505642403635466
2.199999999999999 40.571347647396614 18.86670118497316
2.299999999999999 39.97789571303966 19.965617228157075
2.399999999999999 39.83875085098928 19.36637256426919
2.499999999999999 39.68658588906355 19.717592322234704
2.599999999999999 38.78823846696504 19.201917981241685
2.6999999999999993 38.32983960429627 19.576786040782583
2.7999999999999994 37.90230807422713 18.95496171632854
2.8999999999999995 37.62278098245355 20.160316844792447
2.9999999999999996 36.688541909020806 19.859659510502215
3.0999999999999996 37.81872608862068 19.953988746995762
3.1999999999999997 37.88147698227802 19.844686457558765
3.3 37.10581340388747 18.972800906258673
3.4 37.16323364557487 19.56380902670786
3.5 35.86770131621285 19.285592539582787
3.6 36.04131921636746 19.680672065231768
3.7 36.67239962947968 19.069079753034433
3.8000000000000003 35.93725055404273 18.48210839366212
3.9000000000000004 35.33090057063761 19.765625196003924
4.0 34.986090618963416 19.207127599424492
