# Rounds: 10, repetitions: 1000
# Good arm ~ N(5.0,3.0), 1 bad arm(s) ~ N(0.1,3.0)
# Observation noise range from 0.5 to 4.0 with step size 0.1

# Observation noise | mean | standard deviation

0.5 46.19568578113328 13.700534712432463
0.6 45.614465030365764 13.570414906601847
0.7 45.94087942393967 12.697665677586318
0.7999999999999999 45.684776129497386 13.763864486630792
0.8999999999999999 44.966595959367474 12.896039822700622
0.9999999999999999 45.0268637887493 13.445553574798913
1.0999999999999999 45.85278447790432 12.657349917261959
1.1999999999999997 45.58353470007581 13.289062216868842
1.2999999999999996 45.129302454486655 13.379232514398367
1.3999999999999995 45.417346230788674 12.727228397739868
1.4999999999999993 44.36881310142461 13.304863211450204
1.5999999999999992 44.494867273534574 12.286114681433883
1.699999999999999 44.87747582301954 13.265043551532548
1.799999999999999 43.910068250094234 13.5728284638436
1.8999999999999988 43.29912001912796 13.032513881355744
1.9999999999999987 42.97241338870476 13.650254269298111
2.0999999999999988 42.01492577585203 12.905216117039416
2.199999999999999 41.88899264230738 13.049556079034925
2.299999999999999 41.94700215794608 13.828142846825733
2.399999999999999 42.311063700984434 13.503578680662649
2.499999999999999 41.582751916464154 13.043425092943533
2.599999999999999 41.511320860148686 13.027838737485046
2.6999999999999993 39.79505013805197 13.68988529696515
2.7999999999999994 39.74095962785031 13.12361414096744
2.8999999999999995 39.304774675036434 14.091631203034515
2.9999999999999996 39.06075022237115 13.676901052789743
3.0999999999999996 38.08808270374348 13.554366617154898
3.1999999999999997 38.3519096968534 13.974336737015465
3.3 37.42220298333192 13.837917651967807
3.4 37.429503212266596 13.94917077836502
3.5 37.23358115880268 13.015515262651254
3.6 35.810252432839896 13.568918130329505
3.7 35.353791501316664 14.068642829504638
3.8000000000000003 36.619469814191184 13.78622117498952
3.9000000000000004 35.29429620538924 13.789200022508457
4.0 35.10012441379056 13.437041929073176
