# Rounds: 10, repetitions: 1000
# Good arm ~ N(5.0,1.0), 1 bad arm(s) ~ N(3.5,1.0)
# Observation noise range from 0.5 to 4.0 with step size 0.1

# Observation noise | mean | standard deviation

0.5 49.37528809053988 5.831373393477838
0.6 49.41618868824326 5.579750471042278
0.7 49.21740629038503 5.649030519745048
0.7999999999999999 48.942011992473645 5.602468273742912
0.8999999999999999 48.73857779837476 5.8838365091415525
0.9999999999999999 48.56009301384847 5.9167160775442085
1.0999999999999999 48.47804653206499 5.773721820481311
1.1999999999999997 48.182723787196835 5.676093196115078
1.2999999999999996 48.237529780084984 5.538075857544524
1.3999999999999995 48.02717452941673 5.745339794853628
1.4999999999999993 48.20419179299463 5.458607708758628
1.5999999999999992 47.464223011035685 5.8178793262269615
1.699999999999999 47.26348254332697 5.468295703460817
1.799999999999999 47.837837542517455 5.633693766164029
1.8999999999999988 47.00496363905986 5.566163522951185
1.9999999999999987 46.92171153710359 5.472165401370126
2.0999999999999988 46.67900054458388 5.4618387380014655
2.199999999999999 46.43922695483471 5.352678970499876
2.299999999999999 46.55935942925552 5.373353742757487
2.399999999999999 46.353650980081774 5.2489875745079395
2.499999999999999 46.2712523663319 5.502541307978114
2.599999999999999 46.05232191187211 5.238871207904436
2.6999999999999993 46.08148853627539 5.190504476830699
2.7999999999999994 45.87560650042527 5.219796369799198
2.8999999999999995 45.82724051419133 4.938275163576027
2.9999999999999996 45.47164745573014 4.969499791551087
3.0999999999999996 45.53563029518064 4.986854459067751
3.1999999999999997 45.423923162387496 4.9441005362066015
3.3 45.40281440820788 4.973998102712334
3.4 44.95972473391803 4.84205650823004
3.5 45.184015481433555 4.903340952197196
3.6 45.02964166395748 4.8564868077116135
3.7 44.99087631939068 4.829262512601243
3.8000000000000003 44.98764541037055 4.825314464630878
3.9000000000000004 44.946739553985374 4.845697729094752
4.0 44.81137494105988 4.7885679826301635
