# Rounds: 10, repetitions: 1000
# Good arm ~ N(5.0,1.0), 1 bad arm(s) ~ N(2.4,1.0)
# Observation noise range from 0.5 to 4.0 with step size 0.1

# Observation noise | mean | standard deviation

0.5 49.56789885615479 5.695322235654068
0.6 49.33561020457703 5.834259086591182
0.7 49.16868148849745 6.04753244900203
0.7999999999999999 49.22912304545727 5.801138117645025
0.8999999999999999 48.89237856178175 6.36216899064235
0.9999999999999999 48.31251265524885 6.203501865471034
1.0999999999999999 48.225298755279155 6.280617420187374
1.1999999999999997 48.35453863606587 6.287704962986888
1.2999999999999996 47.897758111930784 6.42884595122495
1.3999999999999995 47.4002346720357 6.462391811164269
1.4999999999999993 47.5280507567827 6.413841443559006
1.5999999999999992 46.93552225362454 6.612186546558311
1.699999999999999 46.81745311127099 6.223964948577411
1.799999999999999 46.22576149725423 6.8166515683171855
1.8999999999999988 46.05788191201906 6.6081940254864895
1.9999999999999987 45.75629392111014 6.701457811167116
2.0999999999999988 45.35051261696845 7.019422734410433
2.199999999999999 44.71234950625501 6.7331449536986
2.299999999999999 44.725192082963886 6.644083268019165
2.399999999999999 44.215660551930306 6.8120837274163595
2.499999999999999 43.74929161119254 6.943231047324203
2.599999999999999 43.983538515016924 6.81358915575322
2.6999999999999993 43.05342689837478 6.935444138148326
2.7999999999999994 42.69594602601606 6.697163985560867
2.8999999999999995 42.412063233900334 6.684905644764059
2.9999999999999996 42.77490697402299 6.5925352851617465
3.0999999999999996 42.227774540935776 6.814458873568954
3.1999999999999997 41.780592174867905 6.4356121367731225
3.3 41.251387512432814 6.813569645251137
3.4 41.12305757097728 6.7271430290246945
3.5 41.104713253562686 6.843716771645945
3.6 41.206854344974 6.584250760805381
3.7 40.585570610512185 6.49038388603639
3.8000000000000003 40.779074682177765 6.513046115248835
3.9000000000000004 39.87197827489924 6.66150552388591
4.0 39.7131218201183 6.546002970223306
