# Rounds: 10, repetitions: 1000
# Good arm ~ N(5.0,2.0), 1 bad arm(s) ~ N(1.0,2.0)
# Observation noise range from 0.5 to 4.0 with step size 0.1

# Observation noise | mean | standard deviation

0.5 47.60675259975572 9.163747451163816
0.6 47.892462464751624 9.157922744515849
0.7 48.34623474527686 8.611128200979694
0.7999999999999999 48.034501025423154 9.243823385189462
0.8999999999999999 47.95995562827355 8.530239555081817
0.9999999999999999 47.565892767549755 8.799057117537748
1.0999999999999999 47.241581181556434 9.341779706058787
1.1999999999999997 47.45191171431439 9.143523913694212
1.2999999999999996 46.41401132210173 9.161047757373055
1.3999999999999995 46.72839175654375 9.443375591561898
1.4999999999999993 46.59273109467589 8.88601749819981
1.5999999999999992 45.99591580969845 9.339183904673039
1.699999999999999 45.91457551303648 9.338838713155413
1.799999999999999 45.41727998368714 9.19681162008188
1.8999999999999988 45.14442406513123 9.692266660453445
1.9999999999999987 44.72482306732109 9.95660636279854
2.0999999999999988 44.11504248631956 9.365721940128106
2.199999999999999 43.523369943401306 9.862130626300976
2.299999999999999 43.14120662500821 10.236382739722414
2.399999999999999 43.041263694290684 9.682548568869768
2.499999999999999 42.49703910587982 9.632911666565512
2.599999999999999 42.088508097314765 9.864957235562198
2.6999999999999993 41.81496803655808 9.707090196402792
2.7999999999999994 41.477597523157755 9.743089586076206
2.8999999999999995 40.955098185192824 9.967187599637242
2.9999999999999996 40.14211833696408 9.69600933530557
3.0999999999999996 39.97287653387722 10.624908137288417
3.1999999999999997 39.73875165331713 10.369010628593923
3.3 39.06908219521895 9.86812392625432
3.4 38.88300676509289 9.81097993433153
3.5 37.89941590948342 10.146695996260307
3.6 37.582228597304166 10.499072728208661
3.7 37.31167035969249 10.130647235906862
3.8000000000000003 37.0560598267775 10.560977058229048
3.9000000000000004 37.29614975707057 10.33013530884366
4.0 36.715070071014964 10.385903616937922
