# Rounds: 5000, repetitions: 1000
# Good arm ~ N(5.0,2.0), 7 bad arm(s) ~ N(4.0,2.0)
# Observation noise range from 0.5 to 8.0 with step size 0.1

# Observation noise | mean | standard deviation

0.5 24124.949506622383 1774.1436966263789
0.6 24246.661504304004 1619.061633015455
0.7 24430.298301340674 1390.162191250431
0.7999999999999999 24506.69932577253 1281.9994389317571
0.8999999999999999 24615.412713716676 1057.5289917965652
0.9999999999999999 24707.86840068896 838.3741772294715
1.0999999999999999 24711.85305524606 814.2450827757712
1.1999999999999997 24779.717818184967 609.4748883806186
1.2999999999999996 24774.681171009157 588.68588634181
1.3999999999999995 24799.43465028345 474.22644238717055
1.4999999999999993 24813.133161227383 332.4566613188126
1.5999999999999992 24798.447185773308 306.7424947982757
1.699999999999999 24787.654647668518 234.72833270957918
1.799999999999999 24773.68891586044 214.9738188564512
1.8999999999999988 24767.206124662996 213.57169230595164
1.9999999999999987 24761.70928519776 170.6655621930789
2.0999999999999988 24749.408511804286 168.17211810246664
2.199999999999999 24718.26905692422 227.6093412675416
2.299999999999999 24723.92013542224 159.04972932854125
2.399999999999999 24702.60062835434 169.61932274558
2.499999999999999 24679.017967871503 162.1698752379849
2.599999999999999 24664.82150543573 170.10448154899868
2.6999999999999993 24639.617109473504 169.52139147734042
2.7999999999999994 24613.861689635145 172.10471810724576
2.8999999999999995 24608.440045239735 162.9042720415529
2.9999999999999996 24580.178577864386 158.2847910080694
3.0999999999999996 24562.265902701096 167.24700706842629
3.1999999999999997 24537.80658595901 169.4169002585199
3.3 24517.441731655497 167.16070616509253
3.4 24495.520738654628 163.73584552922776
3.5 24470.76838006826 169.34809687502357
3.6 24455.32930880489 170.13402630659198
3.7 24427.410523452432 171.81193550881449
3.8000000000000003 24402.43901415176 167.73001145034326
3.9000000000000004 24386.773378577353 173.20294046482888
4.0 24372.98947225827 175.7274564363752
4.1 24341.223482964626 176.51744165665045
4.199999999999999 24323.59722893991 179.82935237580693
4.299999999999999 24293.88500600082 179.63797439792782
4.399999999999999 24291.96340704502 178.59257450378956
4.499999999999998 24250.910955547686 190.22474343808915
4.599999999999998 24234.406904220567 178.62614760197602
4.6999999999999975 24203.50785985567 187.7308732262262
4.799999999999997 24180.842981345522 186.59970846340923
4.899999999999997 24164.589734698806 184.55196312359956
4.9999999999999964 24141.938580031783 188.04976826430766
5.099999999999996 24120.07390851721 184.37725320279785
5.199999999999996 24090.62598858853 189.67981354599692
5.299999999999995 24068.429037375397 181.92109038425897
5.399999999999995 24037.713959295885 182.802427854885
5.499999999999995 24023.613247829697 189.65279873382005
5.599999999999994 23994.590620031806 188.82482639546436
5.699999999999994 23968.499211202015 194.56173931308246
5.799999999999994 23947.99573647992 191.14689279813814
5.899999999999993 23938.29124328002 193.59639012950348
5.999999999999993 23905.82179066159 199.4923066239151
6.0999999999999925 23877.11024544565 198.82268314530955
6.199999999999992 23855.99709181029 203.89567802144632
6.299999999999992 23830.70600215111 193.8305335708094
6.3999999999999915 23812.18170904406 203.3340756088063
6.499999999999991 23790.590429441014 202.95281168778595
6.599999999999991 23757.79388676311 209.30532688071904
6.69999999999999 23737.474834354398 202.85775083076018
6.79999999999999 23720.950136094907 206.58168068739292
6.89999999999999 23692.978102722143 205.52769640863107
6.999999999999989 23686.806329989176 211.12214442342216
7.099999999999989 23654.91868294419 208.4794673415085
7.199999999999989 23626.67925621539 211.95789429227915
7.299999999999988 23615.181542848342 209.6223980435103
7.399999999999988 23589.977010206992 207.61925622317747
7.499999999999988 23541.60518750619 213.32566552944238
7.599999999999987 23535.036309341078 214.9760483828139
7.699999999999987 23518.94960793558 206.49523840235398
7.7999999999999865 23490.46777258786 221.16132257988343
7.899999999999986 23467.98557134002 210.30084586527428
7.999999999999986 23454.744371310393 216.98364957585972
