# Rounds: 5000, repetitions: 1000
# Good arm ~ N(5.0,2.0), 7 bad arm(s) ~ N(0.5,2.0)
# Observation noise range from 0.5 to 8.0 with step size 0.1

# Observation noise | mean | standard deviation

0.5 24955.418268641683 241.18864829698452
0.6 24953.7806649809 209.64284135985199
0.7 24953.705164769493 146.34304739259707
0.7999999999999999 24968.764835505805 140.13465746655123
0.8999999999999999 24967.95503573768 145.9740423085628
0.9999999999999999 24954.95658801584 146.46667133507475
1.0999999999999999 24955.235631552794 138.4000025729106
1.1999999999999997 24947.00703979486 142.7504247990042
1.2999999999999996 24951.444437853595 142.01152112281747
1.3999999999999995 24949.5337209084 147.14092610828425
1.4999999999999993 24937.267618786515 141.27491288640977
1.5999999999999992 24932.28421574182 143.38703969564074
1.699999999999999 24928.87614709263 140.39479162840803
1.799999999999999 24921.697915878776 144.30859698435137
1.8999999999999988 24915.992415747205 140.99363905890388
1.9999999999999987 24914.26654248074 143.00629475618558
2.0999999999999988 24909.504674729895 147.04524893047105
2.199999999999999 24905.492020813403 143.2166070639943
2.299999999999999 24883.728359667664 144.75704844509644
2.399999999999999 24883.197150708438 143.51924308030723
2.499999999999999 24871.468456494422 143.154337480509
2.599999999999999 24865.701027633513 145.28266453863688
2.6999999999999993 24850.07355998928 138.03229638189026
2.7999999999999994 24846.525193158574 143.88005059550184
2.8999999999999995 24843.19532706918 144.9972920168794
2.9999999999999996 24834.834432870048 143.25925717100853
3.0999999999999996 24823.615326535513 145.9787253267931
3.1999999999999997 24809.59646609111 139.7671127921396
3.3 24803.186651634547 142.17371262193438
3.4 24792.92724757026 142.21581642572772
3.5 24786.699318806473 142.86479321344316
3.6 24774.999541440422 146.8215315736944
3.7 24767.62179967914 145.6391660737303
3.8000000000000003 24751.725092926965 148.19282929207225
3.9000000000000004 24742.134418796802 140.3666694861368
4.0 24737.664300660286 143.69945800829151
4.1 24726.247564645928 140.85441252239548
4.199999999999999 24716.108682890346 139.25708505694922
4.299999999999999 24701.456920676024 147.51758077364101
4.399999999999999 24694.605406646366 144.8416496045359
4.499999999999998 24680.285722918674 147.37145382172943
4.599999999999998 24674.92756845314 148.36208144434556
4.6999999999999975 24655.46729089339 147.6412964095705
4.799999999999997 24639.710128642353 149.54574011332892
4.899999999999997 24624.810169148248 150.4908662939992
4.9999999999999964 24620.66945019513 148.79850508937866
5.099999999999996 24602.74545942525 148.34766924584312
5.199999999999996 24599.8742017347 145.60567222678142
5.299999999999995 24588.08398391097 143.2536851145089
5.399999999999995 24575.484380250815 148.08357442685892
5.499999999999995 24559.867372997647 145.01284439600815
5.599999999999994 24541.140233038364 146.7164009582821
5.699999999999994 24533.852866579375 151.7903301713813
5.799999999999994 24517.510736097003 148.1465333806887
5.899999999999993 24510.769298166288 147.5069342016871
5.999999999999993 24482.974769159897 150.73210692361167
6.0999999999999925 24481.858894870085 151.36435097867542
6.199999999999992 24463.376256139243 150.84505278751556
6.299999999999992 24452.096140530328 154.80537727904635
6.3999999999999915 24436.219718816188 149.9180829956438
6.499999999999991 24424.313947996176 141.86485435124015
6.599999999999991 24405.12915005884 152.86125617529999
6.69999999999999 24390.145625894067 157.1984447299266
6.79999999999999 24376.417206667014 149.870794716085
6.89999999999999 24363.882586786294 147.94033715930294
6.999999999999989 24348.762515451705 153.11260422274478
7.099999999999989 24330.649846203414 150.86325852913401
7.199999999999989 24313.00617377095 152.84245358923445
7.299999999999988 24295.90190555299 146.82693598026302
7.399999999999988 24285.14862234216 143.92640138861833
7.499999999999988 24266.77816746389 146.76140867329855
7.599999999999987 24257.781683832476 159.06536092505698
7.699999999999987 24239.313583627325 155.73255229724893
7.7999999999999865 24216.272596256014 155.49594481936984
7.899999999999986 24200.08050070818 150.8937034838244
7.999999999999986 24194.657129129188 153.46938443753305
