# Rounds: 10, repetitions: 1000
# Good arm ~ N(5.0,2.0), 19 bad arm(s) ~ N(4.5,2.0)
# Observation noise range from 0.5 to 8.0 with step size 0.1

# Observation noise | mean | standard deviation

0.5 49.578075594312345 6.7983247950008145
0.6 49.64545022620926 6.896645409805879
0.7 49.47316439285983 6.788262657532758
0.7999999999999999 49.8986523205199 6.875952949229052
0.8999999999999999 49.90453048827159 6.75314195086742
0.9999999999999999 49.34218385627424 6.556107818504095
1.0999999999999999 49.526429050744014 6.590631833354484
1.1999999999999997 49.756962739618324 6.6001101604169925
1.2999999999999996 49.89521664604078 6.5790459734696185
1.3999999999999995 49.775680290159215 6.828232730166716
1.4999999999999993 49.84712641137163 6.931901727040524
1.5999999999999992 49.85370376511705 6.513795700345995
1.699999999999999 49.96341547715581 6.74501656013643
1.799999999999999 49.94989945650586 6.4363950606308125
1.8999999999999988 50.32121086504312 6.292438257938766
1.9999999999999987 49.87826740990284 6.500822335937455
2.0999999999999988 50.08614640824092 6.39169200692208
2.199999999999999 49.86343287478469 6.699431781943851
2.299999999999999 49.713527907032045 6.601238540242225
2.399999999999999 49.59236689855807 6.702787186498724
2.499999999999999 49.54095972208473 6.830318361345647
2.599999999999999 49.89789261130263 6.676525774217657
2.6999999999999993 49.72454491311088 6.667518889096759
2.7999999999999994 49.88741644622835 6.8060710673533595
2.8999999999999995 49.22439086447006 6.563899615608492
2.9999999999999996 49.67299121371703 6.546722521556196
3.0999999999999996 49.888405488562086 6.642111951374795
3.1999999999999997 49.78146046212428 6.572448910188494
3.3 49.80690181480168 6.614739651454605
3.4 49.416035246675996 6.47280509979087
3.5 49.49973036533693 6.415563127845193
3.6 49.533286612233724 6.610378535644545
3.7 49.49845984032007 6.7128150710253776
3.8000000000000003 49.904010439081574 6.600916397995337
3.9000000000000004 49.4391875042371 6.9524485241311
4.0 49.45978598310195 6.732887468241077
4.1 49.62428430774125 6.721571399476449
4.199999999999999 49.87244589082194 6.929244113459223
4.299999999999999 49.63264051181377 6.72217302742648
4.399999999999999 50.07974287791972 6.489903852184564
4.499999999999998 49.85311691809199 6.8167946061898075
4.599999999999998 49.88320500734163 6.73394695211914
4.6999999999999975 49.69752372333391 6.878214609266844
4.799999999999997 50.01933377469214 6.638833532855007
4.899999999999997 49.90374020895483 6.749776739355869
4.9999999999999964 49.63335768779501 6.623148828035567
5.099999999999996 49.595737089421085 6.479325175346204
5.199999999999996 49.709036773373974 6.645807949327205
5.299999999999995 49.50442149208011 6.615742557164016
5.399999999999995 49.602763718756165 6.872729046228937
5.499999999999995 49.7563079701331 6.575898058846848
5.599999999999994 49.80873101291758 6.9647891553264545
5.699999999999994 49.60891623449749 6.517495378654925
5.799999999999994 49.39493882946439 7.054541242375921
5.899999999999993 49.71315037906289 6.481662938501766
5.999999999999993 49.69259629384446 6.8557750643225575
6.0999999999999925 49.59188468592061 6.6518292539456105
6.199999999999992 49.68923481687526 6.564171472436935
6.299999999999992 49.532076824878246 6.599590005716132
6.3999999999999915 49.6696426234789 6.709418908902992
6.499999999999991 49.677085827828975 6.4371181911588105
6.599999999999991 49.54558519461665 6.693635814759592
6.69999999999999 49.904648607503866 6.550076121474411
6.79999999999999 49.98564572986024 6.496757796472683
6.89999999999999 49.62495239308153 6.840649989484514
6.999999999999989 49.84773417272117 6.45464070899546
7.099999999999989 49.9217389230477 6.5180277887040265
7.199999999999989 49.406529802046045 6.866267089571292
7.299999999999988 49.49931940894703 6.922384806807078
7.399999999999988 49.84705000280367 6.7490805546643395
7.499999999999988 49.983289569000185 6.71184868305604
7.599999999999987 49.854917485845085 6.579192962236047
7.699999999999987 50.05020536416142 6.368503327514072
7.7999999999999865 49.668696909402975 6.876545129677056
7.899999999999986 50.63801453617937 6.563818626374217
7.999999999999986 49.70470855588493 6.422774729374231
