# Rounds: 10, repetitions: 1000
# Good arm ~ N(5.0,0.0), 19 bad arm(s) ~ N(0.5,0.0)
# Observation noise range from 0.5 to 8.0 with step size 0.1

# Observation noise | mean | standard deviation

0.5 12.335500000000007 7.685066688064618
0.6 12.029499999999988 7.6028075361956216
0.7 11.750499999999981 7.535966463602449
0.7999999999999999 11.579499999999992 6.991982377521263
0.8999999999999999 11.453500000000004 7.167877385685185
0.9999999999999999 11.048500000000002 6.678997436498737
1.0999999999999999 10.99000000000002 6.4832424320267625
1.1999999999999997 10.566999999999997 6.117305978323511
1.2999999999999996 10.602999999999987 6.222307297788196
1.3999999999999995 10.215999999999992 5.69440692875647
1.4999999999999993 10.332999999999988 5.8503707436227925
1.5999999999999992 10.04499999999998 5.680514346715755
1.699999999999999 10.139500000000007 5.569048756659817
1.799999999999999 9.694 5.505604024598561
1.8999999999999988 9.361000000000013 4.902776378361139
1.9999999999999987 9.847 5.3628678290026714
2.0999999999999988 9.532000000000004 4.859896562129145
2.199999999999999 9.180999999999992 4.685102900597718
2.299999999999999 9.455500000000006 4.874836795604898
2.399999999999999 8.978499999999997 4.473958432311819
2.499999999999999 9.059500000000021 4.563335817555374
2.599999999999999 8.785000000000004 4.513717829976626
2.6999999999999993 9.1495 4.4279799860384195
2.7999999999999994 8.87050000000001 4.299589075274062
2.8999999999999995 8.829999999999982 4.23881676503805
2.9999999999999996 8.586999999999987 3.8975148006931057
3.0999999999999996 8.64549999999999 3.956859422128421
3.1999999999999997 8.59600000000001 4.152472399309465
3.3 8.834499999999986 4.121267352962503
3.4 8.564499999999997 3.8657513867013655
3.5 8.681499999999998 3.922779110011915
3.6 8.595999999999991 3.9421218048563844
3.7 8.470000000000011 3.8160401153764325
3.8000000000000003 8.479000000000019 4.194001507945437
3.9000000000000004 8.6545 4.061018544850744
4.0 8.37550000000001 3.822088186856515
4.1 8.569000000000003 3.922068538618589
4.199999999999999 8.330499999999999 3.727252629238085
4.299999999999999 8.397999999999994 3.834227079516429
4.399999999999999 8.416000000000004 3.9355345802612973
4.499999999999998 8.325999999999997 3.6175697382097196
4.599999999999998 8.177500000000013 3.47862682600401
4.6999999999999975 8.119000000000014 3.496936883555057
4.799999999999997 8.294500000000017 3.611240896258632
4.899999999999997 8.465500000000013 3.7417991408961133
4.9999999999999964 8.18650000000001 3.5180739893575885
5.099999999999996 8.17750000000001 3.484449043268573
5.199999999999996 8.038000000000007 3.4107461337937814
5.299999999999995 8.177500000000002 3.5134154092332968
5.399999999999995 8.110000000000008 3.5036660336960628
5.499999999999995 8.17749999999999 3.478626826004015
5.599999999999994 8.186499999999988 3.430559209004609
5.699999999999994 8.064999999999992 3.3904675592416944
5.799999999999994 8.082999999999991 3.3283913816120054
5.899999999999993 8.159500000000023 3.5727544450079898
5.999999999999993 8.09200000000001 3.4176331307231154
6.0999999999999925 8.380000000000006 3.5860088482126735
6.199999999999992 8.339500000000001 3.5072482861269942
6.299999999999992 8.105499999999994 3.469244212419377
6.3999999999999915 7.956999999999994 3.3142322089942993
6.499999999999991 8.164000000000001 3.4744317054268827
6.599999999999991 8.168499999999984 3.520262774282602
6.69999999999999 8.092000000000008 3.464756923730789
6.79999999999999 7.871500000000003 3.2692393114722846
6.89999999999999 8.128000000000002 3.4316019425177777
6.999999999999989 7.966000000000001 3.295254573276972
7.099999999999989 7.934500000000002 3.3821440904622073
7.199999999999989 8.019999999999989 3.406274020495526
7.299999999999988 8.110000000000007 3.385980635630501
7.399999999999988 7.965999999999999 3.3742746968392816
7.499999999999988 8.280999999999993 3.5680905636306717
7.599999999999987 7.988500000000012 3.312112292455957
7.699999999999987 8.0605 3.51417688644003
7.7999999999999865 8.038000000000004 3.3928701076769174
7.899999999999986 7.880500000000003 3.3120143703174163
7.999999999999986 8.06500000000002 3.3057075948581356
