# Rounds: 10, repetitions: 1000
# Good arm ~ N(5.0,4.0), 19 bad arm(s) ~ N(5.0,4.0)
# Observation noise range from 0.5 to 8.0 with step size 0.1

# Observation noise | mean | standard deviation

0.5 54.764336104748715 13.276723915705015
0.6 54.5435338228652 13.163945028001459
0.7 55.371228437845595 12.824064460276938
0.7999999999999999 55.24531508349652 12.80841102779563
0.8999999999999999 55.60772671851501 13.153716182330179
0.9999999999999999 55.52680119595778 13.054119377978582
1.0999999999999999 55.05912460553707 13.25863634053465
1.1999999999999997 54.95593181633144 13.413635245804011
1.2999999999999996 55.44544062547351 13.232296076672128
1.3999999999999995 54.718062690706915 13.981667116187898
1.4999999999999993 53.940704700494564 13.285897191588056
1.5999999999999992 55.68266362138054 13.86889222670576
1.699999999999999 54.86636903792465 13.182351410185566
1.799999999999999 55.603004696386165 12.98301184393509
1.8999999999999988 55.25047391172253 13.189040508077282
1.9999999999999987 55.6438217142844 13.183690233287384
2.0999999999999988 55.057292737246314 12.848838933488643
2.199999999999999 55.3776089617769 13.355647930867883
2.299999999999999 55.45916225354068 13.539362187159808
2.399999999999999 55.0813546954169 13.607287795066474
2.499999999999999 54.85826662896543 13.546702781541672
2.599999999999999 55.2349336946594 12.606510146997751
2.6999999999999993 55.229377644116475 13.337982582642592
2.7999999999999994 55.02082654278594 13.790391807889721
2.8999999999999995 54.94698974334116 13.304141165919027
2.9999999999999996 54.76903760858864 13.198183064352081
3.0999999999999996 54.93306053628718 13.277259479383147
3.1999999999999997 54.865961000209936 13.51916069901873
3.3 54.97584860708401 12.99029151404112
3.4 55.59302596664923 13.603036653189173
3.5 55.01998089047634 13.207818789377226
3.6 55.017038473154074 12.995208793139167
3.7 55.01703322941534 13.26073199270732
3.8000000000000003 55.403330018282425 13.28999863889037
3.9000000000000004 55.088408459004626 13.491894110642916
4.0 54.86962273842718 13.509969872678674
4.1 55.112052356558465 12.914882005061367
4.199999999999999 55.118793609672835 13.68710845381063
4.299999999999999 55.19473366470473 13.071801829414223
4.399999999999999 55.03069503866052 12.71334120579788
4.499999999999998 55.513586964736675 13.414352572446765
4.599999999999998 55.435665914601955 13.3340998694441
4.6999999999999975 55.17105483307532 13.185981766486401
4.799999999999997 55.088021528916705 12.93274372201676
4.899999999999997 55.57872287352165 13.03988421876179
4.9999999999999964 54.850618439194974 13.048709737611457
5.099999999999996 55.660736374498036 13.115334571759295
5.199999999999996 54.744594723591966 13.503501538567374
5.299999999999995 55.140157828196 13.356474222441364
5.399999999999995 55.11993761340339 13.122576371477702
5.499999999999995 55.64856543104829 13.102985469164691
5.599999999999994 53.83815128621585 12.829214543630794
5.699999999999994 54.75503102504485 13.532774240335318
5.799999999999994 55.64478527145852 12.617742759604354
5.899999999999993 54.51093032108671 13.535379267999183
5.999999999999993 55.265833666696096 12.891537024115483
6.0999999999999925 55.209798209731545 13.775690500070096
6.199999999999992 54.37494412252926 13.030599933736903
6.299999999999992 54.603260311161456 13.490228913790196
6.3999999999999915 55.00344878766697 13.275271972849023
6.499999999999991 55.46749241833876 13.29399970700363
6.599999999999991 55.400306292336126 13.275034461508907
6.69999999999999 54.211668764681455 13.187972822559258
6.79999999999999 55.198328271460355 12.967899242431145
6.89999999999999 55.361099496128915 12.914336806993756
6.999999999999989 55.55257279067032 13.11525866102352
7.099999999999989 55.15376028026578 13.428251195440962
7.199999999999989 54.96197256671515 13.16323845069985
7.299999999999988 55.73729883777954 13.304203514604364
7.399999999999988 54.73270610080892 12.898296584310962
7.499999999999988 55.39713613855977 13.187726622833448
7.599999999999987 55.13483274141854 13.142400057744437
7.699999999999987 55.348328735600376 13.079841005870795
7.7999999999999865 54.701200586090614 12.7565434689136
7.899999999999986 56.03047532963814 13.389339484083294
7.999999999999986 54.990984305158534 13.498802556236718
