# Rounds: 5000, repetitions: 1000
# Good arm ~ N(5.0,5.0), 16 bad arm(s) ~ N(5.0,5.0)
# Observation noise range from 0.5 to 8.0 with step size 0.1

# Observation noise | mean | standard deviation

0.5 25020.445829909262 347.3009349242611
0.6 25016.461232013742 356.60770359104976
0.7 25010.502423132864 344.47507254975756
0.7999999999999999 24998.858342698983 347.249272777276
0.8999999999999999 24999.14154551901 351.48691561856793
0.9999999999999999 25009.83689557707 337.43803762756875
1.0999999999999999 24989.177854613346 353.7934040288944
1.1999999999999997 25007.69812729781 347.63261656926966
1.2999999999999996 25005.329429228554 355.0698457246163
1.3999999999999995 25029.642965659023 353.83687177474366
1.4999999999999993 24990.02864314927 349.7979836574483
1.5999999999999992 25011.11320663262 346.2120006544608
1.699999999999999 24998.189772394457 352.91588454313535
1.799999999999999 24990.610069418788 338.6041336139661
1.8999999999999988 25002.33326688848 348.3848489635801
1.9999999999999987 25014.050077070468 346.3999033439328
2.0999999999999988 24989.678769864717 366.27199057291574
2.199999999999999 25006.354938872682 353.63932938751003
2.299999999999999 25003.817214551516 347.6344464951073
2.399999999999999 25012.705484023423 358.38662659198224
2.499999999999999 25032.42491029768 359.9610084288731
2.599999999999999 24992.490683744636 363.3977833473388
2.6999999999999993 24984.35003757266 352.9086681326166
2.7999999999999994 25009.09173497357 349.52910369111396
2.8999999999999995 25013.664276272142 353.26021325130426
2.9999999999999996 25003.719375224457 357.4645719975963
3.0999999999999996 24999.998024379478 359.32575714118644
3.1999999999999997 24995.88827995918 345.33420322877754
3.3 25020.601404145935 366.85480187921326
3.4 24997.54066167455 360.19692134235095
3.5 25017.32508143346 353.11280698839374
3.6 24999.25119747051 354.0936085951081
3.7 25007.908291813743 359.9750591915129
3.8000000000000003 24991.57056368 350.26234001473364
3.9000000000000004 24994.542273368297 357.89795114803496
4.0 25009.39015138033 361.0250900009091
4.1 25005.01085604449 359.20875922802094
4.199999999999999 25000.144470217914 358.8831714155974
4.299999999999999 25022.93544829252 356.05272579557777
4.399999999999999 25007.166819031096 355.18542158399055
4.499999999999998 25005.679087367716 352.5145748605112
4.599999999999998 24994.127873359244 353.04771817859876
4.6999999999999975 25015.295561141458 349.95396299290206
4.799999999999997 25010.390150827683 360.2403195599811
4.899999999999997 24987.66544661447 358.03953361274324
4.9999999999999964 24999.82214850318 343.64918854751585
5.099999999999996 24994.224921814788 357.56784289111107
5.199999999999996 24979.922640469147 367.51919554394794
5.299999999999995 25006.603530630924 382.78687591958624
5.399999999999995 25017.452778005998 345.5361421137363
5.499999999999995 24999.850694996614 364.35463104429476
5.599999999999994 25006.364335745715 361.1904382758889
5.699999999999994 25014.02594162812 343.70356071923237
5.799999999999994 25000.695342651576 351.03770873944075
5.899999999999993 25004.581247342834 352.19641716551314
5.999999999999993 25004.602020207403 352.3942866487332
6.0999999999999925 25007.940894567415 352.08185000444604
6.199999999999992 24994.101409346655 353.48339591398434
6.299999999999992 25012.464707391784 354.45545852247795
6.3999999999999915 25003.72652239264 351.99886368982783
6.499999999999991 25009.843634776866 357.75764241845616
6.599999999999991 25001.080369534782 357.5354139719162
6.69999999999999 24992.577369918294 353.07737649212834
6.79999999999999 25003.098790364973 352.96169412458664
6.89999999999999 25019.849713608197 358.17036489149325
6.999999999999989 25000.907521826393 372.9222795962166
7.099999999999989 24994.47905470904 364.47897747655577
7.199999999999989 25021.5605759068 352.3432423526798
7.299999999999988 24989.5079490929 359.3700308354999
7.399999999999988 24999.62953688857 351.62720282421657
7.499999999999988 24985.876672435326 345.8658705153419
7.599999999999987 24997.908822485166 357.6354510223943
7.699999999999987 25000.984823353458 359.4070788093677
7.7999999999999865 24997.715341582214 341.95810584390375
7.899999999999986 24994.08286007591 338.10737453885855
7.999999999999986 25026.001547099666 366.09702673761586
