# Rounds: 5000, repetitions: 1000
# Good arm ~ N(5.0,0.0), 16 bad arm(s) ~ N(3.0,0.0)
# Observation noise range from 0.5 to 8.0 with step size 0.1

# Observation noise | mean | standard deviation

0.5 24967.911999999986 6.093060099931821
0.6 24953.380000000023 6.110068161070911
0.7 24939.840000000022 3.296250182444502
0.7999999999999999 24930.841999999968 4.450487933119549
0.8999999999999999 24914.943999999992 4.626258344090399
0.9999999999999999 24899.476000000028 4.235961209379433
1.0999999999999999 24883.273999999976 4.753053283471088
1.1999999999999997 24865.241999999995 4.938200261413284
1.2999999999999996 24846.539999999983 5.465736389021567
1.3999999999999995 24826.69400000003 5.723558606594645
1.4999999999999993 24806.094000000012 6.056058110672248
1.5999999999999992 24784.686000000005 6.663167550182221
1.699999999999999 24762.452000000023 6.856435422776673
1.799999999999999 24739.743999999973 7.098792633741137
1.8999999999999988 24716.240000000016 7.756452962699007
1.9999999999999987 24691.695999999996 8.000724691901011
2.0999999999999988 24666.619999999995 8.292910970966298
2.199999999999999 24641.06799999999 8.495855198598687
2.299999999999999 24614.425999999963 9.144076669524287
2.399999999999999 24587.606 9.674831593695433
2.499999999999999 24559.72 9.428600028556613
2.599999999999999 24532.087999999996 10.404831402599394
2.6999999999999993 24503.90799999998 10.299981826470585
2.7999999999999994 24474.07799999999 10.558475145464834
2.8999999999999995 24444.898000000023 11.46878934888646
2.9999999999999996 24414.287999999986 11.091622067131643
3.0999999999999996 24383.792 12.033850154856808
3.1999999999999997 24352.21400000001 12.647615038661003
3.3 24321.25800000001 12.985609807092798
3.4 24288.900000000005 13.25434561484185
3.5 24256.909999999996 13.349086039804408
3.6 24224.520000000015 14.082894870300134
3.7 24190.839999999982 14.329959795747655
3.8000000000000003 24157.593999999997 15.373467647460343
3.9000000000000004 24123.015999999978 14.903887743467042
4.0 24088.34399999999 15.424901672023593
4.1 24054.564000000006 16.589548430174975
4.199999999999999 24020.20599999998 16.321027539341365
4.299999999999999 23983.965999999993 16.208070383162333
4.399999999999999 23948.829999999984 16.834562735708523
4.499999999999998 23912.82000000002 17.36655398163942
4.599999999999998 23876.308 17.87558873639335
4.6999999999999975 23839.313999999984 17.979673875592887
4.799999999999997 23803.638000000046 19.113196233761396
4.899999999999997 23767.819999999985 19.514005134682023
4.9999999999999964 23729.568 19.3774317405807
5.099999999999996 23692.170000000006 19.512863753223158
5.199999999999996 23654.864000000012 20.28144079795219
5.299999999999995 23616.535999999982 20.800032340007224
5.399999999999995 23577.886000000006 21.89324823589044
5.499999999999995 23540.285999999975 22.07635770614277
5.599999999999994 23501.025999999994 22.023450146522435
5.699999999999994 23462.573999999993 22.234497900714835
5.799999999999994 23423.860000000008 22.86375190451361
5.899999999999993 23384.197999999993 24.000517094863238
5.999999999999993 23344.925999999992 24.073596782825533
6.0999999999999925 23306.544000000005 24.582358641032776
6.199999999999992 23267.294 24.85863060418889
6.299999999999992 23226.744000000017 25.06940244479189
6.3999999999999915 23187.904 25.534815660404043
6.499999999999991 23147.188000000027 25.672392325759745
6.599999999999991 23108.466000000008 27.448137354732104
6.69999999999999 23067.172000000006 26.140346855650694
6.79999999999999 23026.055999999993 27.84478759474015
6.89999999999999 22988.91600000001 27.86254233312644
6.999999999999989 22946.901999999995 28.29676842155488
7.099999999999989 22905.55200000001 28.768366566680918
7.199999999999989 22864.821999999996 30.391313692368456
7.299999999999988 22823.878000000037 30.159819806005636
7.399999999999988 22783.41400000001 29.319827016137975
7.499999999999988 22741.733999999997 31.03334194559638
7.599999999999987 22701.536 30.967073863438706
7.699999999999987 22658.878000000008 32.24898623388205
7.7999999999999865 22619.321999999975 32.44529261715806
7.899999999999986 22578.53600000002 31.554974574865735
7.999999999999986 22536.498 32.084722617242946
