# Rounds: 5000, repetitions: 1000
# Good arm ~ N(5.0,4.0), 16 bad arm(s) ~ N(4.0,4.0)
# Observation noise range from 0.5 to 8.0 with step size 0.1

# Observation noise | mean | standard deviation

0.5 22251.95656169614 2364.921892992702
0.6 22318.89798261862 2342.5170245888066
0.7 22499.633047271855 2327.8591105907462
0.7999999999999999 22788.646513361386 2275.6813728618945
0.8999999999999999 22793.997938622822 2272.031080975498
0.9999999999999999 22944.301293146375 2219.820472517086
1.0999999999999999 23042.15838511704 2144.4729950691594
1.1999999999999997 23231.173478943678 2050.2514998483225
1.2999999999999996 23339.214983307676 1999.3595062977513
1.3999999999999995 23354.06247102077 1962.7645173223875
1.4999999999999993 23500.408946040836 1825.6470014681177
1.5999999999999992 23529.95232267345 1797.8171879356344
1.699999999999999 23612.67590879922 1673.6378102867534
1.799999999999999 23630.779786664363 1661.8036682451595
1.8999999999999988 23632.925766225395 1599.928988928293
1.9999999999999987 23752.67090656762 1490.6914547267675
2.0999999999999988 23840.074038435097 1344.7701240119943
2.199999999999999 23832.164456224134 1311.0186999774953
2.299999999999999 23809.856183903354 1258.8608830352748
2.399999999999999 23833.904407743903 1196.422143574195
2.499999999999999 23825.32273916038 1131.2735882650425
2.599999999999999 23815.45064468587 1097.8713118371368
2.6999999999999993 23824.86346400974 1007.6521105280422
2.7999999999999994 23764.93202084902 1014.3101046701363
2.8999999999999995 23850.104569824944 844.4921942058436
2.9999999999999996 23756.034973234684 865.1990960258441
3.0999999999999996 23786.214561915986 805.9652226815144
3.1999999999999997 23719.870593617823 782.8609485373066
3.3 23743.47550038945 691.7635772629691
3.4 23682.651981942614 704.7806980588791
3.5 23680.872220601093 697.3634551088297
3.6 23601.969564196042 690.9733102066638
3.7 23570.54507860095 676.8186230582231
3.8000000000000003 23570.64350244999 679.3155467494619
3.9000000000000004 23489.365106606572 631.5976492100273
4.0 23486.162287204093 579.5166435254891
4.1 23407.518263330614 663.5016400781731
4.199999999999999 23401.920381663273 569.7359849308659
4.299999999999999 23319.23861357312 580.2976599369318
4.399999999999999 23274.67485198639 623.2385329102166
4.499999999999998 23264.185802195778 601.2304691674371
4.599999999999998 23202.862564696337 593.2722848519492
4.6999999999999975 23161.716523303625 607.9803263150703
4.799999999999997 23130.65730363082 592.7581629160935
4.899999999999997 23086.63453235596 568.4088859070035
4.9999999999999964 23053.29324390211 585.7568848215114
5.099999999999996 23037.889208133154 536.1037505929595
5.199999999999996 22973.96198139652 564.8011724476626
5.299999999999995 22912.19078521085 594.0787872678433
5.399999999999995 22907.949216299792 560.0695094688449
5.499999999999995 22813.908656336826 592.3078658872176
5.599999999999994 22818.23994125443 575.1642890716989
5.699999999999994 22772.430780572562 569.5967567151406
5.799999999999994 22743.29002632458 558.2128392550213
5.899999999999993 22659.404537724222 593.9290904833374
5.999999999999993 22650.126035518377 587.6766686503951
6.0999999999999925 22609.817090197506 552.4649121838952
6.199999999999992 22592.154497620402 567.8234224153706
6.299999999999992 22527.546374493388 564.6741173809562
6.3999999999999915 22477.585990131443 551.0301879485496
6.499999999999991 22457.868379647767 565.3088056938163
6.599999999999991 22415.085436492398 566.4514279832696
6.69999999999999 22403.732197364203 554.4406264826987
6.79999999999999 22369.959524202288 546.4084245319384
6.89999999999999 22338.37361372164 544.9318886944504
6.999999999999989 22302.238727716896 558.9404441764067
7.099999999999989 22278.199117243574 580.4464919133869
7.199999999999989 22209.508076328453 584.6922385841854
7.299999999999988 22213.560530231163 561.9316018688054
7.399999999999988 22157.659796325665 537.8287846577921
7.499999999999988 22124.66877853708 562.2762005916909
7.599999999999987 22122.451629692914 555.3770546345008
7.699999999999987 22081.976176195 555.1922915940164
7.7999999999999865 22061.583039327154 568.199535149199
7.899999999999986 22047.042622929035 533.4821263875103
7.999999999999986 22001.778831585732 546.2532132707389
