# Rounds: 5000, repetitions: 1000
# Good arm ~ N(5.0,5.0), 16 bad arm(s) ~ N(4.9,5.0)
# Observation noise range from 0.5 to 8.0 with step size 0.1

# Observation noise | mean | standard deviation

0.5 24557.628782291562 363.1601445489628
0.6 24531.515685941664 378.27233886764463
0.7 24545.51531780203 363.4243905926859
0.7999999999999999 24546.724150704358 365.273955872862
0.8999999999999999 24549.59955099746 374.43895243564134
0.9999999999999999 24541.88344911554 379.1409435622419
1.0999999999999999 24552.860251277903 365.43417079440593
1.1999999999999997 24551.409685994535 360.0465927030102
1.2999999999999996 24548.787736842936 371.1733980259529
1.3999999999999995 24573.054435988586 369.5096066751861
1.4999999999999993 24567.425717944432 374.3991739792516
1.5999999999999992 24571.923434244243 352.88789505948574
1.699999999999999 24553.310973317042 370.6338447374642
1.799999999999999 24558.24300365721 366.6458790968184
1.8999999999999988 24569.139297754875 354.6057192304344
1.9999999999999987 24556.13167553326 376.52011728895843
2.0999999999999988 24535.918803878292 345.58380001810656
2.199999999999999 24553.31053088744 359.7045106673393
2.299999999999999 24548.97563302716 348.06407000723095
2.399999999999999 24565.708096651008 351.6981106148627
2.499999999999999 24536.18835607292 362.78390487135704
2.599999999999999 24554.90340441275 364.83882771670346
2.6999999999999993 24547.049063836614 367.89927884775767
2.7999999999999994 24546.789193517034 343.7588438814723
2.8999999999999995 24524.517073703642 360.7420204751929
2.9999999999999996 24561.182634733836 356.52194300102576
3.0999999999999996 24550.6411171983 363.66667911580123
3.1999999999999997 24559.200709592045 352.8175173933252
3.3 24540.1657864319 351.17313144052827
3.4 24540.868232593824 360.6756655673012
3.5 24544.668538315433 364.04945478674733
3.6 24544.982545715586 361.34901675395844
3.7 24550.449662673054 360.61849594711055
3.8000000000000003 24534.22623577953 352.88564658021244
3.9000000000000004 24527.545944786256 350.80551098790255
4.0 24543.452622726883 364.1323092108559
4.1 24533.712496498927 354.43451771496285
4.199999999999999 24538.81577583902 357.2260773416447
4.299999999999999 24551.797354103102 353.0984822462148
4.399999999999999 24544.932124578823 355.3758343968268
4.499999999999998 24531.37516756657 350.89340343208846
4.599999999999998 24543.283916859866 364.3595520847588
4.6999999999999975 24534.199516897548 347.3085747978976
4.799999999999997 24543.317398154304 349.9243370740717
4.899999999999997 24534.527768092506 360.05289869964804
4.9999999999999964 24533.0055105601 360.58728980184117
5.099999999999996 24557.288243910756 346.8358699206308
5.199999999999996 24556.84072078405 355.46656674048523
5.299999999999995 24554.265370912763 357.8179970109917
5.399999999999995 24530.889237328203 347.15302499877004
5.499999999999995 24545.59821803223 357.5631351831142
5.599999999999994 24532.566789928987 347.02163732737023
5.699999999999994 24549.429668648358 352.2108123172836
5.799999999999994 24529.078214021512 359.2526393169362
5.899999999999993 24566.33907800625 345.34810141181913
5.999999999999993 24547.2993746929 346.5056933231478
6.0999999999999925 24543.57706726997 355.5050108207325
6.199999999999992 24549.922785520517 365.4100862645082
6.299999999999992 24535.311242980777 344.3424241428277
6.3999999999999915 24539.33778025795 349.3949074879592
6.499999999999991 24547.4859936439 349.17386794437084
6.599999999999991 24552.574456563892 349.9702989773957
6.69999999999999 24538.242950297063 358.4117390599481
6.79999999999999 24535.706882062666 335.55302338753074
6.89999999999999 24551.03134174088 348.6112973586178
6.999999999999989 24541.213087040745 347.444502116761
7.099999999999989 24548.581134734486 359.8852534987577
7.199999999999989 24535.98656500911 353.3208724516553
7.299999999999988 24527.710261972356 353.1334041667383
7.399999999999988 24543.392019487466 366.2060190047987
7.499999999999988 24540.254900901946 370.17591873246295
7.599999999999987 24545.057887405026 360.27331083496324
7.699999999999987 24543.93385904102 346.63610220908936
7.7999999999999865 24543.279156106142 348.429502856494
7.899999999999986 24534.207544687393 358.29629409651017
7.999999999999986 24524.707773803115 343.7487242507687
