# Rounds: 500, repetitions: 1000
# Good arm ~ N(5.0,2.0), 13 bad arm(s) ~ N(4.9,2.0)
# Observation noise range from 0.5 to 8.0 with step size 0.1

# Observation noise | mean | standard deviation

0.5 2459.6284665945454 46.42993169485572
0.6 2458.089018975964 45.76453717373758
0.7 2459.9673498525226 45.90823262837037
0.7999999999999999 2460.228700320282 46.15352845306611
0.8999999999999999 2460.356593532828 44.126527416096096
0.9999999999999999 2461.045296825713 46.31154095072346
1.0999999999999999 2459.977817487942 46.134564830523885
1.1999999999999997 2458.433082836745 46.28816354976575
1.2999999999999996 2460.725785350958 43.74390788348534
1.3999999999999995 2460.3074253721547 44.98333690130397
1.4999999999999993 2461.127331699305 46.05328805796093
1.5999999999999992 2460.575148237424 46.959134702529845
1.699999999999999 2461.464418468437 44.00371141927863
1.799999999999999 2460.0901005682354 46.951147409594334
1.8999999999999988 2461.0805295358273 44.063609900356916
1.9999999999999987 2462.1780934780895 46.13696270129134
2.0999999999999988 2457.698662673893 45.169480801350915
2.199999999999999 2458.782267891744 44.47431395910428
2.299999999999999 2458.4011731467726 45.08044474581251
2.399999999999999 2460.7570927921633 44.38679311085574
2.499999999999999 2459.1462777908528 46.844499741228475
2.599999999999999 2456.957009825869 44.301503257029914
2.6999999999999993 2460.9270714801632 46.08677681351453
2.7999999999999994 2461.7842369310656 45.34126510588317
2.8999999999999995 2458.9848716984193 42.442311061120094
2.9999999999999996 2458.5396175832607 44.58390082277069
3.0999999999999996 2459.3583547013677 46.276103226524285
3.1999999999999997 2460.5959644294544 43.67869610652733
3.3 2460.005743323544 44.461365592689226
3.4 2459.383982853845 45.36741503161077
3.5 2457.9609841275274 47.16738843207632
3.6 2460.648429268775 44.00293670938694
3.7 2459.604907645107 45.30838196180656
3.8000000000000003 2458.2457855712737 47.70396960163083
3.9000000000000004 2456.8398186697805 44.930185827453016
4.0 2457.438012050453 45.303405517268644
4.1 2460.344445046303 45.20797625961433
4.199999999999999 2458.023391784143 45.614834446794106
4.299999999999999 2462.169809071438 45.00820235290671
4.399999999999999 2457.877270953635 44.52187363077729
4.499999999999998 2458.66012445079 45.453795428729826
4.599999999999998 2457.439375004579 44.687087668248665
4.6999999999999975 2458.398257063785 45.07998924465726
4.799999999999997 2457.6750119141975 45.245154895719416
4.899999999999997 2455.421356229261 44.515419865080474
4.9999999999999964 2460.5685538750613 44.70566536053747
5.099999999999996 2458.6520757324133 44.09080195211382
5.199999999999996 2458.092042236674 44.88420727332275
5.299999999999995 2458.0796692938643 45.38851991484794
5.399999999999995 2458.716550736209 46.1730699325909
5.499999999999995 2458.7680351450626 42.89293984007735
5.599999999999994 2459.0390698160018 46.148922102716334
5.699999999999994 2460.9082938940487 45.59892811233017
5.799999999999994 2458.1170645724064 42.869639660937565
5.899999999999993 2459.346329271052 42.995918872440555
5.999999999999993 2460.1961440077894 45.25019952442585
6.0999999999999925 2459.415996117002 44.50758317628387
6.199999999999992 2461.6508389570904 47.183521552315334
6.299999999999992 2456.3445161154714 44.88423453256911
6.3999999999999915 2458.0122055472984 44.97191386932903
6.499999999999991 2460.133142042369 46.05410259154708
6.599999999999991 2459.8548313734254 43.45932784320748
6.69999999999999 2456.9909748477967 44.90164061436928
6.79999999999999 2458.3227711091404 45.18991523269772
6.89999999999999 2457.974161004831 44.12705204174808
6.999999999999989 2456.440615752333 45.50003123211647
7.099999999999989 2458.914534648271 44.25910782080837
7.199999999999989 2458.0494845109843 44.6998418689444
7.299999999999988 2457.916277892228 43.03089891239048
7.399999999999988 2460.64471131742 45.1595738572815
7.499999999999988 2457.8542145971655 45.57530885191997
7.599999999999987 2458.909031792409 44.46702236589014
7.699999999999987 2457.1937038572796 44.719426170497215
7.7999999999999865 2457.4455844457634 45.247736497038574
7.899999999999986 2458.4363300097184 46.62255552915625
7.999999999999986 2457.622952249387 44.41944110189162
