# Rounds: 500, repetitions: 1000
# Good arm ~ N(5.0,0.0), 13 bad arm(s) ~ N(0.0,0.0)
# Observation noise range from 0.5 to 8.0 with step size 0.1

# Observation noise | mean | standard deviation

0.5 2439.7800000000016 1.2661766082198707
0.6 2439.71 1.5225696103030082
0.7 2439.499999999997 2.3141640726956703
0.7999999999999999 2439.315000000004 2.5811697808237013
0.8999999999999999 2439.1750000000025 2.7480769506924476
0.9999999999999999 2439.0699999999997 2.956999128143902
1.0999999999999999 2438.945000000002 3.2283738007544036
1.1999999999999997 2438.0550000000026 4.523542576061078
1.2999999999999996 2436.519999999998 5.918160577799872
1.3999999999999995 2434.5250000000033 6.347414013963823
1.4999999999999993 2429.600000000005 8.643767391289177
1.5999999999999992 2423.1900000000014 9.187399431194233
1.699999999999999 2414.8199999999924 9.938126904319779
1.799999999999999 2405.3700000000013 10.460522096077293
1.8999999999999988 2395.0199999999986 9.5833940460278
1.9999999999999987 2386.5999999999995 9.530521015706894
2.0999999999999988 2378.244999999999 8.940072701041085
2.199999999999999 2370.5550000000017 9.22236558736573
2.299999999999999 2363.785 9.15874760312008
2.399999999999999 2355.4500000000003 9.846036991827921
2.499999999999999 2346.575000000001 11.046102995689973
2.599999999999999 2337.489999999996 11.499223109938027
2.6999999999999993 2328.2850000000008 11.18073270335109
2.7999999999999994 2318.7650000000012 11.772355896903667
2.8999999999999995 2309.0300000000007 12.262114803713912
2.9999999999999996 2299.149999999999 12.870242544068189
3.0999999999999996 2288.45 12.909847565489043
3.1999999999999997 2278.6949999999993 14.105706148433226
3.3 2267.654999999998 13.840792699211317
3.4 2257.150000000002 14.171391192410418
3.5 2246.3350000000014 15.018932829710078
3.6 2234.844999999998 15.257252660907142
3.7 2223.3200000000006 16.07594588308995
3.8000000000000003 2212.169999999999 16.127653307322866
3.9000000000000004 2200.5550000000026 17.130686951650087
4.0 2189.9 17.29708614736001
4.1 2177.2400000000007 18.34854405856416
4.199999999999999 2164.84 18.134311491017552
4.299999999999999 2152.0750000000003 18.256579024496244
4.399999999999999 2139.355 19.342520727870692
4.499999999999998 2126.4450000000015 19.831294845653794
4.599999999999998 2115.7000000000007 20.23411523688198
4.6999999999999975 2101.150000000001 20.89171998577341
4.799999999999997 2088.535 21.230391058680585
4.899999999999997 2075.4549999999986 20.999022213758842
4.9999999999999964 2061.2799999999993 22.69860847776415
5.099999999999996 2046.9800000000007 23.450576315509394
5.199999999999996 2035.014999999998 24.43505364935482
5.299999999999995 2019.88 23.740244295272074
5.399999999999995 2007.9100000000005 23.417520797050276
5.499999999999995 1990.9799999999984 25.509612704632357
5.599999999999994 1977.27 25.796561060780245
5.699999999999994 1963.680000000001 26.217264253635328
5.799999999999994 1947.5250000000005 26.486806638889583
5.899999999999993 1934.1949999999995 27.99125730447787
5.999999999999993 1918.845000000001 29.235178649542604
6.0999999999999925 1903.2699999999995 28.961973273516715
6.199999999999992 1889.2699999999995 30.79554294805442
6.299999999999992 1874.469999999999 29.108700012477676
6.3999999999999915 1858.0599999999993 30.806418737585112
6.499999999999991 1840.5700000000008 33.3652264841457
6.599999999999991 1827.7349999999994 33.667168773944375
6.69999999999999 1811.429999999997 34.58035426222388
6.79999999999999 1795.6550000000016 33.97720449691858
6.89999999999999 1780.274999999999 34.80604596669719
6.999999999999989 1766.7599999999998 35.005396409379216
7.099999999999989 1750.7800000000004 34.80305809627733
7.199999999999989 1731.9300000000003 37.16189050769766
7.299999999999988 1715.0950000000014 37.76363418776148
7.399999999999988 1699.0650000000005 37.70839028250474
7.499999999999988 1683.6800000000019 40.55060976054434
7.599999999999987 1667.6499999999987 40.08845949378178
7.699999999999987 1650.4149999999997 40.93260623577805
7.7999999999999865 1635.9750000000006 41.569849980814695
7.899999999999986 1617.7500000000007 41.111161837481916
7.999999999999986 1601.1250000000002 42.46660791478157
