# Rounds: 500, repetitions: 1000
# Good arm ~ N(5.0,1.0), 13 bad arm(s) ~ N(5.0,1.0)
# Observation noise range from 0.5 to 8.0 with step size 0.1

# Observation noise | mean | standard deviation

0.5 2505.405847801341 22.499992606272958
0.6 2505.9516848093713 22.405384521135545
0.7 2505.0172380597937 22.142141787191672
0.7999999999999999 2505.5776219088443 22.07449444313503
0.8999999999999999 2505.411460124224 22.25681892688843
0.9999999999999999 2503.9688941104705 23.21752679726458
1.0999999999999999 2504.759819419531 21.79229882921958
1.1999999999999997 2506.051503744814 22.21137566242975
1.2999999999999996 2506.4624960238657 22.16717364242228
1.3999999999999995 2504.079203898007 22.619913410153675
1.4999999999999993 2504.502372308333 21.959926103335295
1.5999999999999992 2505.525517109498 22.166312855712363
1.699999999999999 2505.1191297594205 21.842701750298477
1.799999999999999 2504.880718650689 21.94713516398263
1.8999999999999988 2504.679274914147 22.286079862597557
1.9999999999999987 2504.3329810001496 22.915518740875985
2.0999999999999988 2503.679319741682 22.797436965246636
2.199999999999999 2505.0048657199036 22.231127150318173
2.299999999999999 2505.5344084710027 22.791675244678814
2.399999999999999 2506.438634977767 22.611650842169205
2.499999999999999 2505.1337864105126 21.753844881250128
2.599999999999999 2503.9373786966407 22.024412421516914
2.6999999999999993 2503.820512609397 22.20706113684997
2.7999999999999994 2505.931983212367 23.054457012646093
2.8999999999999995 2504.555362190523 22.804022970968802
2.9999999999999996 2503.6406665260456 22.8433126606167
3.0999999999999996 2506.2828363435788 22.665353914140194
3.1999999999999997 2505.482465734981 22.808429344614577
3.3 2504.3920147975105 21.791668469719934
3.4 2505.4033234256644 23.320376512427412
3.5 2504.6008358899194 23.047102318546614
3.6 2505.5119297525416 21.44660854603155
3.7 2504.1160420259207 22.033078265720597
3.8000000000000003 2505.754698691447 22.11457145523839
3.9000000000000004 2504.1863408120194 22.101684060745594
4.0 2505.4208317522057 21.393905207925133
4.1 2504.9879508861795 21.748747881794984
4.199999999999999 2503.9189003439774 22.59518634958662
4.299999999999999 2505.1917219515094 22.989984447648233
4.399999999999999 2505.2217700524993 21.653791464425364
4.499999999999998 2506.149732425238 22.58750725550624
4.599999999999998 2504.2672982769795 22.358669766130447
4.6999999999999975 2505.256579657241 22.54400212020756
4.799999999999997 2504.5831973588756 22.2263362259856
4.899999999999997 2504.057145871684 22.205625910940128
4.9999999999999964 2504.700632449574 21.983139893784756
5.099999999999996 2505.0345478423537 21.979412689232316
5.199999999999996 2504.263995713129 21.823407704703104
5.299999999999995 2504.832798842319 21.883212606474626
5.399999999999995 2504.431054650432 22.03935193756594
5.499999999999995 2505.565074839336 22.263521360135748
5.599999999999994 2504.6378340092915 21.847728443339953
5.699999999999994 2505.956230636906 23.203565376280736
5.799999999999994 2505.707177746515 22.26781528639171
5.899999999999993 2505.59511318563 21.909897928158642
5.999999999999993 2504.9870995989977 22.70652226780119
6.0999999999999925 2506.0796705013167 22.0462803517056
6.199999999999992 2506.4695743278958 22.17941601497741
6.299999999999992 2505.116572756638 23.04344454656835
6.3999999999999915 2505.9834350495235 21.95697439074888
6.499999999999991 2505.8452076365643 22.004042502338898
6.599999999999991 2505.321057256385 22.54091488161418
6.69999999999999 2505.029742790972 21.63242344157938
6.79999999999999 2505.017149171803 22.14384401163034
6.89999999999999 2504.161823831982 21.3943709864885
6.999999999999989 2505.2049642109205 22.591396590475266
7.099999999999989 2505.371746093135 22.3304561097757
7.199999999999989 2504.530073142827 23.279171835525602
7.299999999999988 2503.954376567011 21.70082198826941
7.399999999999988 2504.3920505820024 22.62977456048625
7.499999999999988 2504.6115235311627 22.214669166453874
7.599999999999987 2505.7058674113177 22.076507068659556
7.699999999999987 2505.5703298669673 21.90415104891968
7.7999999999999865 2505.0946610991264 22.720490485561303
7.899999999999986 2505.1407973935216 21.837249191215154
7.999999999999986 2503.0266525284455 22.24249411117055
