# Rounds: 500, repetitions: 1000
# Good arm ~ N(5.0,3.0), 13 bad arm(s) ~ N(5.0,3.0)
# Observation noise range from 0.5 to 8.0 with step size 0.1

# Observation noise | mean | standard deviation

0.5 2505.330446695072 66.05966953109403
0.6 2500.9501957664156 69.36669493903995
0.7 2508.5325500708686 69.78611795581685
0.7999999999999999 2505.5559897643684 65.4628272730952
0.8999999999999999 2509.858558412684 65.0234892974523
0.9999999999999999 2506.595945821469 67.39538653914111
1.0999999999999999 2507.5320671359855 68.21409769664217
1.1999999999999997 2507.471118393059 64.83131453836585
1.2999999999999996 2505.2151112337983 67.68798454718018
1.3999999999999995 2505.4307014980573 68.36750069646195
1.4999999999999993 2505.7442991146054 69.68777965289138
1.5999999999999992 2506.7792576165953 69.28297217867949
1.699999999999999 2504.659532582355 68.00165125220629
1.799999999999999 2506.2135292577905 70.06501948062505
1.8999999999999988 2505.2980401379314 68.51403378367459
1.9999999999999987 2501.485794510172 66.85039539594254
2.0999999999999988 2501.92381646276 65.61510572683467
2.199999999999999 2504.4340841245403 67.59348328519829
2.299999999999999 2507.019398676101 62.72516114217219
2.399999999999999 2502.7051798241832 69.0714356312924
2.499999999999999 2504.5888381696564 66.01634243658495
2.599999999999999 2503.89921191813 67.1884400816767
2.6999999999999993 2504.7549747718176 69.15571400689984
2.7999999999999994 2506.1206888326283 68.07426896471483
2.8999999999999995 2505.6345187546763 67.32573427114787
2.9999999999999996 2505.140757488092 68.84353280379929
3.0999999999999996 2503.9457226856193 68.1470045114803
3.1999999999999997 2504.023375866946 68.53190680605759
3.3 2501.413889295338 67.09086356921178
3.4 2508.9339955148876 65.96946350140873
3.5 2507.5563293925807 62.24196859091131
3.6 2505.7177261031093 68.99007157008099
3.7 2507.4112181007854 67.02144972773893
3.8000000000000003 2505.315695110531 67.85198698741488
3.9000000000000004 2506.846490517556 65.83568337186871
4.0 2503.422168339013 68.4981719632361
4.1 2504.371010661236 66.15341933161011
4.199999999999999 2506.018273008344 66.1336732753992
4.299999999999999 2503.7818951227914 66.15935135638338
4.399999999999999 2505.9730795215023 67.953986793485
4.499999999999998 2502.945284491258 68.79971240485165
4.599999999999998 2507.5009232796665 65.86660675320907
4.6999999999999975 2499.9819386054396 68.80462804114988
4.799999999999997 2504.79564394122 70.56288594360629
4.899999999999997 2503.097013715227 70.8416819703888
4.9999999999999964 2499.529254986044 69.75318991261962
5.099999999999996 2503.1733149021834 68.52711150881044
5.199999999999996 2501.811015010406 67.75938129671627
5.299999999999995 2507.69096030181 69.7074687218358
5.399999999999995 2505.168956357711 69.18220694730266
5.499999999999995 2505.216320685407 68.91035081972608
5.599999999999994 2506.5890491689706 68.22764045057163
5.699999999999994 2502.9654641850807 69.09878704837057
5.799999999999994 2506.617307156111 67.58967961915337
5.899999999999993 2505.9540946988177 67.73788448975509
5.999999999999993 2505.8519821428845 67.85003872643607
6.0999999999999925 2505.168356791845 66.19268386166416
6.199999999999992 2503.540823620932 69.0596274159117
6.299999999999992 2507.48904497053 67.73697792770922
6.3999999999999915 2506.130162297389 70.59657467025986
6.499999999999991 2506.564453849813 68.86406198721409
6.599999999999991 2504.292963376089 67.30254491427165
6.69999999999999 2505.852303792785 67.93504735626524
6.79999999999999 2503.9262443022512 65.62898978672406
6.89999999999999 2503.524217212963 67.03731160634938
6.999999999999989 2508.5198545823146 65.7505333686574
7.099999999999989 2504.238546860245 64.4816124434348
7.199999999999989 2505.6810788095813 66.49344208156857
7.299999999999988 2504.1145392004505 68.0181983666404
7.399999999999988 2503.966281275868 65.09490597633341
7.499999999999988 2507.010445504858 67.72509042840382
7.599999999999987 2503.4326561532043 66.75455995982033
7.699999999999987 2507.4352540568366 70.79920849864398
7.7999999999999865 2505.8505786782584 66.30291045203145
7.899999999999986 2501.875543763591 65.04882836813465
7.999999999999986 2502.924197351214 68.66804627363966
