# Rounds: 500, repetitions: 1000
# Good arm ~ N(5.0,4.0), 13 bad arm(s) ~ N(4.0,4.0)
# Observation noise range from 0.5 to 8.0 with step size 0.1

# Observation noise | mean | standard deviation

0.5 2154.264934591016 210.5299255701888
0.6 2182.7892592596545 216.8637853174
0.7 2170.2265783722337 209.19934350542286
0.7999999999999999 2176.669386031216 205.70369408362652
0.8999999999999999 2190.3359370035582 209.40234333452796
0.9999999999999999 2181.731128671518 197.9398339248493
1.0999999999999999 2195.4959169490426 201.5343386568685
1.1999999999999997 2177.328475685753 197.19156192659
1.2999999999999996 2175.587296210409 192.19811443136402
1.3999999999999995 2179.7169832476734 187.56966849436725
1.4999999999999993 2181.639315746488 192.15225243928785
1.5999999999999992 2182.12056015127 180.02614894584136
1.699999999999999 2175.787247139192 177.76601830237186
1.799999999999999 2190.090494284384 178.18362182303912
1.8999999999999988 2171.694093108466 167.4192068290358
1.9999999999999987 2162.778253398414 171.3218255102506
2.0999999999999988 2174.01559573905 163.3625749973828
2.199999999999999 2171.7927689530056 167.3125907997796
2.299999999999999 2165.7574802682607 158.9430069855249
2.399999999999999 2164.574969372936 160.43502316648244
2.499999999999999 2154.8406886496355 157.18921563868457
2.599999999999999 2154.9825825071007 152.153585788951
2.6999999999999993 2149.2653319412457 152.3223197746744
2.7999999999999994 2154.4072759718456 147.80662836901624
2.8999999999999995 2148.217659060572 145.07719508642796
2.9999999999999996 2145.3730298892765 141.93441780537952
3.0999999999999996 2138.8558563470847 133.4501501162216
3.1999999999999997 2139.2019821537806 130.49345618290099
3.3 2138.0594833290083 136.32317110690147
3.4 2132.515677558662 135.64860239851123
3.5 2132.5512381845283 134.04865940761002
3.6 2128.9348092712585 132.06349317852454
3.7 2130.0311248016583 121.81739307336471
3.8000000000000003 2131.140358548416 123.50995865772698
3.9000000000000004 2126.73340270276 126.59970318219978
4.0 2120.30234660793 128.0864387158893
4.1 2117.7711631877805 120.09236705472202
4.199999999999999 2117.560067991369 121.5059164987675
4.299999999999999 2115.4282929291458 121.29999557329549
4.399999999999999 2117.094262577838 116.7665992583816
4.499999999999998 2110.521973558238 120.04102989164097
4.599999999999998 2106.8393764978896 118.30865196120001
4.6999999999999975 2107.241035948191 117.23447248130593
4.799999999999997 2104.561857242332 117.43443304992769
4.899999999999997 2107.081700440782 116.43576877075765
4.9999999999999964 2107.2195340690128 113.33592592069115
5.099999999999996 2098.52622272453 113.50803412990776
5.199999999999996 2101.9205955329567 113.64740640832781
5.299999999999995 2099.7022534315092 108.94552385710766
5.399999999999995 2097.5484877330964 109.60930841855331
5.499999999999995 2095.467044370673 106.80497408861031
5.599999999999994 2099.4640892087796 112.22124094498498
5.699999999999994 2095.621895560602 110.44015837440135
5.799999999999994 2093.0445655514054 110.38421838813517
5.899999999999993 2084.5444068273628 108.0918307856484
5.999999999999993 2086.513034902685 105.69978731570119
6.0999999999999925 2082.463831509253 105.64334219481152
6.199999999999992 2082.642949400289 106.11060640054794
6.299999999999992 2087.6990303737057 104.814209849978
6.3999999999999915 2085.901164866938 108.3934519088046
6.499999999999991 2081.210396665782 104.12380912407065
6.599999999999991 2083.1856409259626 103.50542465094622
6.69999999999999 2081.188909778399 99.14068729625545
6.79999999999999 2083.8218157015403 100.54808905196248
6.89999999999999 2077.305128570446 100.22912507544096
6.999999999999989 2079.698676179286 106.20643353137477
7.099999999999989 2075.5340988929515 99.819486002016
7.199999999999989 2076.8202899250014 100.0473645415527
7.299999999999988 2072.395895416588 103.05619600522796
7.399999999999988 2073.3531556970197 104.39231001627152
7.499999999999988 2079.500278727867 98.22555274901097
7.599999999999987 2081.1272651979402 101.63913363788126
7.699999999999987 2072.1843056070547 98.75399871937296
7.7999999999999865 2069.703426503128 98.80887341788272
7.899999999999986 2072.434239691593 99.16718300572389
7.999999999999986 2078.0359110209583 97.52193256504142
