# Rounds: 500, repetitions: 1000
# Good arm ~ N(5.0,0.0), 13 bad arm(s) ~ N(4.5,0.0)
# Observation noise range from 0.5 to 8.0 with step size 0.1

# Observation noise | mean | standard deviation

0.5 2459.323500000004 2.032296232830746
0.6 2446.3150000000014 2.3033845924162417
0.7 2433.2049999999995 2.6368405200026763
0.7999999999999999 2419.9079999999994 3.094044134964671
0.8999999999999999 2407.062000000001 3.246258491585995
0.9999999999999999 2394.888999999999 3.376474430464351
1.0999999999999999 2383.1660000000024 3.6269268807902
1.1999999999999997 2372.674000000001 3.9873076909892826
1.2999999999999996 2363.2515000000008 4.139218631684097
1.3999999999999995 2354.3700000000017 4.039915954685291
1.4999999999999993 2346.9284999999986 4.3086194949138745
1.5999999999999992 2340.1045000000026 4.221569779288429
1.699999999999999 2334.576 4.561801621512521
1.799999999999999 2329.3685 4.397760571932942
1.8999999999999988 2324.5639999999994 4.41745604595201
1.9999999999999987 2321.1574999999943 4.4768835406157645
2.0999999999999988 2317.4829999999984 4.612915562850662
2.199999999999999 2314.3870000000015 4.61828534843393
2.299999999999999 2311.5775000000003 4.597268605229484
2.399999999999999 2309.069500000003 4.783126388466847
2.499999999999999 2307.1635000000015 4.547053270354726
2.599999999999999 2305.2354999999984 4.635491077278406
2.6999999999999993 2303.7230000000022 4.776409225043966
2.7999999999999994 2302.2324999999987 4.6359665589751495
2.8999999999999995 2300.7065000000007 4.719362258836471
2.9999999999999996 2299.406500000001 4.493071938601208
3.0999999999999996 2298.201499999997 4.739209623751414
3.1999999999999997 2297.2819999999974 4.675664427419686
3.3 2295.9275000000002 4.778894389038268
3.4 2295.149999999998 4.649528806031631
3.5 2294.4410000000016 4.71829219965037
3.6 2293.5274999999983 4.839877908394813
3.7 2292.886500000002 4.788454557270739
3.8000000000000003 2291.7834999999977 5.006140148776211
3.9000000000000004 2291.3720000000003 4.9483433694623615
4.0 2290.3375 4.794197334077724
4.1 2290.2259999999974 4.746520141477678
4.199999999999999 2289.5344999999993 4.964091251372383
4.299999999999999 2288.8535000000024 4.813674190180415
4.399999999999999 2288.3585000000026 4.992509679800609
4.499999999999998 2287.7819999999997 4.990127992083722
4.599999999999998 2287.1710000000026 4.756193896423941
4.6999999999999975 2287.011999999999 4.956149656681059
4.799999999999997 2286.4920000000006 5.109505166162675
4.899999999999997 2286.4399999999987 4.880955206076326
4.9999999999999964 2285.845500000001 5.417030918683593
5.099999999999996 2285.218 5.106177537948428
5.199999999999996 2285.1425000000004 5.13369248675343
5.299999999999995 2284.8734999999983 5.248456348684269
5.399999999999995 2284.0974999999994 5.079571418515115
5.499999999999995 2284.0130000000004 5.312396121577592
5.599999999999994 2283.519000000001 5.127858610953882
5.699999999999994 2283.206499999997 5.221290034045195
5.799999999999994 2283.0609999999947 5.046409143662967
5.899999999999993 2282.7449999999976 5.268323284521374
5.999999999999993 2282.283500000001 5.086575567216229
6.0999999999999925 2282.1139999999987 5.00105134091969
6.199999999999992 2281.571999999999 5.109101576492587
6.299999999999992 2281.7459999999987 5.194031378607752
6.3999999999999915 2281.305500000003 5.143235618034883
6.499999999999991 2281.029000000002 5.13376221834579
6.599999999999991 2280.9999999999977 5.268610657304095
6.69999999999999 2280.4895000000033 5.443093515365732
6.79999999999999 2280.6705000000015 5.362269452730211
6.89999999999999 2280.2559999999967 5.1072544530352415
6.999999999999989 2279.913999999996 5.1620006054097045
7.099999999999989 2279.6064999999994 5.150673469284123
7.199999999999989 2279.398999999996 5.17610771633385
7.299999999999988 2279.2794999999996 5.253830267764889
7.399999999999988 2279.4100000000008 5.092183257732398
7.499999999999988 2279.426 5.249340870964617
7.599999999999987 2278.7705000000024 5.131219071444853
7.699999999999987 2278.8585000000016 5.009723053730123
7.7999999999999865 2278.4324999999985 4.87785682828404
7.899999999999986 2278.570499999999 5.03807124918969
7.999999999999986 2278.0149999999985 4.923313316661266
