# Rounds: 500, repetitions: 1000
# Good arm ~ N(5.0,3.0), 13 bad arm(s) ~ N(0.0,3.0)
# Observation noise range from 0.5 to 8.0 with step size 0.1

# Observation noise | mean | standard deviation

0.5 2350.3923572676777 354.604625132647
0.6 2371.677030533143 270.8548009491828
0.7 2364.2483224473904 311.80699214761603
0.7999999999999999 2381.2445652279957 250.88032680677176
0.8999999999999999 2378.9368464343893 200.11273905002608
0.9999999999999999 2391.720071950362 151.09642709229837
1.0999999999999999 2393.913967473507 94.49798470169358
1.1999999999999997 2373.3711306316864 192.71470673934598
1.2999999999999996 2388.422631869554 112.58933359907425
1.3999999999999995 2386.394672282592 112.9558100182372
1.4999999999999993 2376.7591690891563 153.9721975222809
1.5999999999999992 2374.9798904222403 94.87769157588059
1.699999999999999 2374.232462287346 84.4586723207933
1.799999999999999 2368.9470382193704 85.2487758408074
1.8999999999999988 2361.511866188107 85.70545587910769
1.9999999999999987 2356.2615776165767 87.29183411781865
2.0999999999999988 2351.9879988012613 77.29291027359616
2.199999999999999 2344.9872444769217 82.95298026185614
2.299999999999999 2336.6637660973847 86.32197761379311
2.399999999999999 2327.0171917695093 80.50026396917966
2.499999999999999 2316.3369063905075 81.35546995106317
2.599999999999999 2310.5494268368884 87.08118185471533
2.6999999999999993 2298.1910346554823 85.90378481713576
2.7999999999999994 2291.335373339067 84.1688518447151
2.8999999999999995 2281.7030666815112 83.37179040666564
2.9999999999999996 2269.722809993272 86.46125768112745
3.0999999999999996 2262.7052702079704 84.70577186806395
3.1999999999999997 2253.1129325809147 85.55421801649436
3.3 2240.6043381081877 90.33931516936279
3.4 2230.939420259346 91.27081599480066
3.5 2221.8502208665245 87.32523997925699
3.6 2215.2187077246135 90.32658212248336
3.7 2196.0640439905355 90.22669557368343
3.8000000000000003 2183.980086252328 90.39176942327882
3.9000000000000004 2175.3086561590817 92.79210438560978
4.0 2164.887432482009 93.81356850291105
4.1 2156.799001461321 95.04384924602142
4.199999999999999 2138.7825695768584 100.08791437992991
4.299999999999999 2127.8159772749027 97.34106870091261
4.399999999999999 2116.210785419447 97.08453494990316
4.499999999999998 2102.7124354630396 95.66147683113896
4.599999999999998 2087.2936631945636 102.85943433572199
4.6999999999999975 2075.482617306975 104.24236096535245
4.799999999999997 2061.093693982209 100.52904664775818
4.899999999999997 2049.8322908216364 102.30312550290245
4.9999999999999964 2031.1774844605252 103.38342442761882
5.099999999999996 2025.82955392582 106.71579891914782
5.199999999999996 2005.6998338507638 105.58846414989118
5.299999999999995 1992.8705046267912 110.67410774953562
5.399999999999995 1979.213763031848 107.47441891116087
5.499999999999995 1970.3620299823515 108.41972607642762
5.599999999999994 1951.3048419810386 108.34297959711435
5.699999999999994 1938.4880094445768 112.18126404925691
5.799999999999994 1923.6996796770886 115.19770692948632
5.899999999999993 1904.6585320700644 115.4680782089387
5.999999999999993 1890.0890945912145 116.03890936992461
6.0999999999999925 1876.992507990635 121.8076849032849
6.199999999999992 1859.8288663007254 121.88108162704198
6.299999999999992 1848.1894572207946 118.58695676407591
6.3999999999999915 1832.9821072275606 118.45254534459725
6.499999999999991 1812.7259955150075 121.74262259007422
6.599999999999991 1798.576800629678 121.92175262496981
6.69999999999999 1786.2820566689502 123.27019424318898
6.79999999999999 1774.0726280984711 126.59513231423628
6.89999999999999 1749.6416273949835 129.9855517837705
6.999999999999989 1747.2159298496745 123.02029945486531
7.099999999999989 1729.53561759555 128.99494505989236
7.199999999999989 1702.4624676730132 133.361850149382
7.299999999999988 1688.1856079050622 129.38327263936065
7.399999999999988 1676.6682221943909 137.11124803791577
7.499999999999988 1660.1024002530187 134.8109025154477
7.599999999999987 1638.2058748238087 130.75179487444908
7.699999999999987 1625.3207371038814 133.95486084676799
7.7999999999999865 1602.5161038749552 136.07295222174855
7.899999999999986 1599.3679823515713 134.68053291730345
7.999999999999986 1576.6368457800515 145.55555424389976
