# Rounds: 100, repetitions: 1000
# Good arm ~ N(5.0,2.0), 9 bad arm(s) ~ N(4.5,2.0)
# Observation noise range from 0.1 to 10.0 with step size 0.1

# Observation noise | mean | standard deviation

0.1 465.89766205512177 24.787258143901223
0.2 466.2822115285975 25.084323655202127
0.30000000000000004 466.72260829367804 24.541766306813045
0.4000000000000001 465.61204620537984 23.534185278465326
0.5000000000000001 465.70739327821417 24.68984939875313
0.6000000000000001 465.0588307565513 23.852183346479986
0.7000000000000001 465.6188350611414 23.888043052027204
0.8 464.22799589477637 23.53946946126961
0.9 464.762126171507 22.49397892893375
1.0 464.11125362299083 23.26505413597728
1.1 464.8586369371794 22.690109964554207
1.2000000000000002 463.0413926276129 22.197278611071347
1.3000000000000003 463.23205427805954 21.303530572156966
1.4000000000000004 462.86571597433084 21.48581658764854
1.5000000000000004 464.12209863408856 22.639531009787095
1.6000000000000005 462.2011557178762 21.70764848433751
1.7000000000000006 463.3994634610848 22.143529241806018
1.8000000000000007 463.77385705536193 21.394587632445955
1.9000000000000008 462.3862256966258 21.249037433372735
2.000000000000001 462.32153758322096 22.183631528893766
2.100000000000001 463.03518738070926 22.03023421895041
2.200000000000001 461.96935368940524 20.974417353533166
2.300000000000001 463.5694068504446 21.897371893409847
2.4000000000000012 462.1548434689392 21.611576686853482
2.5000000000000013 461.67872973299467 20.67242324433124
2.6000000000000014 461.26779497471756 21.09597788843475
2.7000000000000015 462.42430559494437 21.016906693613283
2.8000000000000016 461.20648099798507 20.447074949654347
2.9000000000000017 460.169931808148 20.473612924670988
3.0000000000000018 461.9391829683289 21.10250849333503
3.100000000000002 462.3118060815833 20.819612483750575
3.200000000000002 461.55180766391067 20.341311332538766
3.300000000000002 461.71606657204603 20.546156578058344
3.400000000000002 460.80787299497393 20.153723667057154
3.500000000000002 462.69115578828763 20.945446224943538
3.6000000000000023 460.8408535807041 20.91395258943464
3.7000000000000024 459.8785487152863 19.98862397629878
3.8000000000000025 460.32834014034535 20.47928463101511
3.9000000000000026 460.31988742462283 20.624180442390813
4.000000000000003 459.7175013614695 20.517501368398325
4.100000000000003 460.96404033551914 19.826822021042712
4.200000000000004 461.515199833997 21.07768559173491
4.300000000000004 460.3983980603014 20.879965022749218
4.400000000000005 459.6715728174105 20.358394090845692
4.500000000000005 460.5686094901405 20.39259751287304
4.600000000000006 461.6020021366308 20.262159634976413
4.700000000000006 459.8430080375839 19.802581897131272
4.800000000000007 459.8407324777041 20.73789694547248
4.9000000000000075 458.1882448536407 20.600264643856566
5.000000000000008 461.0534532487717 20.11453590537944
5.1000000000000085 461.3754352591632 20.632663957287573
5.200000000000009 460.79062562535006 20.80527672929804
5.30000000000001 459.9443994667607 20.31344801311566
5.40000000000001 460.00756459357143 19.543045415793515
5.500000000000011 459.76647837801227 20.594337645493482
5.600000000000011 459.6662795307973 20.774618274350345
5.700000000000012 460.2271944766956 20.13028512918682
5.800000000000012 461.0198753410022 20.335559475904237
5.900000000000013 459.23244979255855 20.605870741141374
6.000000000000013 459.6736584671213 20.238598449595408
6.100000000000014 459.9097131459649 20.422854793355707
6.200000000000014 459.82740034828106 19.5858871426418
6.300000000000015 460.35585117678966 20.514381160370096
6.4000000000000155 460.52619809868946 20.972078458485733
6.500000000000016 458.8070027862569 20.264099313607282
6.6000000000000165 458.4126470150173 19.738040308689335
6.700000000000017 460.42307928494995 21.11038975832511
6.800000000000018 460.22699981955697 19.47969739094215
6.900000000000018 458.83641264127897 20.044981924317238
7.000000000000019 458.5261107696107 20.381945601664228
7.100000000000019 460.08426339084986 20.005310148972445
7.20000000000002 459.78730534510237 20.41919035982751
7.30000000000002 458.9137938075649 20.17747923063296
7.400000000000021 460.4671059422794 20.550819227028814
7.500000000000021 459.71616580910336 20.8850287689125
7.600000000000022 459.96245923874613 20.546476134791842
7.700000000000022 460.6481816166909 19.665119178968695
7.800000000000023 460.6446120498388 20.776545422863183
7.9000000000000234 460.47184228756277 19.457027907875315
8.000000000000025 460.17519310791556 20.31738560874232
8.100000000000026 459.58345906002734 19.767942978366204
8.200000000000028 460.2767435222785 19.80237831848554
8.30000000000003 458.3050671877392 20.263323889401487
8.40000000000003 460.2017621832296 20.50327382235527
8.500000000000032 459.2676040422478 19.44336071191676
8.600000000000033 459.1747734292522 20.56510491346756
8.700000000000035 459.49054707858676 20.089173094302673
8.800000000000036 458.37202706962853 19.966500067537577
8.900000000000038 458.9832716457374 21.61419033168511
9.000000000000039 459.6537128103889 20.736718145580085
9.10000000000004 460.34638348107285 20.393118308877735
9.200000000000042 459.57922520439274 20.193884305445675
9.300000000000043 458.6853790516716 19.987578114822707
9.400000000000045 458.4311178158569 21.295434087775593
9.500000000000046 460.0309130087844 20.353002656017193
9.600000000000048 459.54417998159073 20.18216671515237
9.700000000000049 460.140778698551 20.828517495376836
9.80000000000005 459.03269956613974 20.18305902786944
9.900000000000052 459.213443013342 20.119888592035707
10.000000000000053 459.1870081384767 20.08803693501878
