# Rounds: 1000, repetitions: 1000
# Good arm ~ N(5.0,4.0), 4 bad arm(s) ~ N(3.9,4.0)
# Observation noise range from 0.5 to 4.0 with step size 0.1

# Observation noise | mean | standard deviation

0.5 4499.382373057438 532.8572753246126
0.6 4480.115483446222 534.404603773341
0.7 4519.515015451247 524.9518750378123
0.7999999999999999 4540.259873611682 517.1060721922385
0.8999999999999999 4540.991554663671 517.5007137641563
0.9999999999999999 4577.904003825989 492.42326191793956
1.0999999999999999 4592.2258672297785 496.80080423406264
1.1999999999999997 4614.2673440895815 477.06262280811643
1.2999999999999996 4633.820113932446 466.90418550283056
1.3999999999999995 4663.6925779725225 447.94645850706
1.4999999999999993 4680.695558458261 427.64459116599915
1.5999999999999992 4677.035609816749 427.4941496502345
1.699999999999999 4676.351887975395 419.1679496942913
1.799999999999999 4688.698331066016 406.44003121471445
1.8999999999999988 4705.547416347113 391.88148727644807
1.9999999999999987 4708.16261191421 379.2057365459382
2.0999999999999988 4731.412394283303 348.4541543881768
2.199999999999999 4710.586179834172 361.63832345362107
2.299999999999999 4727.808638438491 340.52482674398027
2.399999999999999 4732.670323902075 332.6415423972271
2.499999999999999 4740.486793041537 313.4463773840809
2.599999999999999 4756.469002887577 304.256300370519
2.6999999999999993 4749.863813410519 294.15853633963
2.7999999999999994 4757.713209064177 299.0607547667165
2.8999999999999995 4759.020354603416 272.87369922908067
2.9999999999999996 4744.832040340693 269.404265513413
3.0999999999999996 4741.099886474913 266.8587564832373
3.1999999999999997 4758.405992367449 248.23733850550144
3.3 4726.468825517148 260.42460723514716
3.4 4732.963365804698 252.98171060458154
3.5 4720.0598866086875 248.75372743386342
3.6 4714.671506227824 247.54646103735473
3.7 4720.33855282591 238.13917170129844
3.8000000000000003 4717.084402083258 229.7476450254044
3.9000000000000004 4709.874140169123 239.8095692291676
4.0 4708.688229986067 232.22754858243823
