# Rounds: 1000, repetitions: 1000
# Good arm ~ N(5.0,2.0), 4 bad arm(s) ~ N(0.2,2.0)
# Observation noise range from 0.5 to 4.0 with step size 0.1

# Observation noise | mean | standard deviation

0.5 4981.244575210392 66.24164178435231
0.6 4979.614044277004 65.27961648731805
0.7 4983.422801894827 69.57039985774873
0.7999999999999999 4972.493725960093 165.69802469610406
0.8999999999999999 4978.507184554913 66.95908107914997
0.9999999999999999 4980.079501987045 64.2040900037268
1.0999999999999999 4978.961175045551 63.04078710699649
1.1999999999999997 4975.059544159297 65.88194597350838
1.2999999999999996 4976.198008144953 63.746473155982684
1.3999999999999995 4972.613734902178 64.89189318671158
1.4999999999999993 4970.188732152853 61.798977627446014
1.5999999999999992 4971.804028553053 64.36607131161487
1.699999999999999 4967.996453123698 65.88371869086232
1.799999999999999 4962.666295286659 63.978511036529405
1.8999999999999988 4965.186221559999 66.10516828417602
1.9999999999999987 4961.8854433761235 63.03872164411378
2.0999999999999988 4955.316387761047 62.96208753998003
2.199999999999999 4954.541448532924 65.63716178391164
2.299999999999999 4950.4046400280395 64.84672016445917
2.399999999999999 4945.321309325259 64.63929143554884
2.499999999999999 4947.953423086314 64.12285428580222
2.599999999999999 4943.52116503362 63.77806734949813
2.6999999999999993 4933.800016735929 66.54711630702597
2.7999999999999994 4935.251882345345 67.31697589619549
2.8999999999999995 4927.959596517548 64.29149827846692
2.9999999999999996 4926.360995582023 64.6790973942263
3.0999999999999996 4920.675454312812 63.935775937754855
3.1999999999999997 4922.217016764123 68.39175137001102
3.3 4915.675683165836 64.46496767950818
3.4 4911.676620839422 65.03558389172969
3.5 4906.523264069261 65.86784770821964
3.6 4901.9575410760945 67.39774062395956
3.7 4897.149790052646 66.90606677659129
3.8000000000000003 4892.489863988914 68.55266830465537
3.9000000000000004 4890.88486908748 66.77180765413614
4.0 4881.8496763700805 66.66075432575938
