# Rounds: 1000, repetitions: 1000
# Good arm ~ N(5.0,1.0), 4 bad arm(s) ~ N(3.1,1.0)
# Observation noise range from 0.5 to 4.0 with step size 0.1

# Observation noise | mean | standard deviation

0.5 4987.231945664614 36.98943530037175
0.6 4985.916446205862 32.578162969672206
0.7 4985.044377774638 34.6277847810531
0.7999999999999999 4983.138131116501 35.88909936344252
0.8999999999999999 4982.086948700305 32.85695114360591
0.9999999999999999 4979.531882173057 34.70715334281189
1.0999999999999999 4976.972156341602 34.51696823725606
1.1999999999999997 4972.922088456058 32.16753310995217
1.2999999999999996 4969.681095266083 33.2760051753693
1.3999999999999995 4967.881337370983 33.55103867390459
1.4999999999999993 4963.057524710399 32.13923490044085
1.5999999999999992 4956.544382041217 31.25441744281077
1.699999999999999 4956.060006219706 34.33437183775076
1.799999999999999 4948.445262808327 34.741832376397724
1.8999999999999988 4946.057336028448 33.94917429445898
1.9999999999999987 4940.03765287818 35.29032930190338
2.0999999999999988 4938.992725731846 33.076434360052524
2.199999999999999 4934.323796996508 33.8813819326941
2.299999999999999 4927.660493472836 36.17761946964073
2.399999999999999 4923.647589309949 33.98259491702303
2.499999999999999 4918.816561928667 35.38156410195186
2.599999999999999 4914.707992217417 34.55309882357749
2.6999999999999993 4906.281973183622 35.01797680872845
2.7999999999999994 4905.435753920786 36.192385294405945
2.8999999999999995 4898.845830363882 34.6641640792398
2.9999999999999996 4893.300420318616 36.03934267361994
3.0999999999999996 4887.075605104722 36.10462740430673
3.1999999999999997 4880.972101504495 37.36763875637729
3.3 4875.180761831186 37.29572011662749
3.4 4870.63486203778 37.049739144606434
3.5 4864.329291508974 36.14605428561084
3.6 4860.649251760489 38.41746554167881
3.7 4852.559211170658 36.86480484186047
3.8000000000000003 4848.197683944132 38.48421349353164
3.9000000000000004 4841.778404882486 36.958444343881915
4.0 4835.211270307934 37.47225840917586
