# Rounds: 1000, repetitions: 1000
# Good arm ~ N(5.0,2.0), 4 bad arm(s) ~ N(3.8,2.0)
# Observation noise range from 0.5 to 4.0 with step size 0.1

# Observation noise | mean | standard deviation

0.5 4795.331132433733 413.4466777018015
0.6 4808.026501100038 393.8983391980208
0.7 4838.092412663437 357.734947480308
0.7999999999999999 4876.169061316669 306.0919395195463
0.8999999999999999 4877.5450645667015 285.5949077441463
0.9999999999999999 4892.858211792563 243.5669279079883
1.0999999999999999 4913.132829308305 203.05915835926862
1.1999999999999997 4918.641094555684 189.4038345768948
1.2999999999999996 4917.362476071846 181.23096587505952
1.3999999999999995 4918.110117520695 142.74461792353344
1.4999999999999993 4923.674270369668 119.8437726621388
1.5999999999999992 4921.224685405285 109.96517576818376
1.699999999999999 4915.2673600970575 118.01688623877533
1.799999999999999 4911.9633640928705 103.64166805589412
1.8999999999999988 4912.067372105631 98.68782305859612
1.9999999999999987 4910.237471070942 85.91897654010991
2.0999999999999988 4901.0926170064595 85.41289028115152
2.199999999999999 4899.22396465068 79.56757074586989
2.299999999999999 4887.8489464725735 101.26074207163538
2.399999999999999 4886.672327552962 80.20052924176167
2.499999999999999 4881.221453491574 80.6487098564161
2.599999999999999 4878.468889673291 82.76808508131805
2.6999999999999993 4869.528643157473 81.57858405946384
2.7999999999999994 4864.288083913125 79.65525237858829
2.8999999999999995 4858.609238683959 81.33719201585974
2.9999999999999996 4852.468557538891 80.29289021879035
3.0999999999999996 4846.1606113977 79.64017239568965
3.1999999999999997 4839.834770849972 83.94940373573267
3.3 4840.400232130156 82.91112628941775
3.4 4826.830122509837 82.94438995896628
3.5 4815.004888903972 84.27758908794489
3.6 4813.157154378799 82.60606023452523
3.7 4801.9011346386405 83.90715116225853
3.8000000000000003 4799.629167814005 83.6012232147126
3.9000000000000004 4789.611789860207 83.96495243446266
4.0 4791.9591658498375 84.625319092266
