# Rounds: 1000, repetitions: 1000
# Good arm ~ N(5.0,4.0), 4 bad arm(s) ~ N(2.5,4.0)
# Observation noise range from 0.5 to 4.0 with step size 0.1

# Observation noise | mean | standard deviation

0.5 4395.42179031918 1017.1655557332136
0.6 4386.099740399865 1024.1528118821188
0.7 4505.368593348376 930.8774992096962
0.7999999999999999 4538.57837782625 911.183313060786
0.8999999999999999 4572.152953075301 859.6476063027467
0.9999999999999999 4618.14334075797 802.9662222661935
1.0999999999999999 4653.511239186732 777.492112252595
1.1999999999999997 4666.927504593421 735.6258025611229
1.2999999999999996 4695.8200865371855 687.5835186917457
1.3999999999999995 4756.621668042993 588.8130806953087
1.4999999999999993 4774.759947149443 570.7275701163468
1.5999999999999992 4807.046976432171 495.2867612769318
1.699999999999999 4797.807273477695 495.35447890828533
1.799999999999999 4832.156098423755 396.8684755104223
1.8999999999999988 4807.278934081131 447.414250316284
1.9999999999999987 4863.363215402519 340.8127239983961
2.0999999999999988 4842.711534651276 377.065547692282
2.199999999999999 4866.537492205698 293.02561679921723
2.299999999999999 4867.087413365447 282.7379706066165
2.399999999999999 4861.648638791941 280.38138551904456
2.499999999999999 4856.775132298376 265.6787045435902
2.599999999999999 4876.018308558933 224.9739724148101
2.6999999999999993 4865.5419837724185 219.61841497516505
2.7999999999999994 4881.265195900506 202.63497692868074
2.8999999999999995 4867.219575362769 180.8497886680992
2.9999999999999996 4865.711996314754 176.64512964664985
3.0999999999999996 4860.217808755268 196.46580984855706
3.1999999999999997 4858.9676367824895 170.39773803762444
3.3 4856.989886376766 181.24603911375087
3.4 4856.2900284315965 153.72384021117227
3.5 4846.699706723756 155.0712301035909
3.6 4855.058970800173 173.947649255802
3.7 4841.44221685316 168.35248523108012
3.8000000000000003 4833.312813012496 157.66612643241282
3.9000000000000004 4834.387014408243 156.45576240527464
4.0 4826.93269934517 154.3662118983137
