# Rounds: 1000, repetitions: 1000
# Good arm ~ N(5.0,1.0), 4 bad arm(s) ~ N(3.7,1.0)
# Observation noise range from 0.5 to 4.0 with step size 0.1

# Observation noise | mean | standard deviation

0.5 4975.27231382509 115.42906326590557
0.6 4979.808308929501 69.93188159230232
0.7 4981.310919426481 54.388909337331775
0.7999999999999999 4979.88063344639 35.55849003105576
0.8999999999999999 4977.329710827462 33.01082346472231
0.9999999999999999 4973.223184508246 34.05086646815221
1.0999999999999999 4969.868934532249 33.69473931227209
1.1999999999999997 4965.486393834924 34.415505211804344
1.2999999999999996 4961.388873629352 33.931370903856454
1.3999999999999995 4956.048349124932 34.20643552218075
1.4999999999999993 4952.721828897278 33.19483683438083
1.5999999999999992 4948.156655711558 34.07310802991189
1.699999999999999 4942.631220766369 34.40896714412433
1.799999999999999 4935.660965274994 34.1270347686129
1.8999999999999988 4932.193790301019 35.84031743703493
1.9999999999999987 4926.87872790545 35.296488546604856
2.0999999999999988 4917.571747346193 34.62425899705591
2.199999999999999 4915.967728167684 34.75901318820478
2.299999999999999 4909.900302483727 35.431492884283465
2.399999999999999 4905.874228658491 35.62914877033633
2.499999999999999 4898.150406899227 36.75635556574761
2.599999999999999 4894.076575626392 35.71525516383868
2.6999999999999993 4886.126466690998 36.54600490560299
2.7999999999999994 4879.51050893044 37.13311729603081
2.8999999999999995 4873.777434857696 37.09057690216645
2.9999999999999996 4866.572464858516 38.442388403075334
3.0999999999999996 4860.443962750576 39.15597228700298
3.1999999999999997 4853.469850057837 37.50463648307814
3.3 4848.76264212902 41.22236290583929
3.4 4840.155952038927 37.9355096933042
3.5 4834.402562920306 39.38306184908464
3.6 4830.914210678814 41.16201138437203
3.7 4822.446218798553 39.97972822795548
3.8000000000000003 4814.963792062035 39.79981390994018
3.9000000000000004 4806.476013466659 41.5530533155815
4.0 4802.53227039053 43.85909615286474
