# Rounds: 1000, repetitions: 1000
# Good arm ~ N(5.0,4.0), 4 bad arm(s) ~ N(2.2,4.0)
# Observation noise range from 0.5 to 4.0 with step size 0.1

# Observation noise | mean | standard deviation

0.5 4445.6334495089195 1059.8524724110002
0.6 4479.000815814961 1026.3573596009642
0.7 4501.977277308126 1004.5203000237591
0.7999999999999999 4607.206714954685 898.3807446144774
0.8999999999999999 4586.081999720235 895.8056010747607
0.9999999999999999 4634.141532959916 834.1172272186026
1.0999999999999999 4680.532419700128 794.3484584151004
1.1999999999999997 4707.080544699949 737.468985095198
1.2999999999999996 4782.832595707382 612.6294208620842
1.3999999999999995 4780.035562699822 594.177371690091
1.4999999999999993 4802.617950866024 536.1028604795321
1.5999999999999992 4812.783273658744 497.4344396091952
1.699999999999999 4843.5537664482945 445.6361908257224
1.799999999999999 4856.012685603412 405.5731092680364
1.8999999999999988 4860.282145281215 368.52285682356916
1.9999999999999987 4877.626550637319 329.520864565698
2.0999999999999988 4873.642521659183 307.0958636514229
2.199999999999999 4874.431554371515 290.70402594424036
2.299999999999999 4893.730662707285 255.1188844992348
2.399999999999999 4890.912095222872 223.02092881778103
2.499999999999999 4884.666353730318 222.02053782345297
2.599999999999999 4868.780371148214 245.4163741844952
2.6999999999999993 4877.808700065361 191.34176267131585
2.7999999999999994 4882.674455557791 179.484671804493
2.8999999999999995 4881.107208042309 166.9747487140087
2.9999999999999996 4881.75678697439 187.38069953727134
3.0999999999999996 4876.28171938181 177.07606829600923
3.1999999999999997 4872.868013521352 160.14886413336262
3.3 4868.358938150727 150.76419920281646
3.4 4860.121818165851 170.39623117586714
3.5 4863.365214308659 149.84026359529318
3.6 4855.110077798038 152.4146547217556
3.7 4851.47625986316 146.76105592561163
3.8000000000000003 4844.1535888013 172.01555921910477
3.9000000000000004 4839.03019519094 156.97849526114848
4.0 4833.345383715067 147.25499930666393
