# Rounds: 1000, repetitions: 1000
# Good arm ~ N(5.0,3.0), 4 bad arm(s) ~ N(4.0,3.0)
# Observation noise range from 0.5 to 4.0 with step size 0.1

# Observation noise | mean | standard deviation

0.5 4617.502414858135 467.9674711178156
0.6 4636.4157255032815 462.1336823485565
0.7 4631.160785812512 451.09212958576086
0.7999999999999999 4684.217644648995 424.09738993204036
0.8999999999999999 4696.219270592275 415.52267677441813
0.9999999999999999 4741.369304521224 388.01914757466034
1.0999999999999999 4747.097188806693 378.92068153035126
1.1999999999999997 4756.070208921419 357.56882158087143
1.2999999999999996 4774.624511044303 345.05257520326046
1.3999999999999995 4783.282155234211 321.44134416496746
1.4999999999999993 4794.9180266675085 322.33678835983835
1.5999999999999992 4788.4106581527985 310.30947576707104
1.699999999999999 4810.770206670854 275.6949568029441
1.799999999999999 4805.472536882127 275.67826823372747
1.8999999999999988 4811.621037703896 259.7179125235826
1.9999999999999987 4807.650832211663 248.78166991761066
2.0999999999999988 4823.041139436119 224.27974761062595
2.199999999999999 4819.65097805182 216.826289504771
2.299999999999999 4812.778184850939 216.36782176347845
2.399999999999999 4833.361709834894 186.77759154129814
2.499999999999999 4808.5174006862035 197.12543435006347
2.599999999999999 4821.5611249546555 188.603652681129
2.6999999999999993 4806.28057889081 189.41590838715754
2.7999999999999994 4807.813199395049 182.2939026409789
2.8999999999999995 4804.601384676119 171.08102372063928
2.9999999999999996 4797.168034894144 176.54295181310366
3.0999999999999996 4788.381241828904 169.92049838533097
3.1999999999999997 4798.496647146891 159.1535453119648
3.3 4779.853451614112 161.11139271472123
3.4 4786.1156025169885 148.2561089619097
3.5 4767.000357504283 166.24466577452682
3.6 4768.6392234780815 161.02346921982794
3.7 4753.700787460781 156.94701734273954
3.8000000000000003 4746.09806750985 161.1426905942563
3.9000000000000004 4758.426184582105 156.17051402029296
4.0 4741.5242481022915 161.9220551770722
