# Rounds: 1000, repetitions: 1000
# Good arm ~ N(5.0,2.0), 4 bad arm(s) ~ N(1.2,2.0)
# Observation noise range from 0.5 to 4.0 with step size 0.1

# Observation noise | mean | standard deviation

0.5 4938.566388523835 367.21002147032624
0.6 4966.660608139694 194.37823945484467
0.7 4974.430935539692 183.04000967567154
0.7999999999999999 4971.774430340353 149.13475079833336
0.8999999999999999 4974.63879176206 126.393378265955
0.9999999999999999 4979.386281403027 66.88264108505211
1.0999999999999999 4975.295273764899 64.45361502016863
1.1999999999999997 4975.099760040796 67.57192121062432
1.2999999999999996 4974.291874432449 64.28147260892823
1.3999999999999995 4973.899557497909 67.14306675820761
1.4999999999999993 4970.686772678679 61.42743269381636
1.5999999999999992 4966.754162764052 62.354595231464685
1.699999999999999 4966.431107645776 64.58852865465171
1.799999999999999 4962.096000493064 63.15532522677264
1.8999999999999988 4961.382765379642 63.33806737213841
1.9999999999999987 4956.975564004749 66.05604110203184
2.0999999999999988 4956.5024957933 62.468791534329526
2.199999999999999 4950.240228594597 65.15801568018085
2.299999999999999 4944.634955444386 66.5970380321735
2.399999999999999 4944.600257464575 66.23368262940207
2.499999999999999 4939.137984069543 65.0798569101927
2.599999999999999 4938.0332523264815 63.23311782187324
2.6999999999999993 4932.2971117941715 67.10438044758419
2.7999999999999994 4926.561260568962 65.95789843269465
2.8999999999999995 4924.58907275657 68.9706284499456
2.9999999999999996 4925.57528379093 66.87083497656617
3.0999999999999996 4915.965896430582 67.69696458827988
3.1999999999999997 4909.116779278258 65.84295545189715
3.3 4908.865995960346 67.76390809860645
3.4 4903.905454035324 65.83051495737868
3.5 4898.676594932623 67.74838610007042
3.6 4892.454058813343 67.09413675300002
3.7 4893.032407683623 67.03781041487083
3.8000000000000003 4888.498796577607 68.40248195169004
3.9000000000000004 4879.768295707715 67.21401965080577
4.0 4875.962893785892 68.41034170793891
