# Rounds: 50, repetitions: 1000
# Good arm ~ N(5.0,2.0), 8 bad arm(s) ~ N(3.0,2.0)
# Observation noise range from 0.1 to 10.0 with step size 0.1

# Observation noise | mean | standard deviation

0.1 209.11840217057642 34.98798759135687
0.2 210.22672197055294 33.60052384540429
0.30000000000000004 210.7600605508777 32.13278512415029
0.4000000000000001 211.0524527087485 32.17075053660567
0.5000000000000001 210.61348351188215 30.189155004446555
0.6000000000000001 210.52687905491132 30.181581309147564
0.7000000000000001 209.42944655526267 29.68399901067362
0.8 208.50366121009787 29.26225033074485
0.9 208.42401187445267 28.945862472766173
1.0 206.61676206872013 28.67126206943929
1.1 208.042865922706 27.617235541379184
1.2000000000000002 204.37656469090274 27.992551974691878
1.3000000000000003 203.24889194756938 26.908644224358568
1.4000000000000004 200.70154449405416 26.53585460808303
1.5000000000000004 201.61761719565197 26.556897890377613
1.6000000000000005 197.90713820833528 25.626970958913997
1.7000000000000006 198.0068955117065 26.68120341864268
1.8000000000000007 197.19757647603305 26.557958715965366
1.9000000000000008 195.831018930082 25.636417267035824
2.000000000000001 194.25639546573996 25.593538965310543
2.100000000000001 193.67570789178234 24.846164751034287
2.200000000000001 192.5119804136734 25.377753498597134
2.300000000000001 191.92754272521992 24.280816613482557
2.4000000000000012 189.59104487789355 24.592259226981678
2.5000000000000013 187.36527436636078 24.84178397248968
2.6000000000000014 187.60046360506544 23.829479539337974
2.7000000000000015 187.15446891993867 23.112392982920856
2.8000000000000016 184.52777993692803 22.252094287819652
2.9000000000000017 184.8138054878111 22.66824814717652
3.0000000000000018 183.86839974104393 22.382448112952098
3.100000000000002 183.7021677250476 22.278883160617113
3.200000000000002 182.06364985801713 21.83650144408953
3.300000000000002 181.27654885846903 21.910785230104576
3.400000000000002 179.33240499337046 20.639593001548093
3.500000000000002 178.7679173621861 21.048511860972056
3.6000000000000023 177.93017715983564 20.268846561519613
3.7000000000000024 177.87584982388154 20.07242685319032
3.8000000000000025 178.39022223698328 20.932170841940543
3.9000000000000026 176.69201048748573 19.675445230283767
4.000000000000003 176.65827759541725 19.90115922287494
4.100000000000003 175.27179022850922 19.547881470292896
4.200000000000004 175.09137660940726 18.909506202338513
4.300000000000004 175.60296697682043 19.432931741871155
4.400000000000005 173.1163655401102 18.017920418602543
4.500000000000005 173.49409998567208 18.325590338784203
4.600000000000006 173.45817374265596 17.49427882564282
4.700000000000006 172.46434990998608 18.07573496224387
4.800000000000007 171.35732361198785 17.10412374373226
4.9000000000000075 171.62664899466984 16.89056033395823
5.000000000000008 171.99611465542202 16.950658713514922
5.1000000000000085 170.65628339557472 17.458489117882998
5.200000000000009 170.98878546467057 17.76107535337698
5.30000000000001 170.07331013420736 17.114009057786006
5.40000000000001 170.3911134620999 16.792963535751934
5.500000000000011 169.71504138848394 16.51242583485912
5.600000000000011 169.9677112970831 16.707044122933862
5.700000000000012 168.95209720652494 16.766635064392126
5.800000000000012 169.60182558540905 16.1436224026456
5.900000000000013 168.88638403460163 15.97539870032566
6.000000000000013 168.11787300547473 16.195408061884862
6.100000000000014 168.87358844583613 15.826301347816647
6.200000000000014 168.1701056019171 16.27422343179909
6.300000000000015 168.54104296914173 16.31273244363044
6.4000000000000155 166.9448898199151 15.644335681516454
6.500000000000016 167.30245184010826 15.761820141887268
6.6000000000000165 167.40822146073813 14.852402588091518
6.700000000000017 166.40892447392977 15.38743329844425
6.800000000000018 168.48969632174615 16.280707797539456
6.900000000000018 167.3670901628074 16.00714905021635
7.000000000000019 167.05953872022909 15.901883595125799
7.100000000000019 166.97150165592856 15.604980161489332
7.20000000000002 166.3437092034709 15.4485461535963
7.30000000000002 166.2396591835383 15.732192269198706
7.400000000000021 167.08673208214813 15.50808670447025
7.500000000000021 166.74343233533133 15.922096506396597
7.600000000000022 166.74397251420748 15.610555964336852
7.700000000000022 165.66682397463236 15.215334408528175
7.800000000000023 166.21115151159063 16.367926373436692
7.9000000000000234 166.6358695269476 15.58359196917385
8.000000000000025 166.77266190213757 15.748549260980544
8.100000000000026 166.52381099567106 15.585222960724115
8.200000000000028 166.54672449398873 15.166704993660192
8.30000000000003 166.6949961269067 15.830049467327738
8.40000000000003 165.16201478867507 15.197451525931017
8.500000000000032 166.38812299608264 15.379176988955026
8.600000000000033 165.1142298306547 15.614048124692754
8.700000000000035 164.64847022084757 15.690650554832901
8.800000000000036 164.92245554650123 15.120040749080815
8.900000000000038 165.1937362829822 14.705321259905492
9.000000000000039 164.64658115862503 15.358272964973535
9.10000000000004 166.1202342769086 15.099215811401075
9.200000000000042 164.7227971124661 15.448559619966094
9.300000000000043 165.30495371937374 15.26825974704777
9.400000000000045 165.21127239464468 15.663466635297231
9.500000000000046 165.03851472697187 14.987442955262624
9.600000000000048 165.30558735560336 15.816266747462844
9.700000000000049 164.82633405919077 15.46422697406596
9.80000000000005 165.2792229111622 15.342059269532998
9.900000000000052 165.50371474572353 15.57754963340337
10.000000000000053 164.92732364142003 14.77161815798216
