# Rounds: 1000, repetitions: 1000
# Good arm ~ N(5.0,5.0), 19 bad arm(s) ~ N(0.5,5.0)
# Observation noise range from 0.5 to 8.0 with step size 0.1

# Observation noise | mean | standard deviation

0.5 4111.269703285818 1535.9162301590138
0.6 4123.697641547497 1510.0200360627628
0.7 4119.766472015063 1503.2482018839733
0.7999999999999999 4249.124206223719 1336.997914990597
0.8999999999999999 4237.054920000454 1364.6703509543308
0.9999999999999999 4346.197557164643 1187.9022867605947
1.0999999999999999 4389.5823593791365 1144.8183608754969
1.1999999999999997 4409.8413532816885 1089.9617318867317
1.2999999999999996 4442.655247019441 1009.2297760642782
1.3999999999999995 4496.1562112214 911.5727267919789
1.4999999999999993 4499.529638191343 859.996146691002
1.5999999999999992 4499.9037624966695 867.9100651674644
1.699999999999999 4530.8625348054165 790.5443027430697
1.799999999999999 4518.88320216018 772.9905236346265
1.8999999999999988 4553.487963239674 652.6065224392818
1.9999999999999987 4592.296195700672 515.060742461915
2.0999999999999988 4562.598193395894 583.8675992059776
2.199999999999999 4558.949077078411 584.5556175707555
2.299999999999999 4569.352553699119 535.0533119915273
2.399999999999999 4594.350589086012 357.8849775328779
2.499999999999999 4565.709843553818 393.93709611366626
2.599999999999999 4574.863675419124 411.3490262743177
2.6999999999999993 4561.636386965964 353.92542617591965
2.7999999999999994 4538.276520940367 387.7746754672922
2.8999999999999995 4539.623884945663 281.0180388092232
2.9999999999999996 4529.95448765655 272.59514639403847
3.0999999999999996 4521.3390199080495 249.80518311263629
3.1999999999999997 4505.010811528876 260.4808220483292
3.3 4474.539151374046 304.2062285021167
3.4 4458.160865309643 272.19929196090567
3.5 4445.651569759134 277.88503124350615
3.6 4433.514045536497 257.6828643915117
3.7 4425.038776259685 248.60748963170147
3.8000000000000003 4408.67334957689 270.27085324952554
3.9000000000000004 4388.153118909691 254.35874885161053
4.0 4388.3503164265485 238.23087273216683
4.1 4353.828566976521 261.67732082874454
4.199999999999999 4315.358442873887 259.84404284528205
4.299999999999999 4289.054204953821 278.76724771262485
4.399999999999999 4277.929660824978 293.90228788989015
4.499999999999998 4274.047516851233 241.34184238886635
4.599999999999998 4235.650730214043 286.20204918307087
4.6999999999999975 4213.773598806243 251.0705313778268
4.799999999999997 4227.945275894096 239.69308873677127
4.899999999999997 4165.976585604875 253.8660082906827
4.9999999999999964 4166.058728448104 252.8193466493309
5.099999999999996 4122.725145086317 258.8686216895568
5.199999999999996 4092.4101507445594 271.6765822905966
5.299999999999995 4091.2704188018974 286.92900808557306
5.399999999999995 4071.0960069148605 271.0855480084135
5.499999999999995 4037.5979884718818 260.8522576149893
5.599999999999994 4019.5069350528483 260.78430518399244
5.699999999999994 3999.049662544228 274.9986378340149
5.799999999999994 3959.425105132075 281.9912106461635
5.899999999999993 3942.7612838146674 292.0942442257643
5.999999999999993 3920.7688426540403 284.825147263471
6.0999999999999925 3900.237936523865 274.55140790100324
6.199999999999992 3880.8642384702407 278.8443503256096
6.299999999999992 3850.8584699192747 273.8082898899045
6.3999999999999915 3818.452789965815 291.7118059045341
6.499999999999991 3770.133923257999 299.33402109300084
6.599999999999991 3784.9295101210414 279.49494677209793
6.69999999999999 3742.2946511069213 290.6808431674437
6.79999999999999 3731.8512150746797 298.12387580146384
6.89999999999999 3697.7069805110204 301.3195934223349
6.999999999999989 3663.9736067957742 298.9016197553779
7.099999999999989 3670.187758140765 302.93203579407725
7.199999999999989 3642.9383010855986 295.1107261687797
7.299999999999988 3592.3498273509613 309.92287616907527
7.399999999999988 3566.328586830526 316.92714690850903
7.499999999999988 3550.247238910729 316.5438239105142
7.599999999999987 3514.083162064365 317.1561264561039
7.699999999999987 3488.4838750733998 345.1269032330231
7.7999999999999865 3447.384755538514 334.9857768559927
7.899999999999986 3428.011499590708 331.56532414391
7.999999999999986 3388.878387692262 326.6466091106473
