# Rounds: 1000, repetitions: 1000
# Good arm ~ N(5.0,4.0), 19 bad arm(s) ~ N(0.0,4.0)
# Observation noise range from 0.5 to 8.0 with step size 0.1

# Observation noise | mean | standard deviation

0.5 4485.414835320636 1210.0212509888338
0.6 4516.662748487313 1137.6639289150232
0.7 4568.861167695031 1008.0010865645282
0.7999999999999999 4608.003159429028 933.0532667143685
0.8999999999999999 4652.961278819902 798.3193296283874
0.9999999999999999 4615.881238596936 881.2724545906525
1.0999999999999999 4673.608071957109 739.955536427518
1.1999999999999997 4689.809362790901 647.0456486547976
1.2999999999999996 4719.982725036395 543.8330323567935
1.3999999999999995 4724.2441567473215 522.929429606212
1.4999999999999993 4738.06681327969 413.01889964992057
1.5999999999999992 4750.417386554103 291.6572054736404
1.699999999999999 4729.0936544618735 337.3822876954365
1.799999999999999 4742.350786023224 290.44650387582277
1.8999999999999988 4736.370329197653 223.25629974389608
1.9999999999999987 4722.199165936739 213.92335978408187
2.0999999999999988 4716.704253166568 205.99207021690523
2.199999999999999 4720.209326870152 172.74325254387958
2.299999999999999 4706.490918458116 188.89782427288046
2.399999999999999 4686.325536186271 166.6748194245389
2.499999999999999 4667.069600521331 207.30500526640026
2.599999999999999 4663.475184383813 164.075940993297
2.6999999999999993 4654.03140838548 162.6607223770689
2.7999999999999994 4638.132657283279 177.02287826493603
2.8999999999999995 4615.1405878858295 174.45800679807687
2.9999999999999996 4612.861396295411 166.11815349222792
3.0999999999999996 4585.459264266476 167.34285331353945
3.1999999999999997 4569.5794126629835 175.0032272281747
3.3 4563.41805593413 161.52939318568295
3.4 4542.125323679665 157.11095187658975
3.5 4521.179885351072 159.12443811780264
3.6 4504.156166957157 175.7344937894551
3.7 4490.38759963915 168.5073655200965
3.8000000000000003 4469.013178791713 169.3594801125224
3.9000000000000004 4443.065508610678 170.93189903884675
4.0 4439.4699663251 163.1602419575079
4.1 4409.4680744320885 174.43224920443365
4.199999999999999 4390.355345339834 171.25720107512
4.299999999999999 4368.4660084570505 177.56233363420887
4.399999999999999 4355.401980022052 179.73240661506554
4.499999999999998 4334.006700498305 174.54281044959842
4.599999999999998 4312.7600402529715 173.01020589846036
4.6999999999999975 4295.122872758476 178.78844842968738
4.799999999999997 4256.879869576768 177.28231287566118
4.899999999999997 4244.044188724782 183.73269797361422
4.9999999999999964 4213.491688024472 192.55929478830396
5.099999999999996 4189.131664027708 181.89351439338336
5.199999999999996 4160.733525627913 180.0049280130972
5.299999999999995 4151.348643123089 195.05988284519853
5.399999999999995 4132.765559800888 199.79487054637121
5.499999999999995 4099.415469574915 191.5777198676513
5.599999999999994 4087.9460665285515 196.52619246330482
5.699999999999994 4050.420497650993 198.38036731301816
5.799999999999994 4025.925414542404 194.74158973809025
5.899999999999993 4010.7579110423917 205.837782519373
5.999999999999993 3991.662719547878 204.08509362258704
6.0999999999999925 3952.2318688693 207.07915428712917
6.199999999999992 3932.467860188378 204.94567594262625
6.299999999999992 3915.9246883160044 217.39564093357998
6.3999999999999915 3893.294869715265 214.538867300395
6.499999999999991 3857.100047910839 215.27502750149674
6.599999999999991 3824.0595667446996 218.40865035054816
6.69999999999999 3793.6545809342747 228.92402194027878
6.79999999999999 3790.711632741969 220.3635015002032
6.89999999999999 3755.374182149826 219.77132311215715
6.999999999999989 3722.169104247104 228.5080442788934
7.099999999999989 3698.004078423497 230.05136141169896
7.199999999999989 3681.625671882417 222.80734276900202
7.299999999999988 3656.301330192251 234.2705534784882
7.399999999999988 3622.19740003403 231.64333579785253
7.499999999999988 3598.0987913388385 244.62560665350662
7.599999999999987 3566.4644256700985 223.90116440485573
7.699999999999987 3538.3443317838473 238.65559397490128
7.7999999999999865 3515.3959759147288 243.51167218743385
7.899999999999986 3481.4734347715953 250.7346412571286
7.999999999999986 3454.5780826256437 259.1491458970075
