# Rounds: 10000, repetitions: 1000
# Good arm ~ N(5.0,5.0), 7 bad arm(s) ~ N(0.0,5.0)
# Observation noise range from 0.5 to 8.0 with step size 0.1

# Observation noise | mean | standard deviation

0.5 45308.94560533727 14167.103806687262
0.6 45439.331754621104 13986.58787406466
0.7 46254.24125835814 12657.21642169294
0.7999999999999999 47010.58954268798 11331.088475175033
0.8999999999999999 46924.31993619075 11459.696506579978
0.9999999999999999 47753.75548459529 9575.863799996428
1.0999999999999999 48105.920140678725 8700.506440623732
1.1999999999999997 48563.21257049813 7344.727046477689
1.2999999999999996 49077.7156931355 5917.745645680679
1.3999999999999995 49224.96939081629 4845.808820645416
1.4999999999999993 49332.9872421612 4774.258991100648
1.5999999999999992 49635.633915013066 2940.130714719714
1.699999999999999 49507.15441788431 3892.6532722390302
1.799999999999999 49662.19462272474 2486.1258585157825
1.8999999999999988 49759.65110119164 1494.020764617319
1.9999999999999987 49816.62031813718 615.6295253219884
2.0999999999999988 49732.00339860049 1966.5989781963888
2.199999999999999 49858.664331853135 524.4692148836621
2.299999999999999 49822.78032016253 552.2497709381155
2.399999999999999 49805.57613256261 537.3161433501357
2.499999999999999 49837.507691413004 500.5668494951893
2.599999999999999 49812.73519237133 519.1137327191558
2.6999999999999993 49799.23021540564 510.31122259546606
2.7999999999999994 49775.199142574376 1246.4893712788437
2.8999999999999995 49785.598682259464 514.2731907796517
2.9999999999999996 49771.96040350063 528.139855881972
3.0999999999999996 49791.05703810703 502.6082470598734
3.1999999999999997 49784.474397743856 506.3187406157617
3.3 49773.88360903539 511.99497025453206
3.4 49765.89167582856 479.82236986325967
3.5 49744.741164711435 520.968965282388
3.6 49735.45674973575 512.8983300420283
3.7 49739.157940486606 504.41327108772845
3.8000000000000003 49698.56599820092 517.5556656786588
3.9000000000000004 49704.618161236074 494.9406341243399
4.0 49716.73600792815 506.0191718743645
4.1 49692.33888958714 517.9221504018992
4.199999999999999 49651.882271148716 490.1855854318488
4.299999999999999 49649.64596757599 503.02024601298945
4.399999999999999 49660.80461991455 517.4142610296576
4.499999999999998 49626.78497744341 505.9723606283185
4.599999999999998 49617.387982947024 535.0967963194631
4.6999999999999975 49586.39794266508 513.6311604809376
4.799999999999997 49626.725241308544 504.280218960497
4.899999999999997 49583.0736890399 508.3662379564708
4.9999999999999964 49577.20655535682 498.38690770220654
5.099999999999996 49576.688806307146 491.38026406919215
5.199999999999996 49524.16213786728 514.3069118564003
5.299999999999995 49520.95644507429 516.0980857694993
5.399999999999995 49512.50147827027 536.7430809143071
5.499999999999995 49509.123499940055 520.0122413814427
5.599999999999994 49499.07453562878 508.7304280393405
5.699999999999994 49510.093615855134 521.1284683784806
5.799999999999994 49448.16619851148 495.1555549735794
5.899999999999993 49430.82427145525 520.4396995736345
5.999999999999993 49435.02790343915 494.2306550536334
6.0999999999999925 49375.68343180427 531.6377768635357
6.199999999999992 49394.49664770137 513.430641706376
6.299999999999992 49405.68017349725 499.1522181491575
6.3999999999999915 49356.27338837678 522.9853815808034
6.499999999999991 49375.31726709447 506.6931342149255
6.599999999999991 49308.52683398029 521.9600342916992
6.69999999999999 49303.548342539536 517.8025438648966
6.79999999999999 49308.88374294574 517.1665151604559
6.89999999999999 49333.162602764816 535.8150019759107
6.999999999999989 49285.79208173492 529.8930201739521
7.099999999999989 49258.62328989677 508.06140994328365
7.199999999999989 49226.299832482175 501.8928667102696
7.299999999999988 49203.409880871455 526.2896204423869
7.399999999999988 49200.821085947 537.8015233196475
7.499999999999988 49188.06687038296 532.9090888956212
7.599999999999987 49156.83468069584 505.9252878327819
7.699999999999987 49152.307022740315 512.7493883891744
7.7999999999999865 49136.322071692746 508.08181067747074
7.899999999999986 49110.3975669858 527.5615992261585
7.999999999999986 49072.37488696517 522.24487653019
