# Rounds: 10000, repetitions: 1000
# Good arm ~ N(5.0,3.0), 7 bad arm(s) ~ N(1.0,3.0)
# Observation noise range from 0.5 to 8.0 with step size 0.1

# Observation noise | mean | standard deviation

0.5 49010.17609107933 5926.98395735637
0.6 49235.7892214545 4978.559892192616
0.7 49453.487878982596 3993.9178117517777
0.7999999999999999 49598.17726531301 3474.1381836939404
0.8999999999999999 49705.07043516878 2697.2769501800462
0.9999999999999999 49720.2612445996 2335.284175169514
1.0999999999999999 49869.64214190427 1396.185537424787
1.1999999999999997 49822.37969117608 1832.4439938171913
1.2999999999999996 49827.00253990743 1830.6955577148838
1.3999999999999995 49887.93966205987 822.9214134947339
1.4999999999999993 49918.592998202745 309.62613197872537
1.5999999999999992 49898.54488964659 308.2466109656932
1.699999999999999 49899.479520236884 316.5741970902736
1.799999999999999 49880.829223264016 324.7022006333992
1.8999999999999988 49902.58935498992 294.70093113120913
1.9999999999999987 49875.68226916111 300.93256402641487
2.0999999999999988 49892.31820561025 311.41916058062606
2.199999999999999 49874.530690075626 302.56084071881196
2.299999999999999 49867.23452796606 298.7641688439711
2.399999999999999 49864.56891437087 304.44427727342094
2.499999999999999 49863.09941065287 306.9936465815612
2.599999999999999 49837.41789561429 300.18230458447914
2.6999999999999993 49829.3556548086 300.9526308351217
2.7999999999999994 49810.104332726296 309.5752992389785
2.8999999999999995 49809.744324179694 304.38794802610994
2.9999999999999996 49798.46413819256 310.24116396892924
3.0999999999999996 49777.97075887008 289.6990462291099
3.1999999999999997 49766.41184037577 323.66631188499986
3.3 49757.597957141035 307.4744437838207
3.4 49771.762558931165 296.99416090307113
3.5 49736.05808644721 299.2997699781802
3.6 49726.09858227536 300.24470415347986
3.7 49719.233253964245 312.99270625038855
3.8000000000000003 49718.556053501525 303.54055052250135
3.9000000000000004 49704.850248327166 307.2587654626237
4.0 49671.43363308772 316.08701955097996
4.1 49673.11521103138 306.57910217476893
4.199999999999999 49658.24939353888 304.95301536371466
4.299999999999999 49639.38680372886 294.30855447157154
4.399999999999999 49631.55309563352 306.03874335300003
4.499999999999998 49619.37755802046 306.4136707357727
4.599999999999998 49594.80245836893 298.0357366225134
4.6999999999999975 49592.676602124935 322.4803583346081
4.799999999999997 49573.89961280062 301.0144300408745
4.899999999999997 49558.059365476125 308.34149111745376
4.9999999999999964 49549.78128907768 294.27989032188975
5.099999999999996 49530.82194191993 323.7001899072056
5.199999999999996 49528.5953149092 306.67531014450356
5.299999999999995 49493.17730153029 306.1337982256472
5.399999999999995 49480.90204788329 304.39309338673837
5.499999999999995 49484.96651276546 307.41894836017326
5.599999999999994 49444.1775921224 309.9705388561306
5.699999999999994 49440.10799241148 308.0060766621504
5.799999999999994 49411.80306804143 317.41750503396315
5.899999999999993 49414.68602333893 310.4251847347
5.999999999999993 49408.0177637023 303.74092433060054
6.0999999999999925 49376.485544889336 305.28117499573295
6.199999999999992 49344.591595253805 295.8218058512601
6.299999999999992 49336.689211953846 312.7529295977424
6.3999999999999915 49313.47814375258 302.53762404272385
6.499999999999991 49300.34176855253 307.340914296443
6.599999999999991 49282.48438762124 306.51250355347094
6.69999999999999 49265.542056934566 313.94140459719995
6.79999999999999 49262.44356030548 313.72649809587847
6.89999999999999 49224.151397486836 313.9521824177187
6.999999999999989 49221.7104232364 319.1841450541417
7.099999999999989 49197.68723837773 308.79819888066055
7.199999999999989 49181.448827463864 310.03508610542275
7.299999999999988 49165.22123515856 308.43588862640837
7.399999999999988 49148.639138690385 310.27524168878784
7.499999999999988 49132.323862839694 312.53855228151724
7.599999999999987 49108.19995832374 306.60509106575154
7.699999999999987 49093.316598924095 317.59373766857027
7.7999999999999865 49066.137389954856 312.03211164975613
7.899999999999986 49049.79761428158 324.8506542887552
7.999999999999986 49040.53610609502 327.74330137941485
