# Rounds: 10000, repetitions: 1000
# Good arm ~ N(5.0,4.0), 7 bad arm(s) ~ N(5.0,4.0)
# Observation noise range from 0.5 to 8.0 with step size 0.1

# Observation noise | mean | standard deviation

0.5 49996.06598165059 401.2275939234884
0.6 50017.49277140875 392.540496530493
0.7 50039.549238194246 389.95901041957006
0.7999999999999999 50006.716712626 395.0551345766566
0.8999999999999999 50031.93896448097 407.2960308811745
0.9999999999999999 50002.9701672293 388.61543645967254
1.0999999999999999 50000.62917207961 417.1037945513113
1.1999999999999997 50006.96406392606 392.6867034115117
1.2999999999999996 49995.526984313576 403.65858833918594
1.3999999999999995 50015.81846962847 415.4437836554181
1.4999999999999993 50018.43684919177 387.56189742998714
1.5999999999999992 50004.64253071321 395.7492404511796
1.699999999999999 50010.26893111045 398.3715654806919
1.799999999999999 49996.350702092146 413.0339331539014
1.8999999999999988 50018.840404510265 398.38807563679626
1.9999999999999987 50005.263275240715 396.84657404509306
2.0999999999999988 50008.77373894768 412.17069814486774
2.199999999999999 49999.032504209536 404.6498234008295
2.299999999999999 50022.01869641509 384.93758340927553
2.399999999999999 50011.379170964625 395.9370242497427
2.499999999999999 50022.70184232904 388.20162971702615
2.599999999999999 50007.972909655444 415.65514673443664
2.6999999999999993 50017.68175316808 388.6220489679029
2.7999999999999994 50010.21031039004 391.76967402468546
2.8999999999999995 50002.64609716301 402.0927293723704
2.9999999999999996 49982.802267677784 384.8598841279998
3.0999999999999996 49995.85895641951 393.6884995240529
3.1999999999999997 49988.47175905914 402.16586300763976
3.3 49999.61524585136 401.38643222207236
3.4 50018.81754464666 407.87049051480096
3.5 49988.05903319079 406.3080988972229
3.6 50012.90984541843 406.5916174535647
3.7 49993.45200523368 419.9741221057168
3.8000000000000003 49989.47118343449 387.8974383823959
3.9000000000000004 49988.62768741482 396.28948953923714
4.0 49995.291154450795 407.17082493047195
4.1 49987.03181102729 385.8566647291841
4.199999999999999 50004.47254804258 394.1997174994738
4.299999999999999 50011.178767152785 414.92749177243434
4.399999999999999 49972.08381912302 397.3244451093474
4.499999999999998 50023.24291208248 394.8606321415523
4.599999999999998 50015.07329104904 422.5624813358556
4.6999999999999975 50002.83682924999 399.40118809698356
4.799999999999997 50006.16445874982 402.3315928600303
4.899999999999997 49997.26173715006 404.3064268093694
4.9999999999999964 50006.308195281155 406.17394989079355
5.099999999999996 50009.83739848499 402.51233939529334
5.199999999999996 50020.77586834134 397.31177583918543
5.299999999999995 50031.19599922837 407.50927379383216
5.399999999999995 49987.86621000893 398.7296358310707
5.499999999999995 50008.149196823804 372.8570267545437
5.599999999999994 50008.45427360718 394.7449690405987
5.699999999999994 50009.497435450234 410.3310655716535
5.799999999999994 49991.89913493489 390.84674625653884
5.899999999999993 50004.06025301106 380.16081275532326
5.999999999999993 49989.583096562696 405.616822469511
6.0999999999999925 49986.62981655584 380.8932293352833
6.199999999999992 50005.10030830325 412.6842418872519
6.299999999999992 50002.01120372124 404.00948445758223
6.3999999999999915 50023.53026007584 403.06220328028223
6.499999999999991 49987.228722787404 402.7602750908514
6.599999999999991 49996.831331338326 409.46127554835493
6.69999999999999 50007.64634537687 395.9113135072598
6.79999999999999 50031.27829145358 399.24174466255397
6.89999999999999 50006.47856537479 405.8169897767833
6.999999999999989 50009.58316984713 411.6471968410016
7.099999999999989 49991.146775520465 406.67428940377556
7.199999999999989 50011.527904379866 383.66939310392127
7.299999999999988 50006.47414116211 408.4577681299589
7.399999999999988 50001.0417690557 380.5320668067275
7.499999999999988 49994.06649268554 402.8520583474855
7.599999999999987 50027.138995310364 416.23396347373273
7.699999999999987 49994.86277906157 392.1935863231199
7.7999999999999865 50005.565041010625 380.392423244963
7.899999999999986 50020.448413847356 420.8631678103893
7.999999999999986 50005.55726560332 392.6649012967987
