# Rounds: 10000, repetitions: 1000
# Good arm ~ N(5.0,0.0), 7 bad arm(s) ~ N(0.0,0.0)
# Observation noise range from 0.5 to 8.0 with step size 0.1

# Observation noise | mean | standard deviation

0.5 49969.58499999994 1.8182632045666685
0.6 49969.42499999996 2.2912059323912066
0.7 49969.225000000006 2.526015786917359
0.7999999999999999 49969.28999999993 2.6177762992189897
0.8999999999999999 49969.019999999946 3.1303992396177454
0.9999999999999999 49968.69999999999 3.503180308273069
1.0999999999999999 49968.035000000076 4.163064509001281
1.1999999999999997 49965.7049999999 5.52344851369897
1.2999999999999996 49959.27000000003 6.5391023741688326
1.3999999999999995 49948.87500000006 6.65985951268709
1.4999999999999993 49939.48499999999 4.804462286027179
1.5999999999999992 49934.63999999999 3.0380305511350008
1.699999999999999 49932.23500000007 3.686918546478684
1.799999999999999 49928.154999999984 5.2534344550563885
1.8999999999999988 49921.540000000045 6.361514667818395
1.9999999999999987 49912.66000000004 6.7801453059924155
2.0999999999999988 49904.29500000006 6.133155027438188
2.199999999999999 49897.11000000011 5.863640702011221
2.299999999999999 49890.59500000005 6.329378803329411
2.399999999999999 49882.57 7.130634329843726
2.499999999999999 49873.83500000006 7.349952162891779
2.599999999999999 49864.60000000008 7.084503524608546
2.6999999999999993 49856.71000000001 7.435131551033898
2.7999999999999994 49847.66999999998 7.657005271627312
2.8999999999999995 49838.219999999994 7.892648091350252
2.9999999999999996 49828.92999999999 8.320115643686908
3.0999999999999996 49819.38499999994 8.638367692822381
3.1999999999999997 49808.99500000007 8.630727922050676
3.3 49799.42000000001 9.181388669362512
3.4 49789.28 9.516941324405202
3.5 49778.015000000014 9.6658265659592
3.6 49767.43499999999 9.92442790639698
3.7 49756.90499999999 9.992288067345845
3.8000000000000003 49746.37000000003 10.150178625331094
3.9000000000000004 49734.55999999995 10.541229412052287
4.0 49723.16 10.729842940580841
4.1 49711.51999999994 11.287914644300631
4.199999999999999 49699.660000000054 11.441823076560572
4.299999999999999 49687.06000000001 11.67444614072507
4.399999999999999 49675.045 11.946367259158261
4.499999999999998 49662.87 11.700427342623087
4.599999999999998 49649.83500000002 12.44397957357814
4.6999999999999975 49637.77500000002 11.902354432675995
4.799999999999997 49624.16999999998 12.828705144155258
4.899999999999997 49611.61500000002 12.805497091318015
4.9999999999999964 49597.83499999993 13.46176043443034
5.099999999999996 49584.35499999997 13.542243808444999
5.199999999999996 49570.02499999993 13.334248279418587
5.299999999999995 49556.18499999999 13.706153130387644
5.399999999999995 49543.08500000003 14.617504795499332
5.499999999999995 49529.259999999944 14.56758781043088
5.599999999999994 49514.95000000002 14.83130026219774
5.699999999999994 49500.20499999998 14.889750826648527
5.799999999999994 49485.4 14.995494818940244
5.899999999999993 49469.63000000003 15.074493037589678
5.999999999999993 49455.004999999954 15.80109646985448
6.0999999999999925 49439.28499999999 16.5722181198962
6.199999999999992 49424.84499999996 17.0276515091165
6.299999999999992 49409.45500000001 16.420950722251767
6.3999999999999915 49393.37000000007 16.720426808926547
6.499999999999991 49376.979999999996 17.295338352536664
6.599999999999991 49362.24000000004 17.17781934581563
6.69999999999999 49344.89999999999 17.268126365885472
6.79999999999999 49329.16999999992 17.56187687918116
6.89999999999999 49311.96000000001 17.28314517404467
6.999999999999989 49296.59499999994 18.67564603312977
7.099999999999989 49279.215 18.52436036485273
7.199999999999989 49262.24 18.487135369606914
7.299999999999988 49245.38000000001 19.41346137303916
7.399999999999988 49226.83500000005 19.456009645127914
7.499999999999988 49212.085000000036 19.67650731049435
7.599999999999987 49194.48999999997 19.664093586447834
7.699999999999987 49176.33000000002 21.067152748412013
7.7999999999999865 49158.46500000002 21.00261614382563
7.899999999999986 49139.18999999998 20.636612361765412
7.999999999999986 49121.55000000007 21.275576376449767
