# Rounds: 500, repetitions: 1000
# Good arm ~ N(5.0,3.0), 1 bad arm(s) ~ N(1.3,3.0)
# Observation noise range from 0.5 to 4.0 with step size 0.1

# Observation noise | mean | standard deviation

0.5 2438.6617116839298 315.73447418120094
0.6 2430.6121977450425 334.9959486018357
0.7 2442.5545484473864 298.9180576456304
0.7999999999999999 2450.5892406909156 283.19673686820295
0.8999999999999999 2468.0642777772264 208.62076631477677
0.9999999999999999 2465.9115504725423 222.62863502025027
1.0999999999999999 2478.6047414677096 156.0215932472954
1.1999999999999997 2480.9338613353057 158.5263271987731
1.2999999999999996 2473.2646635648525 173.6497632033052
1.3999999999999995 2486.5494685647855 105.71976621621278
1.4999999999999993 2492.5968541810894 88.00587151978539
1.5999999999999992 2487.55525029506 71.01706425238679
1.699999999999999 2485.9259063601926 92.32865365070994
1.799999999999999 2486.663330543365 69.04172377449147
1.8999999999999988 2487.748360592886 70.37903873820581
1.9999999999999987 2483.9996175008528 70.72156600897347
2.0999999999999988 2491.062728221231 68.4660690613767
2.199999999999999 2484.6751799207527 73.59327656993463
2.299999999999999 2483.8999450969072 67.89439106053233
2.399999999999999 2484.0205838185693 68.93071499767716
2.499999999999999 2481.7276780506613 69.15515240162416
2.599999999999999 2482.728501706884 70.48488049282074
2.6999999999999993 2480.2661064739955 68.27148922585693
2.7999999999999994 2481.1600898672714 68.66406424397945
2.8999999999999995 2482.3787998251387 68.18185892853232
2.9999999999999996 2479.1241999623153 69.18300835944171
3.0999999999999996 2478.382947301881 70.66147126274053
3.1999999999999997 2480.4143068420817 67.91498476657938
3.3 2476.17387393938 68.23618178874162
3.4 2473.8328507384354 72.14553942608104
3.5 2469.1587818570433 68.55114219659607
3.6 2470.124176424469 71.17148020711753
3.7 2464.6917549101786 72.78598594399814
3.8000000000000003 2467.6291709394077 71.09822157238477
3.9000000000000004 2462.0933989927257 70.71443566896569
4.0 2468.9710103984175 69.00366392585046
