# Rounds: 500, repetitions: 1000
# Good arm ~ N(5.0,1.0), 1 bad arm(s) ~ N(2.9,1.0)
# Observation noise range from 0.5 to 4.0 with step size 0.1

# Observation noise | mean | standard deviation

0.5 2499.067463239848 40.848389182789546
0.6 2497.575034029314 23.869882490462004
0.7 2497.3358049092085 24.228028138152702
0.7999999999999999 2497.383521564106 23.986282136004057
0.8999999999999999 2496.718212371877 23.491445187500116
0.9999999999999999 2497.2891046131745 22.448676642926003
1.0999999999999999 2495.6861045909554 23.377956738148708
1.1999999999999997 2496.0366764045707 23.657555912769862
1.2999999999999996 2496.119609072358 22.93035946887935
1.3999999999999995 2495.035455844046 22.860198108172515
1.4999999999999993 2493.718764228999 23.26997522764471
1.5999999999999992 2491.994319875665 23.057658944025604
1.699999999999999 2491.0304748343465 23.369670336389582
1.799999999999999 2490.6227088082887 23.948827477803896
1.8999999999999988 2489.564667884815 23.6361534619885
1.9999999999999987 2488.232327184657 23.719015963566175
2.0999999999999988 2487.9251808482995 22.823454165509762
2.199999999999999 2487.6090152353845 23.5430603615044
2.299999999999999 2486.707231459528 23.161262591717012
2.399999999999999 2483.6468694320642 24.101427983145264
2.499999999999999 2481.912802724102 22.80569546102921
2.599999999999999 2481.732375116394 23.45735416668124
2.6999999999999993 2480.1544171353376 22.902061054184603
2.7999999999999994 2478.1949456787397 24.346318681683535
2.8999999999999995 2476.47291659454 23.029374996524133
2.9999999999999996 2474.8035676598124 23.894342092890277
3.0999999999999996 2475.041602427356 24.01559715930512
3.1999999999999997 2473.627440242824 24.359241231658697
3.3 2471.653324141186 25.18372471483525
3.4 2470.347193015113 24.496196242544297
3.5 2467.318201100793 24.16008827236101
3.6 2465.449310807562 24.46227177663457
3.7 2464.2150908070394 25.095987487499762
3.8000000000000003 2459.945816755325 25.028670789105778
3.9000000000000004 2462.238610016522 25.407683393649087
4.0 2459.8443740194903 25.59902838699808
