# Rounds: 500, repetitions: 1000
# Good arm ~ N(5.0,1.0), 1 bad arm(s) ~ N(4.2,1.0)
# Observation noise range from 0.5 to 4.0 with step size 0.1

# Observation noise | mean | standard deviation

0.5 2486.151002250301 64.96755913304787
0.6 2487.6423826441346 52.57048096642708
0.7 2490.8669047281796 42.152561060081155
0.7999999999999999 2491.189507709566 35.24181112243169
0.8999999999999999 2490.694748731532 32.99237347831202
0.9999999999999999 2490.580768589414 32.83791069246764
1.0999999999999999 2490.128240445411 27.85038232873254
1.1999999999999997 2487.0634453263633 28.761277232101882
1.2999999999999996 2488.470781304096 26.7446719600436
1.3999999999999995 2486.3341247020935 25.901889303843706
1.4999999999999993 2484.146294302827 26.531482219985627
1.5999999999999992 2482.8059750434227 25.384361277657952
1.699999999999999 2480.9449412732547 25.624047837622832
1.799999999999999 2479.082312912979 26.13387352991189
1.8999999999999988 2477.2483304611305 27.33499929811278
1.9999999999999987 2474.4933988515886 25.919474082851128
2.0999999999999988 2474.0443326781856 25.986230896820597
2.199999999999999 2470.7086353001196 25.97235237401263
2.299999999999999 2470.198978914003 27.4556884338516
2.399999999999999 2466.498501878737 26.682214196822326
2.499999999999999 2464.5531078521685 26.359736825908634
2.599999999999999 2462.741117872544 27.310449211524464
2.6999999999999993 2460.6633267937154 26.834966909306576
2.7999999999999994 2458.9757307698324 27.907537772275855
2.8999999999999995 2456.791801998857 27.428816007384814
2.9999999999999996 2454.4409907527256 27.40467857237146
3.0999999999999996 2453.191654417174 28.204066884271842
3.1999999999999997 2448.066432059272 29.243330119265995
3.3 2445.572850043097 28.907032719442455
3.4 2445.009989632922 28.50459481721423
3.5 2440.913546838182 29.294602896739395
3.6 2440.2568579531703 27.721043209067513
3.7 2437.038886520866 29.105318662246763
3.8000000000000003 2433.963424308568 29.939792397557625
3.9000000000000004 2432.4719855891935 30.218693245705687
4.0 2430.1842190639527 30.072615201031038
