# Rounds: 500, repetitions: 1000
# Good arm ~ N(5.0,3.0), 1 bad arm(s) ~ N(1.0,3.0)
# Observation noise range from 0.5 to 4.0 with step size 0.1

# Observation noise | mean | standard deviation

0.5 2453.4794995481466 296.41351047185515
0.6 2439.281492134263 316.3038945520778
0.7 2446.284053859615 301.28044719761414
0.7999999999999999 2466.5817562190427 245.2156960885136
0.8999999999999999 2469.9057005815107 219.0853174311464
0.9999999999999999 2475.5068290274144 185.61524175033804
1.0999999999999999 2477.3102918109885 163.34232187428321
1.1999999999999997 2486.502582844993 114.63910597153112
1.2999999999999996 2483.8616177569857 130.6221274855901
1.3999999999999995 2485.4752887181226 93.78197987639567
1.4999999999999993 2486.4966177207234 81.8742795712489
1.5999999999999992 2492.1171547605804 95.66286831123749
1.699999999999999 2487.666999492863 88.05795717090074
1.799999999999999 2489.557362064747 72.03840536687241
1.8999999999999988 2487.7015169745187 68.24987044628405
1.9999999999999987 2487.0273312717613 68.67616326117246
2.0999999999999988 2488.5810508565723 71.5342854805468
2.199999999999999 2484.805426154074 69.16572260174513
2.299999999999999 2486.687603954312 67.81522368539761
2.399999999999999 2483.611385865462 73.43287189448048
2.499999999999999 2484.9988371841523 69.22599298975516
2.599999999999999 2485.4533719656806 67.26042535775049
2.6999999999999993 2482.0130901718003 66.80286431709206
2.7999999999999994 2486.075334797453 69.20558841202453
2.8999999999999995 2482.446952106184 68.06400007053509
2.9999999999999996 2481.572272097986 68.08800562869904
3.0999999999999996 2479.4792531223184 66.80670546148164
3.1999999999999997 2477.0420175553486 68.34123831044458
3.3 2475.9752714586557 70.05451495803376
3.4 2473.67187548321 69.89686118815382
3.5 2473.8145613362694 69.66493044817892
3.6 2472.9899942181332 67.0433477921669
3.7 2472.2949743318504 67.65124767991888
3.8000000000000003 2472.1349945073944 69.05597439613943
3.9000000000000004 2468.7259244764655 71.00168332047778
4.0 2467.3592117776525 70.74967612851623
