# Rounds: 500, repetitions: 1000
# Good arm ~ N(5.0,4.0), 1 bad arm(s) ~ N(2.5,4.0)
# Observation noise range from 0.5 to 4.0 with step size 0.1

# Observation noise | mean | standard deviation

0.5 2283.720936380226 460.27459033341677
0.6 2279.905202301982 465.5364581444569
0.7 2311.90268461601 433.80253016061647
0.7999999999999999 2330.0901151536423 424.23932727671615
0.8999999999999999 2354.4330499933535 392.73197397297827
0.9999999999999999 2342.3568058925052 393.8240008913213
1.0999999999999999 2377.3677090032197 353.4709009095952
1.1999999999999997 2379.33529661953 344.48873596938273
1.2999999999999996 2390.4860351693305 324.43013887873144
1.3999999999999995 2410.602625803939 290.54939669880395
1.4999999999999993 2407.05831889323 280.6108812906166
1.5999999999999992 2423.995283589307 250.94367408554135
1.699999999999999 2418.9679581185505 256.0794158130296
1.799999999999999 2422.2678116299267 257.3230933940327
1.8999999999999988 2448.952328793153 204.72002167686193
1.9999999999999987 2459.0625252918862 172.14680574575144
2.0999999999999988 2441.9136377610616 187.82794253222443
2.199999999999999 2448.9013956618783 178.90360298211135
2.299999999999999 2450.9418471266126 157.62903172260707
2.399999999999999 2449.5964203983312 161.45606561365236
2.499999999999999 2463.295618126507 120.37070914869105
2.599999999999999 2456.8053290133466 147.2423567219562
2.6999999999999993 2457.053419885683 137.5701689792609
2.7999999999999994 2461.581151450542 112.48472797226289
2.8999999999999995 2459.438373538462 117.98142521298972
2.9999999999999996 2461.4637200454727 109.95052589666325
3.0999999999999996 2465.742440922055 107.07238357737809
3.1999999999999997 2461.932368495378 111.70497721318031
3.3 2455.5249537124055 108.86178317251019
3.4 2458.999592671364 108.23119287603063
3.5 2455.8063127447663 97.30196589951122
3.6 2453.6774525725295 101.4788527145108
3.7 2449.102581683836 105.29925003457123
3.8000000000000003 2451.5005305046066 105.45692501751181
3.9000000000000004 2452.9635483949933 105.32685316732557
4.0 2451.065231722791 95.52358807008304
