# Rounds: 500, repetitions: 1000
# Good arm ~ N(5.0,5.0), 1 bad arm(s) ~ N(4.1,5.0)
# Observation noise range from 0.5 to 4.0 with step size 0.1

# Observation noise | mean | standard deviation

0.5 2337.5967269624794 242.56479645965933
0.6 2322.2876592506695 241.39710048954217
0.7 2318.7501003415846 237.57964795553613
0.7999999999999999 2333.3218084105106 239.89555668497798
0.8999999999999999 2339.9314043133877 233.0013625899813
0.9999999999999999 2338.55921875384 224.2791054187388
1.0999999999999999 2345.6304013180225 228.10031286364122
1.1999999999999997 2346.9207919439837 231.03969628833292
1.2999999999999996 2329.8131939725918 226.2551727059051
1.3999999999999995 2340.8590797313327 227.06685881925404
1.4999999999999993 2352.853328297726 232.5008545372718
1.5999999999999992 2348.3446866914082 221.0468702732916
1.699999999999999 2352.8657114309353 221.534742339373
1.799999999999999 2353.4636715451393 220.14695801447237
1.8999999999999988 2365.5074115186753 216.18812009373002
1.9999999999999987 2363.6834327152555 212.77752113336928
2.0999999999999988 2347.0261214457432 209.74511805089583
2.199999999999999 2368.415416495909 207.0581809124364
2.299999999999999 2359.1489927537477 204.14496306528804
2.399999999999999 2380.161983518396 201.5150051561969
2.499999999999999 2365.7660534449215 201.72759401827167
2.599999999999999 2367.494649005475 207.25478863326214
2.6999999999999993 2367.6614402496175 197.82330283477955
2.7999999999999994 2380.2474568926623 193.73881641858125
2.8999999999999995 2367.553462073463 193.3169023008176
2.9999999999999996 2376.5552243489956 191.4299458109878
3.0999999999999996 2376.6672569506663 193.12804164576866
3.1999999999999997 2373.587727007559 186.9950117449077
3.3 2380.9019822047567 183.88396526716207
3.4 2375.4006449062344 177.15172507019656
3.5 2375.466229015642 187.36313471493844
3.6 2364.6076953488855 186.34544758096513
3.7 2378.2021671109615 173.42868843912296
3.8000000000000003 2377.678520038526 171.41450127563144
3.9000000000000004 2380.712693018972 162.6367098034095
4.0 2383.641498750833 169.3255372016624
