# Rounds: 500, repetitions: 1000
# Good arm ~ N(5.0,2.0), 1 bad arm(s) ~ N(2.4,2.0)
# Observation noise range from 0.5 to 4.0 with step size 0.1

# Observation noise | mean | standard deviation

0.5 2468.6852635973173 182.07703915488628
0.6 2476.3776438415057 158.1322037316477
0.7 2483.4594110504295 137.28401296451543
0.7999999999999999 2486.625736015662 102.34516745640651
0.8999999999999999 2492.4066243618804 58.96325026020462
0.9999999999999999 2493.1181027485845 90.12933003467215
1.0999999999999999 2490.2121000261054 78.1440199449048
1.1999999999999997 2491.2702598438 52.185144862349766
1.2999999999999996 2489.7661148246048 49.207699306599686
1.3999999999999995 2489.640301542158 61.55830814517095
1.4999999999999993 2493.4300695875168 48.188589203801584
1.5999999999999992 2492.1237702147955 47.08127581041522
1.699999999999999 2487.3070841341582 48.00735856106788
1.799999999999999 2487.8348251535017 46.210220540253495
1.8999999999999988 2488.850455004977 47.29615033338445
1.9999999999999987 2488.679339290817 47.79211274506976
2.0999999999999988 2488.8931888940474 46.638944465218685
2.199999999999999 2489.2216679816165 48.08293010756713
2.299999999999999 2483.7265824753727 47.01127250207736
2.399999999999999 2483.5303038304305 46.10940829986442
2.499999999999999 2481.4834340702787 45.869483461542615
2.599999999999999 2480.2613107676602 48.11691734603209
2.6999999999999993 2481.5578987758286 46.891110357497205
2.7999999999999994 2479.0547056776713 45.25688322783226
2.8999999999999995 2479.0566648246017 46.112207978431876
2.9999999999999996 2476.7779371719716 46.90951224539529
3.0999999999999996 2477.542856881825 45.96098259912134
3.1999999999999997 2475.1673950846075 46.62231842390179
3.3 2471.2796887726768 47.50131136121783
3.4 2470.1392210055355 47.83013511471029
3.5 2471.9784661278136 45.969345787503116
3.6 2467.6568871205604 48.24939250990223
3.7 2465.505598119936 49.321685274222645
3.8000000000000003 2466.2353560876145 47.50342563132389
3.9000000000000004 2467.238119104024 49.030529540860165
4.0 2462.429896578392 48.03814522505354
