# Rounds: 500, repetitions: 1000
# Good arm ~ N(5.0,5.0), 1 bad arm(s) ~ N(4.3,5.0)
# Observation noise range from 0.5 to 4.0 with step size 0.1

# Observation noise | mean | standard deviation

0.5 2348.6777528865077 204.34044688093206
0.6 2356.317420969054 199.50823201880837
0.7 2357.8221185934162 199.12248755201026
0.7999999999999999 2366.3014413756196 201.06371060329437
0.8999999999999999 2371.5685475437317 195.71033667728526
0.9999999999999999 2348.2911255412155 199.01862829734117
1.0999999999999999 2365.8754715713635 200.16049400103785
1.1999999999999997 2361.6517017271644 197.0872304941513
1.2999999999999996 2357.168907392832 200.0951632256627
1.3999999999999995 2351.5477611353062 192.31587759746594
1.4999999999999993 2363.1582642203784 196.91840885462128
1.5999999999999992 2360.9684431070514 196.33716344643253
1.699999999999999 2368.832073425229 189.78548493211218
1.799999999999999 2375.8654457051653 185.75288845456797
1.8999999999999988 2373.519622554749 178.67364805865148
1.9999999999999987 2375.1563607019534 181.84349847578198
2.0999999999999988 2361.9197890961364 186.53500582400474
2.199999999999999 2376.654070352316 183.7010605665647
2.299999999999999 2380.408056494774 183.56269618895146
2.399999999999999 2377.79788951877 183.83464898127988
2.499999999999999 2377.571994023019 182.31816172311292
2.599999999999999 2372.009394983893 178.33094202621825
2.6999999999999993 2379.335078709817 175.36088806394193
2.7999999999999994 2378.5364875038986 174.71933779639514
2.8999999999999995 2370.622320277242 170.16510045412087
2.9999999999999996 2375.8096145539103 172.13171988658505
3.0999999999999996 2386.274093914555 166.78388923398714
3.1999999999999997 2384.1406760378413 168.46395305537584
3.3 2375.062027009669 172.91183976879753
3.4 2375.2280770920074 162.84310778126888
3.5 2380.290074384474 166.65416958523537
3.6 2370.3590979164524 158.6691176286271
3.7 2370.991768411549 165.55009496601917
3.8000000000000003 2379.8680458401855 158.32746054624235
3.9000000000000004 2378.117807133532 164.70617660876636
4.0 2385.1401709638544 158.6758218371242
