# Rounds: 500, repetitions: 1000
# Good arm ~ N(5.0,2.0), 1 bad arm(s) ~ N(1.0,2.0)
# Observation noise range from 0.5 to 4.0 with step size 0.1

# Observation noise | mean | standard deviation

0.5 2492.697213414635 82.38702045932213
0.6 2491.4836493215757 91.60989725178698
0.7 2493.9635297827417 81.2027165577073
0.7999999999999999 2498.6558782308753 45.517040194121805
0.8999999999999999 2494.858506741129 53.0330095059485
0.9999999999999999 2496.1004330240717 45.98148056336704
1.0999999999999999 2498.0383896608682 44.64757548891896
1.1999999999999997 2496.4825268563786 44.27243975713113
1.2999999999999996 2497.0349344280226 43.924473401129084
1.3999999999999995 2495.53728203162 47.13376543161033
1.4999999999999993 2496.0805346072048 45.787501571052864
1.5999999999999992 2492.2175166784805 45.172861403796176
1.699999999999999 2493.800927546899 48.37283393903592
1.799999999999999 2493.3951162384096 44.444293917285556
1.8999999999999988 2492.10287645632 45.246363615556234
1.9999999999999987 2490.3867910578633 46.24300841351109
2.0999999999999988 2490.9932900247095 44.815345566256
2.199999999999999 2487.816066517382 44.73234988459697
2.299999999999999 2487.8146156823695 46.05611505559554
2.399999999999999 2489.117215483434 46.97243879602969
2.499999999999999 2488.55129503091 44.83131181970187
2.599999999999999 2485.5401698588653 44.977464266643224
2.6999999999999993 2486.6222772012125 46.94074977917914
2.7999999999999994 2484.21736844072 45.52408349639947
2.8999999999999995 2482.7672144861062 45.16770707216094
2.9999999999999996 2482.2321889947398 45.0831068254847
3.0999999999999996 2482.6475612004097 46.14162002257749
3.1999999999999997 2481.63030829158 45.409803032733954
3.3 2479.0749760858866 46.88335752546324
3.4 2476.4738053592328 47.81080020735462
3.5 2472.867035909257 45.94274421439201
3.6 2474.5045730742763 44.83250288365125
3.7 2475.0083821659437 44.283747893842204
3.8000000000000003 2475.6559011589407 46.507075397019115
3.9000000000000004 2469.4103388911976 47.267349542690944
4.0 2471.3920687903224 47.22237196845503
