# Rounds: 500, repetitions: 1000
# Good arm ~ N(5.0,3.0), 1 bad arm(s) ~ N(0.8,3.0)
# Observation noise range from 0.5 to 4.0 with step size 0.1

# Observation noise | mean | standard deviation

0.5 2457.4639194255064 274.5209082279446
0.6 2450.575020794367 298.0597161903223
0.7 2472.7520333342018 217.57000121810813
0.7999999999999999 2462.946680033381 242.12107553645475
0.8999999999999999 2476.3833722202617 188.12815361728914
0.9999999999999999 2481.3865802899445 167.57216468095314
1.0999999999999999 2483.946163045516 127.48808023718215
1.1999999999999997 2485.0441653980047 121.77318280979812
1.2999999999999996 2481.53272496521 123.1137751627166
1.3999999999999995 2487.3571042312583 108.48904636272167
1.4999999999999993 2490.812161952738 70.75761005103632
1.5999999999999992 2488.080723524918 94.62752413404505
1.699999999999999 2492.2771589685635 69.96231936579841
1.799999999999999 2491.0184595561846 65.58808658044006
1.8999999999999988 2495.919734763674 67.28459964049966
1.9999999999999987 2491.015373844206 67.58900550900353
2.0999999999999988 2487.1358282330584 68.42462088035407
2.199999999999999 2484.382093697527 68.62561966324485
2.299999999999999 2483.112085604149 66.96687627523286
2.399999999999999 2484.4748352960387 67.9437704465242
2.499999999999999 2486.0585335530873 67.1473624077996
2.599999999999999 2485.8573842297 68.2569395908363
2.6999999999999993 2482.3971928882065 67.94155220493292
2.7999999999999994 2484.5603969232334 69.64186656799042
2.8999999999999995 2479.9397634291786 65.80416868973468
2.9999999999999996 2483.6965555567494 66.68396748158936
3.0999999999999996 2481.3002838815733 71.84525332397277
3.1999999999999997 2474.643246178934 65.51088828433637
3.3 2476.1526448792483 67.88839104358892
3.4 2474.5040413525417 64.69747941334117
3.5 2473.444307874504 66.04033097273128
3.6 2472.532184450343 68.43418751678072
3.7 2471.6289794833483 67.75984646253431
3.8000000000000003 2469.2832623952445 68.52589310845217
3.9000000000000004 2471.1391863755102 69.32634852724635
4.0 2470.040681124673 71.0055319414916
