# Rounds: 500, repetitions: 1000
# Good arm ~ N(5.0,4.0), 1 bad arm(s) ~ N(2.6,4.0)
# Observation noise range from 0.5 to 4.0 with step size 0.1

# Observation noise | mean | standard deviation

0.5 2302.1816232231604 440.4721491286526
0.6 2318.5469855012425 430.3711174276544
0.7 2317.021935671315 420.3895170652731
0.7999999999999999 2332.889303251407 407.40483613642436
0.8999999999999999 2337.001039571461 397.10660805249563
0.9999999999999999 2344.0262952809844 383.29578322182823
1.0999999999999999 2340.4807042065536 388.02738520055345
1.1999999999999997 2365.415358370425 350.910974491312
1.2999999999999996 2385.457289334561 325.5712090547506
1.3999999999999995 2398.8734066606403 297.51970951832243
1.4999999999999993 2400.0156938595705 292.3199793271062
1.5999999999999992 2420.254946600199 254.04101027905705
1.699999999999999 2430.646476126472 251.162382405189
1.799999999999999 2418.339625508962 251.4032848088827
1.8999999999999988 2442.852839606754 199.63400587981064
1.9999999999999987 2443.441028349838 192.19667721857317
2.0999999999999988 2440.949410929791 190.13426712426227
2.199999999999999 2442.2250527423594 190.46732469168424
2.299999999999999 2443.7419611790756 186.13246968610989
2.399999999999999 2456.368807295632 155.42943121146158
2.499999999999999 2459.3665188261803 117.42141681056057
2.599999999999999 2450.9205300434605 143.77584045800089
2.6999999999999993 2453.516083233239 142.79115922343135
2.7999999999999994 2459.3680959673356 115.31833733642296
2.8999999999999995 2460.191666242212 114.9672130811213
2.9999999999999996 2458.971658486381 107.5753551865079
3.0999999999999996 2455.054022343145 127.04515169255785
3.1999999999999997 2455.266028484161 125.72937761209097
3.3 2456.7816220828718 114.71971636065756
3.4 2458.9989363392683 101.11285276184505
3.5 2447.5436843363887 112.00078191478111
3.6 2454.1354656396948 108.54681789033691
3.7 2455.7997293218436 100.29326785091445
3.8000000000000003 2453.0018991114257 103.36364046331501
3.9000000000000004 2450.392410460399 103.845026493899
4.0 2451.849849448526 102.39337890652185
