# Rounds: 500, repetitions: 1000
# Good arm ~ N(5.0,2.0), 1 bad arm(s) ~ N(4.5,2.0)
# Observation noise range from 0.1 to 10.0 with step size 0.1

# Observation noise | mean | standard deviation

0.1 2412.0969818721815 124.76143308585317
0.2 2419.4955631965154 122.8322649678149
0.30000000000000004 2417.4797847677605 120.29634527538313
0.4000000000000001 2420.7558429982237 121.00620686690921
0.5000000000000001 2423.700584460477 119.51269802712133
0.6000000000000001 2427.7346816699846 114.75445248709201
0.7000000000000001 2431.2230955017667 110.40102401629139
0.8 2436.7435903745964 108.77236144456053
0.9 2442.5451709691197 101.81702353001339
1.0 2444.4025782164213 97.53569308675768
1.1 2442.7714816501766 96.98020927330656
1.2000000000000002 2444.1701813374957 94.41103792747653
1.3000000000000003 2451.0463501101713 88.38465381021882
1.4000000000000004 2444.8000325702474 87.56995451659866
1.5000000000000004 2452.755744553301 80.15853015590015
1.6000000000000005 2451.6523915258745 80.86810657694312
1.7000000000000006 2451.898046408151 73.21618825786379
1.8000000000000007 2451.713314535884 75.57082702291402
1.9000000000000008 2448.6218333399142 70.00540287635991
2.000000000000001 2451.6394463034035 70.62892184200763
2.100000000000001 2450.919267207797 68.8338940335181
2.200000000000001 2448.0070688458763 67.7742243706564
2.300000000000001 2446.696969705724 67.29417797648483
2.4000000000000012 2445.419957293397 66.48718149357734
2.5000000000000013 2440.52705242507 66.753626850539
2.6000000000000014 2439.326051219842 66.72605483864886
2.7000000000000015 2443.944092552752 64.54176805594223
2.8000000000000016 2436.5793570265587 65.50037510460028
2.9000000000000017 2438.0195697572726 63.28920193932465
3.0000000000000018 2439.9888467293063 62.747681273607704
3.100000000000002 2428.6090134923625 63.47592279220823
3.200000000000002 2433.607997212655 62.64892575426888
3.300000000000002 2431.409488211503 62.82600783700537
3.400000000000002 2424.979742715059 62.730541498785534
3.500000000000002 2427.9115113839466 64.26857234238646
3.6000000000000023 2424.453605321159 60.81224802715433
3.7000000000000024 2423.0458049147087 60.54860991064724
3.8000000000000025 2422.9435459050933 61.1630113620254
3.9000000000000026 2419.251619333633 61.753608654707094
4.000000000000003 2415.5049175457016 61.008397554926184
4.100000000000003 2416.4609925417353 60.112390520378995
4.200000000000004 2410.8770680074276 60.86194502962883
4.300000000000004 2414.1134562713214 61.78975859357909
4.400000000000005 2410.105409733565 57.53578664384047
4.500000000000005 2409.542372821568 57.7952813013492
4.600000000000006 2404.6083952317717 61.40870856159459
4.700000000000006 2405.925226566859 58.18366554654091
4.800000000000007 2406.6616927268597 58.96989018670731
4.9000000000000075 2405.189812787461 59.03438348123081
5.000000000000008 2401.6885891673087 59.99295574861158
5.1000000000000085 2404.1247106065643 59.979964926334816
5.200000000000009 2399.932828290151 55.326944568009225
5.30000000000001 2397.78802534524 57.24654966792594
5.40000000000001 2397.3259328766085 55.38759635355419
5.500000000000011 2398.8526886756235 58.00536986900612
5.600000000000011 2391.9706606878067 56.40368893769076
5.700000000000012 2394.049781177276 58.04328305741903
5.800000000000012 2389.855358314529 56.447697693847125
5.900000000000013 2393.2052618264106 58.61784183645358
6.000000000000013 2391.4455381064417 56.07839987876898
6.100000000000014 2384.4226225019006 56.60974532592045
6.200000000000014 2388.276595950485 56.57251854849947
6.300000000000015 2383.4101331049924 55.93207097633999
6.4000000000000155 2384.2710731687384 55.18234959728649
6.500000000000016 2382.848341299385 56.75184122900632
6.6000000000000165 2379.0818049824693 55.497567435482914
6.700000000000017 2382.122821923424 54.20167342262879
6.800000000000018 2378.932706595761 53.87607678970709
6.900000000000018 2380.233992568521 54.90312989956209
7.000000000000019 2378.559849913504 55.49070411666476
7.100000000000019 2378.580063847852 53.40698739217372
7.20000000000002 2378.2133170443135 56.075021227223225
7.30000000000002 2374.9144425661707 53.17023559913363
7.400000000000021 2373.860957053669 55.05101238867497
7.500000000000021 2374.6970421642222 53.33455623686683
7.600000000000022 2374.273500689491 54.64557638173804
7.700000000000022 2374.160656865645 51.913199546514775
7.800000000000023 2370.104521531471 53.30942825276177
7.9000000000000234 2369.1621693290963 55.25154687877155
8.000000000000025 2372.4441441637246 54.11842503982283
8.100000000000026 2368.755253965493 51.43419306067256
8.200000000000028 2365.7003041129306 51.262027742397336
8.30000000000003 2366.4730124217117 51.78882389564372
8.40000000000003 2365.1020854950466 52.66088461495961
8.500000000000032 2364.3185393015474 51.786351209346435
8.600000000000033 2362.585765640145 51.56816123568064
8.700000000000035 2363.0386253742554 49.514040862860675
8.800000000000036 2360.2828534487594 49.57543698187008
8.900000000000038 2362.2216809902147 48.95118570693452
9.000000000000039 2363.2700625896464 51.64239520627936
9.10000000000004 2363.483616374925 52.237394333368755
9.200000000000042 2362.2332225291425 51.67716245933179
9.300000000000043 2359.439776013637 50.765570446075714
9.400000000000045 2359.3480855207513 50.9909194751394
9.500000000000046 2357.3760334113217 49.60544107409797
9.600000000000048 2358.3959747774875 47.783039384823276
9.700000000000049 2357.020237552144 50.66402000737324
9.80000000000005 2358.4628853140484 51.7618461550834
9.900000000000052 2354.982238552565 51.55534584900883
10.000000000000053 2354.9956297896847 48.726981889383104
