# Rounds: 500, repetitions: 1000
# Good arm ~ N(5.0,1.0), 1 bad arm(s) ~ N(4.7,1.0)
# Observation noise range from 0.5 to 4.0 with step size 0.1

# Observation noise | mean | standard deviation

0.5 2477.281235926728 50.24106116623972
0.6 2476.515433913057 48.29913680561559
0.7 2480.3681442138814 40.87215285792518
0.7999999999999999 2480.223361089706 38.76657356305187
0.8999999999999999 2479.6838608328694 36.98215056072213
0.9999999999999999 2480.9633384082304 36.128331275271734
1.0999999999999999 2478.07088303899 33.3172407790197
1.1999999999999997 2476.7460826938504 31.214415250747233
1.2999999999999996 2475.28481008197 30.444777275335667
1.3999999999999995 2472.2478068509836 31.47898136509948
1.4999999999999993 2472.06309912196 29.9805131750805
1.5999999999999992 2469.499097555711 31.55588056415303
1.699999999999999 2467.6224528412113 30.838044509384495
1.799999999999999 2467.576750320543 31.05771595266184
1.8999999999999988 2464.2753192713576 30.626657350072698
1.9999999999999987 2461.607579332662 29.13275136879373
2.0999999999999988 2457.868090111368 30.238485149523715
2.199999999999999 2457.044772384633 30.036130606043926
2.299999999999999 2454.774606712323 30.03599759212482
2.399999999999999 2455.237527175307 28.815694015229706
2.499999999999999 2455.1705075934574 28.40837901880228
2.599999999999999 2452.463611061542 29.002743624816084
2.6999999999999993 2449.6069225066253 28.964305958808204
2.7999999999999994 2446.8148849847717 28.254858576194877
2.8999999999999995 2448.220324002094 28.161345543504872
2.9999999999999996 2445.5430942464127 29.137192288911216
3.0999999999999996 2447.134167909069 28.45435178986557
3.1999999999999997 2444.7695986839744 27.30491833451641
3.3 2442.0633552271183 27.659393417153808
3.4 2441.4663951979005 28.097826381074768
3.5 2440.637041994787 28.24087311162595
3.6 2438.8859510522975 27.208986557602117
3.7 2438.225920799063 27.404281957142235
3.8000000000000003 2437.013149936176 27.111044356682935
3.9000000000000004 2435.3549910187926 28.16542432938028
4.0 2434.2233422964737 28.011326534758513
