# Rounds: 10000, repetitions: 1000
# Good arm ~ N(5.0,3.0), 1 bad arm(s) ~ N(1.0,3.0)
# Observation noise range from 0.5 to 4.0 with step size 0.1

# Observation noise | mean | standard deviation

0.5 49346.06598364222 4848.435016692842
0.6 49389.74830085178 4602.447668039341
0.7 49476.69819525886 4213.405800385017
0.7999999999999999 49626.121441706884 3634.4342592723706
0.8999999999999999 49844.38690000046 2213.2399040528207
0.9999999999999999 49849.63204181951 1980.8203739434393
1.0999999999999999 49906.44692501452 1515.3242886112598
1.1999999999999997 49983.14062718854 371.71128725448875
1.2999999999999996 49920.33481131245 1321.1623780347904
1.3999999999999995 49968.52490512306 307.2114383250577
1.4999999999999993 49997.072294463134 295.8936396545713
1.5999999999999992 49986.99164894348 344.8079942380997
1.699999999999999 49994.69712617685 304.84236010894256
1.799999999999999 49992.23284547583 305.63055733692903
1.8999999999999988 49972.79808688526 296.13518461616366
1.9999999999999987 49983.34760052072 306.08251178401076
2.0999999999999988 50006.81053975263 314.5620245632615
2.199999999999999 49992.185668529455 290.07874757799783
2.299999999999999 49976.1052258815 297.73982719392257
2.399999999999999 49977.35817529622 299.6174108952777
2.499999999999999 49978.49563157877 300.4189371331157
2.599999999999999 49972.85141340884 306.4949195263308
2.6999999999999993 49969.11581321462 296.22630467385125
2.7999999999999994 49960.613784680194 302.69894240416113
2.8999999999999995 49978.51852478573 296.1935678519757
2.9999999999999996 49965.916692736915 307.59774160730564
3.0999999999999996 49979.5004497893 312.4429399278038
3.1999999999999997 49980.22102781126 302.49663644916967
3.3 49967.053187454716 302.40018493455045
3.4 49977.35494138507 300.68651864849954
3.5 49962.04361162399 296.25357517914205
3.6 49956.77785631582 294.1875593259901
3.7 49957.61264587336 291.5111430394742
3.8000000000000003 49967.52761402636 310.50610259551024
3.9000000000000004 49949.56500288615 292.49678913950646
4.0 49958.1806781 304.7186359698539
