# Rounds: 10000, repetitions: 1000
# Good arm ~ N(5.0,0.0), 1 bad arm(s) ~ N(3.4,0.0)
# Observation noise range from 0.5 to 4.0 with step size 0.1

# Observation noise | mean | standard deviation

0.5 49998.8688 5.046401959093392
0.6 49998.48479999998 5.033446587036419
0.7 49997.55040000001 4.978377655830968
0.7999999999999999 49996.69919999993 4.82227889422965
0.8999999999999999 49995.69600000005 4.048720308459826
0.9999999999999999 49994.457600000045 4.015450919397244
1.0999999999999999 49992.9536 3.9728113811599544
1.1999999999999997 49991.58560000002 3.1696433993877333
1.2999999999999996 49989.98720000001 3.1598323849057643
1.3999999999999995 49988.2528 2.791509391831536
1.4999999999999993 49986.499200000006 2.7929410806314707
1.5999999999999992 49984.47679999994 2.3115200377424165
1.699999999999999 49982.4576 2.1231462479039105
1.799999999999999 49980.26400000003 2.355081826690567
1.8999999999999988 49977.9504 2.1037979479507505
1.9999999999999987 49975.63359999996 2.9684748412072928
2.0999999999999988 49973.1888 2.435151848349981
2.199999999999999 49970.68640000007 2.317063621012652
2.299999999999999 49968.04800000004 2.496415047239579
2.399999999999999 49965.43360000003 2.633090238521863
2.499999999999999 49962.66879999999 2.72895469983446
2.599999999999999 49960.01759999998 2.6531810359647996
2.6999999999999993 49957.03840000002 2.68028904959555
2.7999999999999994 49954.04799999998 2.9504170825419758
2.8999999999999995 49951.046400000065 2.9995940733035478
2.9999999999999996 49948.150399999984 3.1446826340445124
3.0999999999999996 49944.69279999998 3.161788270118292
3.1999999999999997 49941.43360000004 3.260119540662684
3.3 49938.15040000005 3.256769317341545
3.4 49934.83519999999 3.529535178825659
3.5 49931.62400000001 3.668733242359519
3.6 49927.9392 3.6659490643666426
3.7 49924.59519999997 3.6703362691063863
3.8000000000000003 49921.06720000005 3.8313134984115407
3.9000000000000004 49917.312000000056 3.9240762447182753
4.0 49913.719999999994 3.9870862615254588
