# Rounds: 10000, repetitions: 1000
# Good arm ~ N(5.0,3.0), 1 bad arm(s) ~ N(4.1,3.0)
# Observation noise range from 0.5 to 4.0 with step size 0.1

# Observation noise | mean | standard deviation

0.5 47631.725931028675 3919.448935313499
0.6 48016.73352004437 3660.5255326171214
0.7 48103.47452516037 3603.068545710386
0.7999999999999999 48518.90447562626 3238.4034297275243
0.8999999999999999 48501.84610191886 3214.3313222291645
0.9999999999999999 48696.32014459956 2987.4445059803115
1.0999999999999999 48779.70592685391 2912.2972164176076
1.1999999999999997 49016.560143847906 2611.7586317198525
1.2999999999999996 49158.79568277581 2399.490585519785
1.3999999999999995 49305.80932708465 2103.679147557348
1.4999999999999993 49454.59885089225 1845.5584736570743
1.5999999999999992 49638.20478983498 1425.8175389575194
1.699999999999999 49678.81529221777 1356.753342474118
1.799999999999999 49687.20934056692 1296.663509613359
1.8999999999999988 49754.523395809345 1155.5367139532163
1.9999999999999987 49763.79301032933 1025.7934351760973
2.0999999999999988 49761.801703545716 1029.7495460579971
2.199999999999999 49830.189935552975 873.6576635280765
2.299999999999999 49858.79531158925 723.6310816579773
2.399999999999999 49866.59195069277 700.2068360042504
2.499999999999999 49871.077928129416 506.24286999752957
2.599999999999999 49885.0335070873 388.95670626608245
2.6999999999999993 49892.22931338202 405.05451687452927
2.7999999999999994 49897.87476523026 347.21857154332673
2.8999999999999995 49909.856245404764 327.7872930321153
2.9999999999999996 49887.765574071585 342.92036937305835
3.0999999999999996 49890.05840432558 330.17274577014797
3.1999999999999997 49867.30843728691 348.3707676902814
3.3 49883.41921831631 317.06019672893177
3.4 49880.42970880773 319.070489240932
3.5 49873.461309773906 307.69743557372385
3.6 49848.723684242905 310.56907035242733
3.7 49855.17461414933 388.6864949014737
3.8000000000000003 49870.22444343049 322.59801791815477
3.9000000000000004 49844.37793633939 319.33387276849226
4.0 49860.72520204683 316.5729528405154
