# Rounds: 10000, repetitions: 1000
# Good arm ~ N(5.0,2.0), 1 bad arm(s) ~ N(2.0,2.0)
# Observation noise range from 0.5 to 4.0 with step size 0.1

# Observation noise | mean | standard deviation

0.5 49793.96975877068 2356.5681225301064
0.6 49851.64579238978 1914.8629908040755
0.7 49921.44687420698 1420.0973494748362
0.7999999999999999 49948.441607628425 995.6370257738661
0.8999999999999999 49955.57833802335 981.7862822593421
0.9999999999999999 49979.12617649608 207.61231975412318
1.0999999999999999 49984.65156524721 208.4314901885329
1.1999999999999997 49998.90459559527 216.61727685152445
1.2999999999999996 49992.93520799977 202.48517091036368
1.3999999999999995 49977.41580192947 198.63835294074718
1.4999999999999993 49992.09409147736 204.48354157326247
1.5999999999999992 49990.913674030904 199.6598123429063
1.699999999999999 49982.54655792243 195.19854568024024
1.799999999999999 49990.211220301164 204.86866763875253
1.8999999999999988 49985.82431223156 205.66369256115513
1.9999999999999987 49991.2090775331 203.77393318186026
2.0999999999999988 49977.720595298604 204.38682296583835
2.199999999999999 49976.608680669764 194.44216032404793
2.299999999999999 49974.19612147829 203.15271667261757
2.399999999999999 49977.078896719 203.8953763706348
2.499999999999999 49976.282146908234 203.46202278871388
2.599999999999999 49969.181682778006 202.2359499423501
2.6999999999999993 49972.882777347266 204.67792070498396
2.7999999999999994 49971.34365543077 205.91922841460627
2.8999999999999995 49975.65207726728 206.38663194237353
2.9999999999999996 49965.9310020847 201.4476569904914
3.0999999999999996 49955.58388268981 201.0948815012684
3.1999999999999997 49967.74024794767 196.57206798229274
3.3 49961.04970051378 193.38787850500194
3.4 49957.72955600184 195.59574858938396
3.5 49963.8336225687 198.98300805993918
3.6 49948.022782607084 198.28443105343138
3.7 49941.64417355036 202.44097609224175
3.8000000000000003 49950.732807302855 207.0703903143189
3.9000000000000004 49941.00230467405 203.8449690059606
4.0 49950.29410318755 200.24306078224188
