# Rounds: 10000, repetitions: 1000
# Good arm ~ N(5.0,4.0), 1 bad arm(s) ~ N(3.6,4.0)
# Observation noise range from 0.5 to 4.0 with step size 0.1

# Observation noise | mean | standard deviation

0.5 46668.01463363212 5939.281816182894
0.6 46576.50258688893 5975.127495267622
0.7 47210.466481918374 5526.642594150186
0.7999999999999999 46961.47488449357 5712.154677958627
0.8999999999999999 47769.565116431695 4994.9620333779185
0.9999999999999999 47644.697006452545 5145.13123813968
1.0999999999999999 47804.61982904492 4915.355669541706
1.1999999999999997 48293.40573216999 4339.494501745915
1.2999999999999996 48101.27340346267 4554.917723846182
1.3999999999999995 48605.89330468986 3949.087140093192
1.4999999999999993 48671.843950514594 3811.8370699690004
1.5999999999999992 48711.22912269963 3717.84450479175
1.699999999999999 49115.395773839446 3111.7156478778074
1.799999999999999 49130.835466611556 2992.354492212019
1.8999999999999988 49316.76941151835 2632.025196989921
1.9999999999999987 49512.24118612641 2192.7059240807316
2.0999999999999988 49566.76179817807 1957.7496354514865
2.199999999999999 49465.41063993251 2248.873367736541
2.299999999999999 49692.2509162282 1570.3391506874814
2.399999999999999 49736.8416645184 1268.6729294671602
2.499999999999999 49799.90179781923 1126.9971289458044
2.599999999999999 49792.67865285825 1087.7568054540218
2.6999999999999993 49827.654138606624 1106.8349705745711
2.7999999999999994 49873.94617962221 618.124631961199
2.8999999999999995 49883.3449585671 654.9724439315124
2.9999999999999996 49844.91314287898 683.0284013394287
3.0999999999999996 49888.78156621123 630.746804567088
3.1999999999999997 49890.17713074557 585.8489725405879
3.3 49897.50218653006 696.9249736592639
3.4 49853.953870812016 639.7450148337527
3.5 49881.35001085202 420.9755202046638
3.6 49914.166114665866 429.1806037249418
3.7 49896.14654676139 404.8685614008751
3.8000000000000003 49873.614833774795 432.0662315337855
3.9000000000000004 49876.16632422292 415.4065704972845
4.0 49850.53252119169 611.1821025062839
