# Rounds: 10000, repetitions: 1000
# Good arm ~ N(5.0,2.0), 1 bad arm(s) ~ N(2.3,2.0)
# Observation noise range from 0.5 to 4.0 with step size 0.1

# Observation noise | mean | standard deviation

0.5 49706.04167486832 2621.412437497738
0.6 49803.6171427998 2255.944719068088
0.7 49800.81146239598 2133.4431660628807
0.7999999999999999 49950.0019550516 907.2551011174631
0.8999999999999999 49957.74276138432 862.1691024224905
0.9999999999999999 49991.37775756841 213.3097632518664
1.0999999999999999 49982.520182814784 211.33445202499374
1.1999999999999997 49992.657575110694 198.50251531309448
1.2999999999999996 49986.94226922656 200.41343106322813
1.3999999999999995 49982.864068040406 198.73951147151823
1.4999999999999993 49988.63782540396 202.06482597632535
1.5999999999999992 49988.74639825516 201.98435476772795
1.699999999999999 49984.5931662828 194.350296847569
1.799999999999999 49993.77097743181 198.6817401856863
1.8999999999999988 49991.155631435235 199.78305217115772
1.9999999999999987 49975.69362383449 199.40248875049906
2.0999999999999988 49986.45729592059 199.8726993202332
2.199999999999999 49979.24176773098 193.09760834306343
2.299999999999999 49976.950244666004 195.30187506074728
2.399999999999999 49974.04468270152 196.7834844476426
2.499999999999999 49970.615445327414 201.23555666038203
2.599999999999999 49969.12428418282 208.62687957393067
2.6999999999999993 49963.66278914848 203.7588808268136
2.7999999999999994 49971.2042476894 209.5153651376621
2.8999999999999995 49960.89310029419 203.75565978428457
2.9999999999999996 49973.276848151705 197.87469194623384
3.0999999999999996 49968.71270012547 198.66243863440226
3.1999999999999997 49961.40034106933 203.62355662622514
3.3 49967.90772814031 195.22001553076018
3.4 49961.04316610943 207.0013306715482
3.5 49943.571437895254 205.14192104739837
3.6 49948.23536779704 199.78665352744486
3.7 49944.802521231955 200.41729345077152
3.8000000000000003 49945.94659968213 194.45031464866042
3.9000000000000004 49952.087928352645 199.2333142890099
4.0 49935.45067900421 200.11519537862864
