# Rounds: 10000, repetitions: 1000
# Good arm ~ N(5.0,3.0), 1 bad arm(s) ~ N(3.1,3.0)
# Observation noise range from 0.5 to 4.0 with step size 0.1

# Observation noise | mean | standard deviation

0.5 47809.308212144744 5945.268876509104
0.6 47919.60248320797 5804.975098283119
0.7 48524.96119858091 4931.578518900578
0.7999999999999999 48719.14626931296 4554.579077819997
0.8999999999999999 49051.360236814005 3907.4093479365874
0.9999999999999999 48983.76052058255 4053.2030635382266
1.0999999999999999 49057.44106613392 3872.6747972560843
1.1999999999999997 49371.0274942538 3038.168182180759
1.2999999999999996 49626.12892760799 2429.0349997936155
1.3999999999999995 49793.25878600965 1655.3560434204285
1.4999999999999993 49809.29104674262 1292.6084247579145
1.5999999999999992 49775.142877802384 1583.8028409947651
1.699999999999999 49897.19606534184 875.2129927322161
1.799999999999999 49926.26556728023 716.3548202703977
1.8999999999999988 49936.79079085326 359.4254104598421
1.9999999999999987 49935.95601827025 369.5048036563196
2.0999999999999988 49930.310940516974 677.2797568968624
2.199999999999999 49949.75924489914 322.16744426986935
2.299999999999999 49956.3781379838 326.71133744619146
2.399999999999999 49962.402708684516 320.14874978818705
2.499999999999999 49957.215981799425 318.9989623347836
2.599999999999999 49955.27179717929 302.0080031620824
2.6999999999999993 49951.27803090541 321.834403615523
2.7999999999999994 49957.926400682474 302.4055912316411
2.8999999999999995 49938.3287124627 301.0838844029939
2.9999999999999996 49943.08132281548 305.6255404504211
3.0999999999999996 49945.84084745256 293.9376585981935
3.1999999999999997 49934.943772660925 300.31138532858336
3.3 49945.47483652408 287.78061371028184
3.4 49933.20240047603 305.4130644227588
3.5 49944.88849459358 307.5003541190385
3.6 49939.20772389753 298.9919673314101
3.7 49918.05501293215 289.40694188719755
3.8000000000000003 49939.61525571956 304.2100390784071
3.9000000000000004 49925.029992813834 295.096666087158
4.0 49922.24589663211 301.0203955406913
