# Rounds: 10000, repetitions: 1000
# Good arm ~ N(5.0,2.0), 1 bad arm(s) ~ N(0.3,2.0)
# Observation noise range from 0.5 to 4.0 with step size 0.1

# Observation noise | mean | standard deviation

0.5 49960.23211295406 1500.8724049038954
0.6 49954.56505046701 1496.690077897506
0.7 49997.72886308023 195.7569926960736
0.7999999999999999 49999.450089942584 199.78048393067309
0.8999999999999999 49987.74496578041 204.37147653307187
0.9999999999999999 49995.47089953311 207.10060302894266
1.0999999999999999 49985.43367388107 202.6419520689639
1.1999999999999997 50000.78129353932 201.24069534613787
1.2999999999999996 49993.07691493323 198.01018982769662
1.3999999999999995 49996.94858477195 198.0382889688907
1.4999999999999993 49988.02317178171 205.0793434734973
1.5999999999999992 49996.51135485765 195.80915996377155
1.699999999999999 49992.190333129794 197.1910767532558
1.799999999999999 49995.5946909566 206.21158137203534
1.8999999999999988 49981.50283843864 206.50457199425503
1.9999999999999987 49985.09528612009 200.5276850799462
2.0999999999999988 49982.02991075544 202.2508494210749
2.199999999999999 49989.990872145085 196.60416615548064
2.299999999999999 49989.94793796754 193.38984034902796
2.399999999999999 49978.86300640252 205.81576175094426
2.499999999999999 49981.873950599984 203.4512385306039
2.599999999999999 49983.77826874404 198.5559268713904
2.6999999999999993 49980.42448539826 193.6593406091142
2.7999999999999994 49978.57221659109 192.6880368388567
2.8999999999999995 49983.078177640564 206.45867217681166
2.9999999999999996 49976.015198383284 203.2765111154774
3.0999999999999996 49978.3340859281 195.76615189068465
3.1999999999999997 49977.298722399646 194.55901948609264
3.3 49968.82120505056 202.4543018287859
3.4 49969.90623817871 199.007458844118
3.5 49973.48953348395 204.4660601846999
3.6 49973.926748796956 204.32678894614244
3.7 49967.164902805205 203.0221674705696
3.8000000000000003 49966.8161455449 200.99779843978095
3.9000000000000004 49963.55383569329 200.5483753077061
4.0 49957.956419923976 204.82256603213233
