# Rounds: 10000, repetitions: 1000
# Good arm ~ N(5.0,1.0), 1 bad arm(s) ~ N(1.9,1.0)
# Observation noise range from 0.5 to 4.0 with step size 0.1

# Observation noise | mean | standard deviation

0.5 49998.996211935235 101.67927945337107
0.6 49998.05970496026 101.03933039991814
0.7 49995.25233278025 97.34185459962981
0.7999999999999999 50002.009547637026 104.68266137884912
0.8999999999999999 49998.29783767878 98.44380972515694
0.9999999999999999 50001.554648608486 100.78802626169991
1.0999999999999999 49990.06157821692 104.31034375387547
1.1999999999999997 49994.25889401826 98.62090575683003
1.2999999999999996 49995.66795493519 104.57731122293859
1.3999999999999995 49996.229760313174 97.64483111427964
1.4999999999999993 49992.71999258969 96.84571415556829
1.5999999999999992 49985.03906355484 103.37251750752131
1.699999999999999 49987.14362343237 96.86493429243387
1.799999999999999 49985.98934957269 100.32380584482554
1.8999999999999988 49992.018821615624 103.50717212040134
1.9999999999999987 49984.94834319334 98.0076552272328
2.0999999999999988 49988.50314608603 100.44285944268212
2.199999999999999 49980.78400017077 102.76764196825197
2.299999999999999 49988.4414710558 99.86489018244704
2.399999999999999 49981.66499105909 99.72109834830631
2.499999999999999 49984.24584312459 101.81825166528148
2.599999999999999 49979.39043826349 101.88173486587696
2.6999999999999993 49973.243885911 96.16829673938719
2.7999999999999994 49969.98142562244 101.08370407157858
2.8999999999999995 49968.692269620005 101.5450346410835
2.9999999999999996 49970.00797452739 97.99601414338015
3.0999999999999996 49962.395219861246 100.5894271194836
3.1999999999999997 49960.54123823447 101.12732770628969
3.3 49962.185795654405 96.5517407531919
3.4 49958.173720366445 97.10633421538917
3.5 49955.00886263397 103.56906256093974
3.6 49964.1622370728 102.44530609648405
3.7 49954.57379145005 105.12842354100457
3.8000000000000003 49950.887212215974 102.5156474047888
3.9000000000000004 49952.21037868852 96.88567704278933
4.0 49947.09982852111 103.28726746541165
