# Rounds: 10000, repetitions: 1000
# Good arm ~ N(5.0,3.0), 1 bad arm(s) ~ N(3.4,3.0)
# Observation noise range from 0.5 to 4.0 with step size 0.1

# Observation noise | mean | standard deviation

0.5 47642.93622282661 5561.705809667537
0.6 47889.601675949096 5315.711988908312
0.7 48413.841608408744 4640.6061176861085
0.7999999999999999 48558.77324288969 4396.23715939909
0.8999999999999999 48397.73075735195 4653.204599983158
0.9999999999999999 49069.86490684274 3568.4507078075035
1.0999999999999999 49053.71197001259 3471.472082134754
1.1999999999999997 49306.64665491962 3005.99262525456
1.2999999999999996 49474.42098283377 2565.887271734502
1.3999999999999995 49516.82332893587 2397.9245641836515
1.4999999999999993 49677.87606395932 1788.28481878257
1.5999999999999992 49839.36467791734 1065.819788979274
1.699999999999999 49797.057515925924 1567.1732838413907
1.799999999999999 49852.94746569771 1097.473325609299
1.8999999999999988 49918.13207443219 783.7824631772869
1.9999999999999987 49928.71346298938 712.1933787528365
2.0999999999999988 49935.34115776682 524.0523832222881
2.199999999999999 49924.494366058374 729.8474956107912
2.299999999999999 49965.68101658669 328.5718968402088
2.399999999999999 49937.917795048364 363.25006372790557
2.499999999999999 49931.61687940291 341.50175634074964
2.599999999999999 49942.73897176119 299.31000369066766
2.6999999999999993 49965.30973363084 318.2246309380092
2.7999999999999994 49955.16897123991 348.33517968222503
2.8999999999999995 49939.70035688553 290.5887140789644
2.9999999999999996 49939.27002722418 302.01646996028086
3.0999999999999996 49950.48925441318 316.9880349509718
3.1999999999999997 49920.43982280203 304.0456803835787
3.3 49923.679199962084 293.7003413804976
3.4 49918.982239006575 301.96152952390497
3.5 49926.63509449202 309.816327129725
3.6 49922.31857865051 315.83743459490773
3.7 49906.655919580844 296.7046564581801
3.8000000000000003 49916.26757655486 303.50969411556196
3.9000000000000004 49915.05422679549 294.043813157346
4.0 49898.488610809196 302.5024197646325
