# Rounds: 10000, repetitions: 1000
# Good arm ~ N(5.0,4.0), 1 bad arm(s) ~ N(4.5,4.0)
# Observation noise range from 0.5 to 4.0 with step size 0.1

# Observation noise | mean | standard deviation

0.5 48039.65711297668 2454.962071586867
0.6 48153.88830293185 2435.305132298353
0.7 47886.55661052182 2477.4301298666855
0.7999999999999999 47983.32676319382 2453.828529933428
0.8999999999999999 48119.58044775011 2405.697984347073
0.9999999999999999 48273.501556089745 2350.217003577039
1.0999999999999999 48329.911854022685 2330.202366107849
1.1999999999999997 48398.10013037918 2306.4640624636377
1.2999999999999996 48494.590480884835 2202.776790644561
1.3999999999999995 48616.14655352582 2135.2699973604153
1.4999999999999993 48873.77332136913 1993.7359921446907
1.5999999999999992 48871.85634738086 1973.5029717149514
1.699999999999999 48794.64352964685 2015.1781700105428
1.799999999999999 49016.08605946836 1866.5971683059215
1.8999999999999988 48990.47303429643 1833.52008124689
1.9999999999999987 49092.95009564787 1741.605454852792
2.0999999999999988 49277.253863263046 1556.5978954654527
2.199999999999999 49298.029507481006 1555.0366309087283
2.299999999999999 49408.906686757044 1368.21807664114
2.399999999999999 49420.156320673435 1357.2668955671377
2.499999999999999 49430.84651984895 1326.9884968605515
2.599999999999999 49479.24057616123 1168.8517182334183
2.6999999999999993 49466.62401432705 1232.6547809702167
2.7999999999999994 49588.15815596991 1046.8613028870045
2.8999999999999995 49598.54931953056 961.9377459507384
2.9999999999999996 49584.377868754804 1011.6956443374669
3.0999999999999996 49606.290991920636 923.0252570823865
3.1999999999999997 49640.9877762614 801.4782234281682
3.3 49626.21635124687 839.2972396693527
3.4 49658.331989926846 783.2598377512453
3.5 49674.4501199621 753.855525435534
3.6 49681.542242419935 674.541260643871
3.7 49684.155962266945 638.7832006700429
3.8000000000000003 49724.94168418062 602.4725088508334
3.9000000000000004 49668.73002353781 671.7626846605243
4.0 49677.11901069705 593.2674207877001
