# Rounds: 10000, repetitions: 1000
# Good arm ~ N(5.0,2.0), 4 bad arm(s) ~ N(2.0,2.0)
# Observation noise range from 0.5 to 4.0 with step size 0.1

# Observation noise | mean | standard deviation

0.5 49643.38926100831 3029.16798437239
0.6 49879.92945727224 1472.632349691136
0.7 49881.995032658386 1442.7818392180832
0.7999999999999999 49934.06741855054 733.488651617579
0.8999999999999999 49948.210829109725 969.78045209195
0.9999999999999999 49962.98335497016 399.3647414628478
1.0999999999999999 49959.713799239296 202.38675989002664
1.1999999999999997 49962.1144941673 203.35518936817087
1.2999999999999996 49953.69546756548 198.75179695318093
1.3999999999999995 49965.75138428886 196.73634112649546
1.4999999999999993 49948.76539314085 193.81168179507546
1.5999999999999992 49947.62803615686 201.87515001929657
1.699999999999999 49940.89865789168 206.23060905848286
1.799999999999999 49932.80852742154 205.19168802600154
1.8999999999999988 49941.51593941729 207.6580247167417
1.9999999999999987 49929.28286268775 202.20610126755818
2.0999999999999988 49931.59968513523 192.8766437392441
2.199999999999999 49929.06886110673 195.78508143457458
2.299999999999999 49916.938651633034 206.3361501855316
2.399999999999999 49905.21262073229 200.61681314969118
2.499999999999999 49908.92841566662 203.46812203441166
2.599999999999999 49893.263343385384 203.47187227487058
2.6999999999999993 49876.43425301813 203.95900492912907
2.7999999999999994 49891.09915103122 203.37517811223032
2.8999999999999995 49881.22503166129 197.6808896447157
2.9999999999999996 49862.16439829819 204.5800704992691
3.0999999999999996 49860.769385970336 199.6403943845607
3.1999999999999997 49847.98534261226 196.70186834419926
3.3 49853.3515742733 205.95549161782674
3.4 49838.588244899795 207.34400692739936
3.5 49827.047771458645 196.02059654892415
3.6 49820.19523562128 203.88262978395747
3.7 49814.663016406696 193.42238375792573
3.8000000000000003 49800.71960838385 207.8072299598153
3.9000000000000004 49810.76803877867 198.80995092476587
4.0 49778.19276716296 211.60070146725278
