# Rounds: 10000, repetitions: 1000
# Good arm ~ N(5.0,5.0), 4 bad arm(s) ~ N(3.7,5.0)
# Observation noise range from 0.5 to 4.0 with step size 0.1

# Observation noise | mean | standard deviation

0.5 43888.87473579262 6461.242149815838
0.6 44321.73843810727 6327.8571471759815
0.7 44053.77024994084 6389.375026561151
0.7999999999999999 45204.45743828113 6135.590295918931
0.8999999999999999 44892.98245282432 6196.175004191486
0.9999999999999999 45176.25712189374 6100.017280464657
1.0999999999999999 46011.96379258157 5753.326458314474
1.1999999999999997 46035.1935152375 5737.348657055483
1.2999999999999996 46314.34011664929 5552.143144641884
1.3999999999999995 46836.87943382887 5267.394069505643
1.4999999999999993 46639.33565172449 5335.46014468012
1.5999999999999992 47128.196829120876 4982.785300436842
1.699999999999999 47550.28566252538 4687.606911303507
1.799999999999999 47835.008970955896 4349.9999697868125
1.8999999999999988 47868.3520543507 4262.515889157315
1.9999999999999987 48232.87487853406 3893.362189536676
2.0999999999999988 48074.02264009938 4030.371376020014
2.199999999999999 48344.97421652457 3707.708741868765
2.299999999999999 48585.73524099023 3361.793335011396
2.399999999999999 48679.051832553916 3227.611742544651
2.499999999999999 48946.98516748604 2756.2903191405994
2.599999999999999 49055.68485599759 2511.645329146791
2.6999999999999993 49117.12398278148 2416.725685326656
2.7999999999999994 49112.20655797703 2363.8141406846266
2.8999999999999995 49098.67547228722 2374.5217382246296
2.9999999999999996 49400.536394630624 1550.3775983258238
3.0999999999999996 49266.648036918275 1913.5437013217422
3.1999999999999997 49407.37397565912 1404.2187980330546
3.3 49376.57924628603 1500.3572919072753
3.4 49466.54537087943 1290.6835479103693
3.5 49361.326529523605 1579.1115069808054
3.6 49438.15984750754 1246.0813698448055
3.7 49477.620797594194 1078.9275017937473
3.8000000000000003 49406.66248901859 1255.0473850909257
3.9000000000000004 49499.97696206044 905.8412383797616
4.0 49499.54665320958 695.756035267647
