# Rounds: 10000, repetitions: 1000
# Good arm ~ N(5.0,2.0), 4 bad arm(s) ~ N(0.0,2.0)
# Observation noise range from 0.5 to 4.0 with step size 0.1

# Observation noise | mean | standard deviation

0.5 49984.05913146412 204.74551095933782
0.6 49980.71013327389 200.14557913045073
0.7 49974.49885862747 202.0691606060049
0.7999999999999999 49983.087357695156 200.11249782477873
0.8999999999999999 49978.513350120375 185.5394607884095
0.9999999999999999 49981.373388664506 194.97698139950143
1.0999999999999999 49968.92322503013 213.38580553747246
1.1999999999999997 49975.81482378549 201.9960662989438
1.2999999999999996 49976.59587241558 193.56180217758273
1.3999999999999995 49971.743508823885 202.12469434019235
1.4999999999999993 49974.709350751276 206.67176922326703
1.5999999999999992 49969.54939329387 195.14896357403737
1.699999999999999 49957.50029598834 199.18212165546092
1.799999999999999 49947.46610615486 198.58883478016762
1.8999999999999988 49951.46794301271 194.49552774366865
1.9999999999999987 49934.85891277701 202.2355683525412
2.0999999999999988 49952.62740250659 206.24549460549943
2.199999999999999 49938.72217858244 200.46042971718316
2.299999999999999 49937.32715465758 207.89175847827028
2.399999999999999 49920.95937030766 190.421242099769
2.499999999999999 49923.95526704449 203.72342956735565
2.599999999999999 49920.794006714925 192.83143081312932
2.6999999999999993 49918.29919790502 191.4346826723589
2.7999999999999994 49914.026170181554 205.9725014979767
2.8999999999999995 49891.30629692156 195.10739438388165
2.9999999999999996 49900.48458156858 200.1650410382213
3.0999999999999996 49894.70956033218 202.93150353018763
3.1999999999999997 49879.53824853009 199.1715220835044
3.3 49881.8125234601 188.61646936388897
3.4 49870.29704143066 203.9694221598232
3.5 49875.352467801 206.43787898200037
3.6 49873.576116488875 194.83052705070682
3.7 49857.47116303834 207.20646065502132
3.8000000000000003 49854.403032833194 203.77019238680447
3.9000000000000004 49840.623074347735 201.08113193518128
4.0 49840.71994451116 202.73354732934618
