# Rounds: 10000, repetitions: 1000
# Good arm ~ N(5.0,3.0), 4 bad arm(s) ~ N(3.2,3.0)
# Observation noise range from 0.5 to 4.0 with step size 0.1

# Observation noise | mean | standard deviation

0.5 46483.58393838642 6934.283279976746
0.6 46939.27473023354 6522.159356258244
0.7 47631.251724876696 5781.112549148309
0.7999999999999999 48175.20573532316 5128.597693586205
0.8999999999999999 48346.153814031284 4825.883573083566
0.9999999999999999 48965.37190108206 3791.847745124666
1.0999999999999999 48809.78300153231 4021.1871579130484
1.1999999999999997 49357.46523492317 2857.70869511091
1.2999999999999996 49410.416853397495 2691.2533459418014
1.3999999999999995 49553.08920573309 2290.2936724985134
1.4999999999999993 49686.8327912377 1566.6132247468038
1.5999999999999992 49674.83189664187 1770.6378190913554
1.699999999999999 49825.05618777742 866.9670377738703
1.799999999999999 49701.105916663866 1668.3545736301292
1.8999999999999988 49818.58700370274 574.9131520103823
1.9999999999999987 49843.382722272574 611.9426123530097
2.0999999999999988 49859.23129227633 482.86705620365444
2.199999999999999 49853.41564003743 317.773708783572
2.299999999999999 49851.31600379487 356.7628128446739
2.399999999999999 49832.029492306676 398.89666386356777
2.499999999999999 49831.391333822394 321.6889370928018
2.599999999999999 49850.660831449575 310.45274949160574
2.6999999999999993 49823.157332743096 317.32341022685256
2.7999999999999994 49825.88321547577 297.2630765347768
2.8999999999999995 49816.56229849803 301.4571082277531
2.9999999999999996 49790.72254283525 310.67353181566324
3.0999999999999996 49784.03030223555 310.73293696272344
3.1999999999999997 49785.117469252036 315.2170795013846
3.3 49765.08384933906 304.36674291867376
3.4 49783.400481513556 304.96792909583405
3.5 49750.092442027235 313.6658669128658
3.6 49737.22384111667 323.3169901963774
3.7 49743.33467257124 312.9534628683119
3.8000000000000003 49726.436369694966 314.1217382810114
3.9000000000000004 49731.14216013766 315.816082516081
4.0 49691.7216293888 307.66762986123155
