# Rounds: 10000, repetitions: 1000
# Good arm ~ N(5.0,5.0), 4 bad arm(s) ~ N(1.1,5.0)
# Observation noise range from 0.5 to 4.0 with step size 0.1

# Observation noise | mean | standard deviation

0.5 43422.56175375428 14429.582456883934
0.6 44498.614064753674 13327.092182836133
0.7 45592.98307930165 12092.567276625512
0.7999999999999999 45332.37684174664 12347.130394615833
0.8999999999999999 46065.22448262402 11270.417408001082
0.9999999999999999 46461.79994196897 10675.197456223861
1.0999999999999999 46870.68800089546 10051.613657382764
1.1999999999999997 47784.71430940565 8429.97858564956
1.2999999999999996 48019.721017334494 8013.411223644438
1.3999999999999995 48626.19580863297 6476.850164525003
1.4999999999999993 48990.76075114536 5349.760802212108
1.5999999999999992 49013.2853701326 5393.492404118519
1.699999999999999 49087.769611480195 5151.651518718705
1.799999999999999 49492.74012514802 3249.2211456670398
1.8999999999999988 49566.4478177826 3090.820173587846
1.9999999999999987 49626.11489823077 2734.5396168745583
2.0999999999999988 49736.92089127701 2230.4446388540655
2.199999999999999 49719.64800587624 2301.399804729661
2.299999999999999 49800.227431404855 1551.952599521281
2.399999999999999 49862.44257137211 563.5274076872668
2.499999999999999 49848.07364206184 750.6838407421901
2.599999999999999 49864.60993387288 553.584727590901
2.6999999999999993 49881.76400193368 522.3165537890515
2.7999999999999994 49858.64103352237 562.478372312827
2.8999999999999995 49856.41029638852 595.9033186216129
2.9999999999999996 49842.245929659555 517.6405143248631
3.0999999999999996 49816.59411903514 498.2122149622683
3.1999999999999997 49841.61899465524 508.98807690845103
3.3 49818.16799256172 525.9337550443321
3.4 49859.10152843354 506.2147386367918
3.5 49840.78857260521 481.1591199634445
3.6 49824.13765115937 520.4029018535266
3.7 49837.468441501755 513.6489139974698
3.8000000000000003 49828.78995284755 509.6788418386743
3.9000000000000004 49808.81890777606 502.5470912372358
4.0 49854.729661143654 497.0325578666293
