# Rounds: 10000, repetitions: 1000
# Good arm ~ N(5.0,1.0), 4 bad arm(s) ~ N(1.5,1.0)
# Observation noise range from 0.5 to 4.0 with step size 0.1

# Observation noise | mean | standard deviation

0.5 49986.127188984996 97.21951392581168
0.6 49986.93719058925 98.11366539696093
0.7 49986.59660457921 99.35221683418018
0.7999999999999999 49985.44626615885 97.95656082771065
0.8999999999999999 49983.96051777391 100.8625691357788
0.9999999999999999 49982.33856126121 98.98966263756134
1.0999999999999999 49979.43694551711 100.36504435968878
1.1999999999999997 49976.91249565286 98.91926643940926
1.2999999999999996 49971.26592394635 102.86432054513048
1.3999999999999995 49969.78684215106 100.9199431096151
1.4999999999999993 49965.316087170155 99.83516434257007
1.5999999999999992 49956.275189743996 99.9662870192455
1.699999999999999 49951.53180341213 99.64252477561175
1.799999999999999 49951.89874763459 99.09103154147026
1.8999999999999988 49941.69083866565 98.83258476297466
1.9999999999999987 49943.22543025021 98.62573429929657
2.0999999999999988 49939.5422375533 98.13133832426956
2.199999999999999 49930.09226400597 99.7142697160931
2.299999999999999 49926.122215014744 100.16148398757423
2.399999999999999 49914.42709944256 100.83313016932199
2.499999999999999 49917.70688115734 101.6973718373265
2.599999999999999 49904.48550217747 101.34342423780778
2.6999999999999993 49902.84411337764 95.62038635339651
2.7999999999999994 49894.941166591736 98.12550570312847
2.8999999999999995 49882.45331235901 104.41610956198086
2.9999999999999996 49878.15764590305 102.37416518898212
3.0999999999999996 49876.26466006511 101.46423325485361
3.1999999999999997 49873.13151601603 101.07294059071148
3.3 49862.03985292934 99.61577273413269
3.4 49855.62750579576 99.76995878469015
3.5 49848.63382164565 102.20190189975261
3.6 49840.90287435115 100.9216720593607
3.7 49829.95722849385 105.68053961025798
3.8000000000000003 49825.048827200655 101.98893375730044
3.9000000000000004 49815.00676087501 100.64760341321944
4.0 49811.287996275285 104.7177461868045
