# Rounds: 10000, repetitions: 1000
# Good arm ~ N(5.0,4.0), 4 bad arm(s) ~ N(4.1,4.0)
# Observation noise range from 0.5 to 4.0 with step size 0.1

# Observation noise | mean | standard deviation

0.5 45716.05965706484 4436.763469770472
0.6 45704.72944123449 4407.898893765239
0.7 46305.78685613954 4333.188442615081
0.7999999999999999 46343.523981343205 4280.055806729722
0.8999999999999999 46806.51891839196 4181.389083443356
0.9999999999999999 46756.76015377349 4122.694207609714
1.0999999999999999 46975.23604142882 4085.0323364299757
1.1999999999999997 47497.82594970735 3782.056502336516
1.2999999999999996 47682.87592254839 3685.269477579957
1.3999999999999995 47901.19275351278 3482.189460923119
1.4999999999999993 47878.96020633915 3471.937389418084
1.5999999999999992 48453.25723030547 3028.254032086169
1.699999999999999 48664.441509542536 2782.2569577847835
1.799999999999999 48755.39536469061 2747.041023241793
1.8999999999999988 48652.73045878925 2738.004902448801
1.9999999999999987 48943.77427416565 2308.3611518911744
2.0999999999999988 49113.854395277645 2080.5438639991867
2.199999999999999 49101.59314817894 2057.070552357641
2.299999999999999 49158.69361782475 2027.6046042472067
2.399999999999999 49259.87862802716 1740.0319435901788
2.499999999999999 49303.911121029756 1587.9069615888636
2.599999999999999 49411.54209996143 1416.7419508890655
2.6999999999999993 49431.240050811546 1336.1957389409033
2.7999999999999994 49382.20405445414 1248.486312212359
2.8999999999999995 49410.87481000228 1272.6293011333507
2.9999999999999996 49503.10970733477 989.9271303371171
3.0999999999999996 49472.09119562057 995.8201763345749
3.1999999999999997 49477.59396896653 900.936188176341
3.3 49518.63941659665 809.1013405689955
3.4 49508.02089196217 740.0982090477986
3.5 49491.92873059011 637.6551976511781
3.6 49476.0566732807 645.1137331581058
3.7 49482.97851883889 513.0517197765544
3.8000000000000003 49460.81004748123 637.1277857220524
3.9000000000000004 49435.49781293699 646.0641258826647
4.0 49435.321002291494 559.5879565551395
