# Rounds: 10000, repetitions: 1000
# Good arm ~ N(5.0,5.0), 4 bad arm(s) ~ N(0.9,5.0)
# Observation noise range from 0.5 to 4.0 with step size 0.1

# Observation noise | mean | standard deviation

0.5 43078.42511801372 15058.263555406833
0.6 44547.60392530899 13668.997586187788
0.7 45660.35508461662 12264.903338367545
0.7999999999999999 45775.59802692154 12011.577200221827
0.8999999999999999 46849.37766814973 10455.612331617023
0.9999999999999999 47156.188152641334 9872.715544323764
1.0999999999999999 46930.67239481707 10303.301597908707
1.1999999999999997 48185.99351020517 7959.042119445307
1.2999999999999996 48536.94020539616 7012.402515856103
1.3999999999999995 48838.52649782407 6055.924195658146
1.4999999999999993 48959.633248771774 5751.826457018252
1.5999999999999992 49199.50051453584 4971.4821084511705
1.699999999999999 49510.44555823841 3596.6913876248414
1.799999999999999 49619.502008771335 2743.7556042469214
1.8999999999999988 49766.0991268986 2343.976273966686
1.9999999999999987 49547.22943923269 3403.7641920965502
2.0999999999999988 49781.918452296035 1662.1496431440266
2.199999999999999 49848.62987415529 697.6900968784433
2.299999999999999 49792.907060905476 1560.6447507827133
2.399999999999999 49881.92093176574 506.7380611614405
2.499999999999999 49868.75808173927 567.9572455810808
2.599999999999999 49840.213360713766 573.7190975053499
2.6999999999999993 49854.80854064443 552.7730697685976
2.7999999999999994 49881.53880522302 494.4305680081993
2.8999999999999995 49848.38148886333 1387.401287561563
2.9999999999999996 49842.944207196815 516.0526350405661
3.0999999999999996 49832.529496673546 516.1395786436522
3.1999999999999997 49880.91508642454 506.7753774298251
3.3 49846.1656143123 506.6094440796806
3.4 49857.2889844294 488.717107121958
3.5 49836.40558302103 510.4802698967494
3.6 49860.242983680975 510.560379056953
3.7 49838.68310075459 504.11317776115595
3.8000000000000003 49820.75834631626 499.7984299491072
3.9000000000000004 49813.04887429283 529.3548320512817
4.0 49835.158885922916 500.3602009793018
