# Rounds: 10000, repetitions: 1000
# Good arm ~ N(5.0,1.0), 4 bad arm(s) ~ N(1.9,1.0)
# Observation noise range from 0.5 to 4.0 with step size 0.1

# Observation noise | mean | standard deviation

0.5 49992.22451163691 99.83938586283656
0.6 49980.90445400213 101.00490542205982
0.7 49989.09697427071 100.60262856207585
0.7999999999999999 49987.27670422498 102.66723177308872
0.8999999999999999 49978.47561547654 98.43496118055543
0.9999999999999999 49979.72773277699 96.75849949122231
1.0999999999999999 49978.55177043923 99.62785892025391
1.1999999999999997 49975.26167898445 99.91984374057127
1.2999999999999996 49970.733578398336 100.05224475044236
1.3999999999999995 49966.98273250737 99.76336537583848
1.4999999999999993 49956.22350085793 95.89159164199046
1.5999999999999992 49954.44266391791 103.01508991094423
1.699999999999999 49950.65486966251 94.07371082295607
1.799999999999999 49945.63998436642 102.39095341278058
1.8999999999999988 49943.77148151796 97.87229349338023
1.9999999999999987 49931.12659366725 104.53277877394554
2.0999999999999988 49927.87435556836 101.46102934218953
2.199999999999999 49920.104883510045 101.47265080059161
2.299999999999999 49919.905606512126 99.64089446242072
2.399999999999999 49914.035958738175 101.75583921517983
2.499999999999999 49911.06367616596 106.7938813922978
2.599999999999999 49894.49934882245 98.41447754731017
2.6999999999999993 49891.06007559827 104.0951136852887
2.7999999999999994 49888.11713853051 99.60746383619012
2.8999999999999995 49883.60459144119 100.03783242611233
2.9999999999999996 49870.96581683713 102.77323428847937
3.0999999999999996 49867.767312627715 98.657942378808
3.1999999999999997 49852.96010186761 101.18704366313096
3.3 49852.28146307202 100.15586007998847
3.4 49839.68956559958 98.94124083847989
3.5 49834.40351663066 98.37794518990471
3.6 49829.57769613278 100.36052354172878
3.7 49820.455190086606 101.16399801279472
3.8000000000000003 49811.218619782885 100.14003636868688
3.9000000000000004 49797.008288749515 101.60203623327139
4.0 49791.445675102754 101.65296165114299
