# Rounds: 10000, repetitions: 1000
# Good arm ~ N(5.0,4.0), 4 bad arm(s) ~ N(0.9,4.0)
# Observation noise range from 0.5 to 4.0 with step size 0.1

# Observation noise | mean | standard deviation

0.5 46171.12280212296 11641.30703753418
0.6 47637.04136214632 9272.153697711936
0.7 47955.721070019485 8593.989431721793
0.7999999999999999 48062.59547167259 8344.779622227872
0.8999999999999999 48786.10170253558 6470.235978873067
0.9999999999999999 48487.445018221355 7198.123061616563
1.0999999999999999 49066.93695524305 5427.620733053149
1.1999999999999997 49543.8240024816 3719.673868776359
1.2999999999999996 49538.804380446905 3541.16350679828
1.3999999999999995 49719.11483351705 2075.4769475495764
1.4999999999999993 49761.87911281764 2226.8131372518874
1.5999999999999992 49848.84192190129 1881.2887855344864
1.699999999999999 49823.7161369715 2034.3168865163054
1.799999999999999 49910.9881269678 570.1138539722526
1.8999999999999988 49916.9851555119 456.9598204246114
1.9999999999999987 49936.89113031162 395.846125085773
2.0999999999999988 49868.05770044771 1350.2756495627266
2.199999999999999 49909.86630906069 415.4084052297288
2.299999999999999 49924.076039222615 409.41498347890905
2.399999999999999 49915.90381020378 407.6482296668826
2.499999999999999 49885.025547053796 407.28485737993503
2.599999999999999 49911.926867518494 398.83511809522
2.6999999999999993 49893.40376928816 398.95806087577506
2.7999999999999994 49884.950307239415 400.4477354415787
2.8999999999999995 49870.60357458391 405.02472991600723
2.9999999999999996 49879.83751277606 419.66370471463523
3.0999999999999996 49853.25485633696 422.31326558333376
3.1999999999999997 49882.79028788408 390.5827071542233
3.3 49847.255620332835 413.04144824473934
3.4 49853.71004972974 389.83515890072215
3.5 49866.34982424929 402.4028207739337
3.6 49845.97429777043 405.4929416846625
3.7 49860.43353993746 406.1186867392004
3.8000000000000003 49845.589306647074 407.37771697790265
3.9000000000000004 49841.84346995983 385.75511686577954
4.0 49809.279222962774 399.7228829626828
