# Rounds: 10000, repetitions: 1000
# Good arm ~ N(5.0,5.0), 4 bad arm(s) ~ N(4.4,5.0)
# Observation noise range from 0.5 to 4.0 with step size 0.1

# Observation noise | mean | standard deviation

0.5 46344.103081010835 2907.7070223215783
0.6 46388.4845891884 2951.3209558451285
0.7 46400.23596222155 2913.78345643914
0.7999999999999999 46357.99222058475 2894.8346981425057
0.8999999999999999 46567.77895172704 2917.5013978873853
0.9999999999999999 46867.60013395329 2939.2270138326076
1.0999999999999999 46957.39397150194 2928.0036963682655
1.1999999999999997 46972.32230395455 2916.0584618286057
1.2999999999999996 47200.54505989639 2864.155168545641
1.3999999999999995 47360.918972750675 2846.644587190039
1.4999999999999993 47363.22973974849 2800.482592398403
1.5999999999999992 47648.61279821289 2731.006648073207
1.699999999999999 47829.40557554525 2675.864199671919
1.799999999999999 47850.62379266663 2628.5770585009654
1.8999999999999988 47942.32625589103 2598.2586172059273
1.9999999999999987 48044.14057969934 2473.578517178595
2.0999999999999988 48147.247207252316 2457.188589034995
2.199999999999999 48441.637227512925 2274.4804278515917
2.299999999999999 48403.14152362464 2263.108869764394
2.399999999999999 48430.01142735685 2220.479343749887
2.499999999999999 48556.48900537188 2137.965654384962
2.599999999999999 48654.039605563885 2047.3080194893582
2.6999999999999993 48594.020681468835 1984.9244634319384
2.7999999999999994 48782.70295866915 1890.777979638313
2.8999999999999995 48876.44405613935 1774.3737699884182
2.9999999999999996 48856.42772342462 1732.6244438584272
3.0999999999999996 48862.482019984105 1688.3319662308684
3.1999999999999997 48893.99436387947 1634.9767538343717
3.3 48971.033759485006 1548.503870859197
3.4 48995.436203316436 1408.5161318431803
3.5 48969.358401532896 1391.4245401250564
3.6 49010.13712566585 1407.583902079061
3.7 49041.11895813398 1270.6437260440143
3.8000000000000003 49035.825202182146 1253.986951159422
3.9000000000000004 48980.50772609395 1248.849270816207
4.0 49083.50460666928 1081.1834684835787
