# Rounds: 10000, repetitions: 1000
# Good arm ~ N(5.0,2.0), 4 bad arm(s) ~ N(3.6,2.0)
# Observation noise range from 0.5 to 4.0 with step size 0.1

# Observation noise | mean | standard deviation

0.5 48703.795064157035 3825.127677986806
0.6 48886.44512349038 3536.190597484084
0.7 49315.05666314262 2752.6600436863905
0.7999999999999999 49442.80420461894 2339.1375082322375
0.8999999999999999 49593.19288594119 2056.747324224992
0.9999999999999999 49787.54788250482 1294.4140525644787
1.0999999999999999 49858.73581737227 971.8981912642851
1.1999999999999997 49865.30078658707 941.055014414462
1.2999999999999996 49912.8928863035 278.9448605651349
1.3999999999999995 49903.16599819249 504.4919736952413
1.4999999999999993 49902.56900046407 517.2987648483487
1.5999999999999992 49923.50743636988 239.91074115923854
1.699999999999999 49907.70169570259 211.72834133060385
1.799999999999999 49897.41593789714 196.67676104802152
1.8999999999999988 49893.34543693163 195.3928804473529
1.9999999999999987 49875.397748984644 207.17931645886566
2.0999999999999988 49870.44168417535 207.28674703767322
2.199999999999999 49861.63323551782 200.9110639474177
2.299999999999999 49857.30003272509 207.7289595169132
2.399999999999999 49847.384761801186 202.17017124517054
2.499999999999999 49839.61765381948 211.32323487216084
2.599999999999999 49821.56825932923 205.61360867286353
2.6999999999999993 49816.90422742976 208.55940316001409
2.7999999999999994 49794.70516354424 206.84461371746707
2.8999999999999995 49777.40839966991 202.2605454462155
2.9999999999999996 49772.69320251795 206.04380299079978
3.0999999999999996 49769.26084739786 216.9255303782154
3.1999999999999997 49744.09131655772 200.98518508682469
3.3 49737.74131304343 206.66103649594083
3.4 49740.76390158382 211.83821092163333
3.5 49722.78506852152 213.6523889937222
3.6 49696.87934145961 206.39823225711757
3.7 49681.067329141326 207.52765770253083
3.8000000000000003 49675.38236933982 209.63150293013612
3.9000000000000004 49659.02021881169 203.13797689342442
4.0 49657.02707681507 211.89963936083652
