# Rounds: 10000, repetitions: 1000
# Good arm ~ N(5.0,5.0), 4 bad arm(s) ~ N(4.6,5.0)
# Observation noise range from 0.5 to 4.0 with step size 0.1

# Observation noise | mean | standard deviation

0.5 47235.71958684772 1861.595097215554
0.6 47344.20690222894 1914.7401391264257
0.7 47465.20135457248 1948.9966370442246
0.7999999999999999 47476.970301731664 1934.893022096091
0.8999999999999999 47536.51251701981 1954.6865909882656
0.9999999999999999 47445.35059704154 1909.252222304939
1.0999999999999999 47576.549099776086 1921.4496791504807
1.1999999999999997 47739.65467108266 1938.750089252965
1.2999999999999996 47766.11926316351 1918.1146055724876
1.3999999999999995 47858.99826748717 1886.4654936766183
1.4999999999999993 47986.756586450596 1880.1346885463256
1.5999999999999992 48051.62680896825 1893.0925082418557
1.699999999999999 48197.14495098466 1886.0636533368374
1.799999999999999 48234.31974280867 1849.319988679392
1.8999999999999988 48256.6380084858 1788.634419318869
1.9999999999999987 48301.98587893393 1779.5479616848402
2.0999999999999988 48376.45479904091 1748.3736472499795
2.199999999999999 48492.027916008185 1697.2574744942306
2.299999999999999 48491.41301295371 1659.6071844557737
2.399999999999999 48551.80881846219 1645.9154512758948
2.499999999999999 48535.809318668886 1633.3902257040174
2.599999999999999 48660.56514538324 1497.3909144306594
2.6999999999999993 48713.105337668676 1476.8685878197382
2.7999999999999994 48655.221158000415 1493.9219433607548
2.8999999999999995 48747.654399174295 1394.6730789118913
2.9999999999999996 48750.843694881274 1333.4284489438112
3.0999999999999996 48786.353377684754 1356.1097863665693
3.1999999999999997 48771.38693340246 1359.267324369275
3.3 48811.92109714924 1262.2487040894716
3.4 48831.995089686265 1213.0919893702571
3.5 48867.750659225814 1193.2571136897254
3.6 48853.12073263299 1198.0197880468686
3.7 48839.16082577093 1151.7318609159724
3.8000000000000003 48895.037202049025 1113.0617730001372
3.9000000000000004 48876.021081115934 1084.552494191061
4.0 48873.57261498827 1061.9759818247383
