# Rounds: 10000, repetitions: 1000
# Good arm ~ N(5.0,4.0), 4 bad arm(s) ~ N(3.6,4.0)
# Observation noise range from 0.5 to 4.0 with step size 0.1

# Observation noise | mean | standard deviation

0.5 44902.557116593154 6621.4057093600395
0.6 45320.411629331735 6465.355929449576
0.7 45671.17799208398 6271.76356309538
0.7999999999999999 45833.73413927749 6219.226663135971
0.8999999999999999 46445.67825682987 5886.152224881097
0.9999999999999999 46557.77424736877 5756.045041741093
1.0999999999999999 47468.553768147045 5061.13608796558
1.1999999999999997 47509.91878571242 4992.2100458804725
1.2999999999999996 47762.20148065414 4715.745300709203
1.3999999999999995 48036.77316929149 4471.430604691555
1.4999999999999993 48146.277818425384 4240.414958055949
1.5999999999999992 48381.51511664478 3919.384325991755
1.699999999999999 48806.72360898567 3357.5442113832282
1.799999999999999 49011.16789343448 3008.0234587127143
1.8999999999999988 49030.941706486505 3031.0673172702445
1.9999999999999987 49305.286256462925 2309.9580324444614
2.0999999999999988 49350.2490944556 2161.9030042998706
2.199999999999999 49363.08112894812 2116.64576013003
2.299999999999999 49542.24264644809 1643.8719815276888
2.399999999999999 49550.27108743649 1627.633087620785
2.499999999999999 49603.444143659886 1285.442751265289
2.599999999999999 49649.79115446736 1228.261091539071
2.6999999999999993 49548.35787639977 1500.4644452160849
2.7999999999999994 49632.44293027177 1120.6805569176622
2.8999999999999995 49640.504029900454 1047.1811093419344
2.9999999999999996 49671.48799358074 797.8021327200296
3.0999999999999996 49677.17354633891 554.6799331937389
3.1999999999999997 49672.653733189276 579.2201846895291
3.3 49656.72087223907 636.3756449252039
3.4 49661.11902608123 648.9755597844759
3.5 49680.73897159655 461.50380618735926
3.6 49666.65632279103 492.4489968221241
3.7 49661.951079548904 468.7689684076239
3.8000000000000003 49633.07482739821 436.48712955150097
3.9000000000000004 49613.366509963926 486.64332524293644
4.0 49621.225587798224 433.91599512844664
