# Rounds: 100, repetitions: 1000
# Good arm ~ N(5.0,2.0), 10 bad arm(s) ~ N(4.0,2.0)
# Observation noise range from 0.5 to 8.0 with step size 0.1

# Observation noise | mean | standard deviation

0.5 442.4866077780168 37.66724418714259
0.6 440.65610106022007 37.01850358301084
0.7 439.8372958006364 36.37414152728457
0.7999999999999999 439.9988669098568 34.134352760290284
0.8999999999999999 440.3644264495576 34.31459605196479
0.9999999999999999 438.5456583421915 32.84093039308133
1.0999999999999999 439.3746122918933 30.890551580896
1.1999999999999997 435.4139061939384 31.91122859207047
1.2999999999999996 435.55238823556886 31.730864546770988
1.3999999999999995 433.14305367993614 30.486336462537132
1.4999999999999993 435.2535049319219 29.78718465778708
1.5999999999999992 432.0362855815018 29.452625299257768
1.699999999999999 432.6350627514225 28.449454201899457
1.799999999999999 431.59379156026927 26.715997545323088
1.8999999999999988 428.98909543693486 27.660340506700486
1.9999999999999987 429.33536735693986 26.806730640446922
2.0999999999999988 430.680511883092 27.796171359762738
2.199999999999999 430.11640731749753 26.76139165171999
2.299999999999999 427.8761404066925 25.619850334652266
2.399999999999999 426.7530413931637 26.208984116810097
2.499999999999999 426.41959714402986 25.575910473442732
2.599999999999999 426.2718723573558 25.34013942387467
2.6999999999999993 425.1398777498125 25.181404507503803
2.7999999999999994 424.26673692730293 24.551590775637894
2.8999999999999995 422.7533964083206 24.050532782176713
2.9999999999999996 423.9813352964708 24.424423722409554
3.0999999999999996 423.91051701163013 24.162758521894634
3.1999999999999997 422.65827841039606 23.56225751604351
3.3 422.5974723789126 23.857902746142834
3.4 421.9843407137231 22.83139466599676
3.5 421.6002541555555 22.65036395641663
3.6 422.32859125194256 23.32307329550221
3.7 422.2562457481454 22.095924857723222
3.8000000000000003 419.6949060316138 23.33204620888333
3.9000000000000004 419.8284867386676 22.886370670622288
4.0 419.5656079610298 20.857438312214835
4.1 419.81416880945716 22.743852406614685
4.199999999999999 420.72218527365436 22.636262821904996
4.299999999999999 419.1384238632686 23.050503551131374
4.399999999999999 419.81660680261257 21.280034849001147
4.499999999999998 417.8380462489174 22.489322760127582
4.599999999999998 419.38893049027837 21.569455089909496
4.6999999999999975 418.41532363978655 21.812943391452794
4.799999999999997 418.1185242611503 22.444008662668843
4.899999999999997 418.5539278303867 21.08999929324761
4.9999999999999964 416.7196381582726 21.402169706698107
5.099999999999996 418.1286659038443 21.22771258954375
5.199999999999996 418.68384570696844 22.32200839307146
5.299999999999995 416.6946536349724 21.334273614257594
5.399999999999995 415.65292872022997 21.791143536657138
5.499999999999995 415.8362149090741 21.96569020557969
5.599999999999994 416.78505915850224 20.744889866663808
5.699999999999994 415.85038903265274 21.000144858136967
5.799999999999994 416.9229685490037 21.347632332883958
5.899999999999993 415.2458495248752 21.449407824016898
5.999999999999993 415.9813733883033 20.578767853622267
6.0999999999999925 415.19850569939473 21.348479640696457
6.199999999999992 415.64725743180094 20.585620957667484
6.299999999999992 416.3023330322089 20.811108592962935
6.3999999999999915 415.69308015586466 20.973559822216004
6.499999999999991 415.9798602963278 20.474839408756765
6.599999999999991 415.37338694359096 20.47922735239919
6.69999999999999 415.1144268298247 21.044570988456027
6.79999999999999 414.0809219850042 21.176321411887937
6.89999999999999 415.67988417849523 21.339067364366734
6.999999999999989 414.342457235783 19.868755274899026
7.099999999999989 414.51184577733017 20.79920644931602
7.199999999999989 414.04311654569835 20.725027874291293
7.299999999999988 415.10066495864555 20.398680183718966
7.399999999999988 414.8430526522607 20.481117236892644
7.499999999999988 414.36371261875587 20.984044881897866
7.599999999999987 415.9971383285892 20.771782701679488
7.699999999999987 414.61933684286095 19.960220935518954
7.7999999999999865 413.97402388970363 20.804269865974057
7.899999999999986 413.7424247948237 21.017363865816815
7.999999999999986 414.0424262725241 20.130681065438264
