# Rounds: 100, repetitions: 1000
# Good arm ~ N(5.0,4.0), 10 bad arm(s) ~ N(4.5,4.0)
# Observation noise range from 0.5 to 8.0 with step size 0.1

# Observation noise | mean | standard deviation

0.5 460.27689588881617 40.96058344435536
0.6 459.70927921589487 41.053962334776344
0.7 462.1332474851964 42.02460166821771
0.7999999999999999 462.23911916444786 41.46316819613658
0.8999999999999999 461.8659443324312 42.60232306883221
0.9999999999999999 461.049946558322 40.74613052183655
1.0999999999999999 459.45722167810817 42.86947681892002
1.1999999999999997 462.2406196575105 42.42992524390359
1.2999999999999996 459.73751938085184 41.98201844944555
1.3999999999999995 461.89656875690645 41.100548041997556
1.4999999999999993 462.410386361526 42.3092149124991
1.5999999999999992 462.2097280365408 41.40069962685781
1.699999999999999 461.84181920434133 40.83045464550612
1.799999999999999 462.44440874098314 41.357101242906275
1.8999999999999988 461.13208524364853 39.56564264816583
1.9999999999999987 461.4135548238986 41.62317576929103
2.0999999999999988 461.2454411597897 41.659135010349786
2.199999999999999 459.5991818829695 41.517359821443385
2.299999999999999 461.14075802150285 41.614839037051055
2.399999999999999 462.28258295060965 41.62094609012775
2.499999999999999 460.34636399957833 41.82819463175288
2.599999999999999 460.5924281542773 41.36857434129479
2.6999999999999993 460.3635061559515 39.400823475718326
2.7999999999999994 461.01547174653706 40.907340296829624
2.8999999999999995 460.2745266686684 40.56260280055006
2.9999999999999996 461.20835476618345 40.593511106478225
3.0999999999999996 461.25825984846375 40.45864893773139
3.1999999999999997 460.0439355305767 41.60961394943867
3.3 459.74234244697055 40.046417560548775
3.4 459.860651139856 41.48938956980345
3.5 458.6989199308283 41.6474810290969
3.6 461.9894109338309 41.97841956343923
3.7 462.072763234771 40.261447098969846
3.8000000000000003 460.1943830060118 40.81958701024725
3.9000000000000004 460.4249545178157 39.50679432291125
4.0 460.8151170936819 40.917439426941044
4.1 459.8070054188398 40.45999318590313
4.199999999999999 459.30212716746547 40.503598671287826
4.299999999999999 459.75664342545736 40.006737580814985
4.399999999999999 460.58173664472855 40.71629115913023
4.499999999999998 461.3929800921402 40.40184920930047
4.599999999999998 461.18825745324114 41.426232219644625
4.6999999999999975 462.1511714696757 38.185090286558314
4.799999999999997 459.66009464015326 41.08306026142184
4.899999999999997 459.3506016820807 39.95928809299088
4.9999999999999964 460.6488413325786 39.298926396457595
5.099999999999996 457.00159805485066 40.608685700541244
5.199999999999996 461.99047042734145 41.22533316328733
5.299999999999995 455.7335856989311 39.88181806648063
5.399999999999995 460.9015414469413 40.252930535349876
5.499999999999995 460.18588932352634 40.68010934590113
5.599999999999994 460.3117858549931 38.966319258475565
5.699999999999994 460.88834181302224 41.36523892221064
5.799999999999994 460.27976689174136 40.23877186924444
5.899999999999993 458.38159913940723 42.33890093232669
5.999999999999993 460.8309271212025 39.66600458951043
6.0999999999999925 458.9707524987829 40.48455006985255
6.199999999999992 458.48612993047703 39.67848759662578
6.299999999999992 456.9227273051992 41.377352926512
6.3999999999999915 459.4926467685076 40.05927976643224
6.499999999999991 459.1361293726886 40.868253294451236
6.599999999999991 459.3126895151269 41.0421976106272
6.69999999999999 459.9908619059204 39.469409901349835
6.79999999999999 458.7148101208037 40.73854645327099
6.89999999999999 457.53278281160414 40.75552504054706
6.999999999999989 460.4745620145545 39.66628694111047
7.099999999999989 458.9752052750599 40.421533835533594
7.199999999999989 459.1772342645882 39.04197567068383
7.299999999999988 459.9293969728626 41.48873776477314
7.399999999999988 461.2703724218875 40.102377288442156
7.499999999999988 459.34003667189324 39.79864347845007
7.599999999999987 459.8342160976156 39.3802214156477
7.699999999999987 460.98152457557575 40.628674817020745
7.7999999999999865 457.8603449665488 40.14405380268886
7.899999999999986 461.1023826582593 40.65174244782932
7.999999999999986 459.3709311509498 40.868505856878734
