# Rounds: 100, repetitions: 1000
# Good arm ~ N(5.0,5.0), 10 bad arm(s) ~ N(4.5,5.0)
# Observation noise range from 0.5 to 8.0 with step size 0.1

# Observation noise | mean | standard deviation

0.5 460.5576317812974 50.53704025498861
0.6 462.79834796661777 52.13427300101088
0.7 463.31408449106 49.18034854028979
0.7999999999999999 461.4222648752718 50.30915553249036
0.8999999999999999 458.43313314537636 50.78101371611261
0.9999999999999999 461.8496927406658 51.13038723424711
1.0999999999999999 460.48065295299324 50.93711135532215
1.1999999999999997 460.45677989947825 51.15031536892632
1.2999999999999996 461.3109078793964 53.91554983648461
1.3999999999999995 460.3092926510874 51.129566296174794
1.4999999999999993 461.04766244517583 49.707884720288035
1.5999999999999992 461.3327914812858 52.78079778610446
1.699999999999999 460.7892585421053 50.85716613552103
1.799999999999999 460.3191055201388 50.33846121263463
1.8999999999999988 459.24714502168814 50.32764210855682
1.9999999999999987 462.5916144563368 48.874136537996264
2.0999999999999988 459.2017506858519 50.40390785487344
2.199999999999999 460.6544071747478 50.204186410926354
2.299999999999999 460.124153731053 51.092258812721994
2.399999999999999 459.5807861912569 50.32556107423962
2.499999999999999 460.46147720585026 50.583690870372884
2.599999999999999 460.89765304103355 51.48226495623851
2.6999999999999993 457.7366975013089 50.070922420028396
2.7999999999999994 459.3768454742825 50.590254146539046
2.8999999999999995 462.58058563829945 50.58374260235717
2.9999999999999996 460.3071659019731 50.44286862693662
3.0999999999999996 459.88674833296903 50.072999165688564
3.1999999999999997 458.3161262242521 50.12425467266729
3.3 461.09096541057824 51.66068909886722
3.4 463.15710016848533 50.130377885238495
3.5 460.78077384728766 50.845215188307854
3.6 459.080277679604 50.47355194814002
3.7 460.0528752520172 52.61242442241425
3.8000000000000003 460.0934600845219 49.044107032118895
3.9000000000000004 459.8167614887835 49.98500306688952
4.0 460.99648881645845 52.01435921607489
4.1 457.7611540807765 48.67125537823258
4.199999999999999 461.0354152281125 52.084694667046215
4.299999999999999 457.8611747779337 51.04756708991859
4.399999999999999 461.8991670330355 50.46115230932701
4.499999999999998 459.2106562150907 48.70367348157322
4.599999999999998 459.55797884914784 49.61133640049086
4.6999999999999975 456.494482494357 50.69135854262908
4.799999999999997 462.79213162355643 49.84698924458817
4.899999999999997 461.06517121894655 50.99156894416507
4.9999999999999964 463.30039068809526 50.765181906387724
5.099999999999996 458.94124970333274 47.97440645319592
5.199999999999996 457.94635608735143 49.244422839269305
5.299999999999995 457.4120672077319 47.907774977772355
5.399999999999995 461.11029895378016 51.29383593238796
5.499999999999995 461.5585179512088 49.959086468824964
5.599999999999994 457.95701002691726 48.94655258649019
5.699999999999994 461.6226769999256 49.60077971730306
5.799999999999994 459.07503045190373 48.910047863021006
5.899999999999993 460.82912735962594 49.648198975010814
5.999999999999993 459.2582523027378 50.68750913483136
6.0999999999999925 458.74732398650764 49.085150800809814
6.199999999999992 458.59817766932645 48.84289476395672
6.299999999999992 459.977467790282 50.6105408092227
6.3999999999999915 461.11481258314336 50.91153369589676
6.499999999999991 457.5665496032585 50.56683740057972
6.599999999999991 459.53620439071653 51.63650737873718
6.69999999999999 458.0570286243888 52.098538389167416
6.79999999999999 458.7362277173949 50.292716179155
6.89999999999999 457.6284624896186 52.20206853786399
6.999999999999989 458.4140706552573 51.032231377742946
7.099999999999989 458.0475997454121 49.655060920309964
7.199999999999989 459.8931046218368 50.33135369602172
7.299999999999988 457.2284853436909 50.47888697941325
7.399999999999988 462.68726377400566 50.857216324086316
7.499999999999988 460.8829181059811 50.21268759616874
7.599999999999987 458.66290380908214 49.77635036024712
7.699999999999987 460.11060096052023 50.64960991496886
7.7999999999999865 457.79880848301576 49.51921922346111
7.899999999999986 461.60798811326106 48.514719706015235
7.999999999999986 459.23500464486517 48.97142575560971
