# Rounds: 100, repetitions: 1000
# Good arm ~ N(5.0,3.0), 10 bad arm(s) ~ N(0.5,3.0)
# Observation noise range from 0.5 to 8.0 with step size 0.1

# Observation noise | mean | standard deviation

0.5 412.65193960110236 101.20397541859995
0.6 414.4450645839928 94.61336596806724
0.7 416.9335187118586 87.0477010539885
0.7999999999999999 418.95975896238923 80.62455692153304
0.8999999999999999 419.3153138688555 74.08931882227003
0.9999999999999999 414.7876510609825 79.7112568485431
1.0999999999999999 418.7796800951257 69.86979210102069
1.1999999999999997 422.8812521696402 60.111874203202525
1.2999999999999996 413.7746609058719 70.81876149639412
1.3999999999999995 417.42707105380566 59.832981935468716
1.4999999999999993 412.10188419635665 61.65526621122783
1.5999999999999992 415.63083360532875 55.9996375785789
1.699999999999999 410.99745783098166 49.68938725233414
1.799999999999999 408.0955135121676 54.45054103906226
1.8999999999999988 405.3762557801869 55.536701562260234
1.9999999999999987 399.01020439990407 54.335291475645995
2.0999999999999988 398.7718401932811 53.87211695257834
2.199999999999999 394.1919400120877 53.088787702806684
2.299999999999999 392.19612441346425 54.974985010133246
2.399999999999999 387.25955620998235 56.59895827266104
2.499999999999999 380.5324823484989 56.06242670570978
2.599999999999999 379.11087639682245 54.48965191169196
2.6999999999999993 371.1673179401513 54.991992863566566
2.7999999999999994 370.9418557964014 58.423269758782844
2.8999999999999995 360.83160669080434 57.582011320029544
2.9999999999999996 357.29691565187534 59.59313873178128
3.0999999999999996 350.19635848397826 58.66465282989875
3.1999999999999997 348.24339463149323 59.83643712034701
3.3 342.7739828230673 59.85552254853683
3.4 336.9767281315567 63.266296158697635
3.5 334.39238360398554 65.2646318022989
3.6 327.8000111991774 64.45305677524341
3.7 324.6105488779491 63.73033685366931
3.8000000000000003 312.8412792864657 63.92876528911296
3.9000000000000004 311.9719781114257 61.35442507412082
4.0 302.45742023007404 64.2373751882808
4.1 297.2411209828976 65.97140856631425
4.199999999999999 297.7784472615095 61.24838982629494
4.299999999999999 285.1917491562021 67.52279323025586
4.399999999999999 283.66244918728114 63.87390278264604
4.499999999999998 276.6150472248672 64.11821570157342
4.599999999999998 269.9850214537601 64.41896357278252
4.6999999999999975 267.7215078897296 62.72498716353644
4.799999999999997 261.15430639003057 63.49320098696201
4.899999999999997 255.62592923567234 65.44245167695946
4.9999999999999964 252.38686587788033 63.874736469016504
5.099999999999996 246.52281257463753 63.23932551443468
5.199999999999996 243.4836524194601 65.45385758778252
5.299999999999995 235.07878590718707 65.33747890819123
5.399999999999995 231.2108350860793 62.91374976263854
5.499999999999995 231.30766492835596 64.5014571532492
5.599999999999994 222.88772843361437 61.11343432711948
5.699999999999994 221.1285989284112 60.23991901657047
5.799999999999994 214.08469475745048 62.28309156567912
5.899999999999993 211.4302502158928 58.67449255992869
5.999999999999993 204.9838261564001 59.81753640502485
6.0999999999999925 202.7435500423287 57.93536051233636
6.199999999999992 195.17728146230147 57.26970594754017
6.299999999999992 197.49944108993714 60.80721288226119
6.3999999999999915 190.97478498883171 57.90364862413056
6.499999999999991 188.70733949962525 59.07330567695249
6.599999999999991 186.47553645360426 55.597310922885725
6.69999999999999 179.40351330697354 55.30732514726383
6.79999999999999 178.58481445155275 53.881275550271035
6.89999999999999 176.649251001146 54.71093367394427
6.999999999999989 173.5540139968473 52.06971688081778
7.099999999999989 169.14608384750886 52.64613531595601
7.199999999999989 168.34840813386495 51.407423010425184
7.299999999999988 163.31568532658162 53.35622107044587
7.399999999999988 164.6644221425074 51.113880926011355
7.499999999999988 162.90028277943318 49.871654277949155
7.599999999999987 158.9463965325202 49.608651420770876
7.699999999999987 158.6544271364571 49.20412560026704
7.7999999999999865 153.4762933914647 49.69883888032548
7.899999999999986 147.51535666728108 48.72470689644974
7.999999999999986 149.77527600875902 47.446354345243805
