# Rounds: 100, repetitions: 1000
# Good arm ~ N(5.0,3.0), 10 bad arm(s) ~ N(3.0,3.0)
# Observation noise range from 0.5 to 8.0 with step size 0.1

# Observation noise | mean | standard deviation

0.5 406.6423512364182 74.94253927586365
0.6 401.6390496734712 72.50029653408536
0.7 403.19326866665637 70.89241966459349
0.7999999999999999 400.1519351730464 71.91710239414068
0.8999999999999999 400.23715020542613 69.71241061470343
0.9999999999999999 404.94432208899224 67.89207729970383
1.0999999999999999 401.3032672355826 66.4049787616506
1.1999999999999997 399.5414770547788 65.63725742707192
1.2999999999999996 399.80734853467277 64.38347848787396
1.3999999999999995 398.75841448648043 65.09937103114167
1.4999999999999993 398.08815705186714 62.41300318513502
1.5999999999999992 397.1976017719647 59.74979841307237
1.699999999999999 392.0728486009728 59.88014528444428
1.799999999999999 394.5495686333778 58.23987562021955
1.8999999999999988 392.0824634641265 60.601665674356184
1.9999999999999987 390.81973714103594 55.80806500094464
2.0999999999999988 390.54276009997324 56.367438059516594
2.199999999999999 385.6850544143428 55.31908485127468
2.299999999999999 383.6657127813423 54.294763897723236
2.399999999999999 382.48978726672186 55.33946489430357
2.499999999999999 379.4510892608253 54.5604512745289
2.599999999999999 375.9729218976323 55.082717814327644
2.6999999999999993 375.95241442503806 53.277792574453464
2.7999999999999994 374.5897410182186 51.202794180547706
2.8999999999999995 371.97930504338655 50.94497243054455
2.9999999999999996 371.81666676918604 49.69340567415561
3.0999999999999996 370.64811503558747 48.71207302732039
3.1999999999999997 367.76133540723544 49.47236762484394
3.3 365.45824031674744 48.1042112154942
3.4 364.52895994312837 48.928741779343994
3.5 363.3165121541453 48.7512505490012
3.6 362.7635933969065 47.63763381677174
3.7 361.6397119237433 44.40613844414973
3.8000000000000003 357.654636171547 44.14943593076955
3.9000000000000004 360.2149075926449 44.018743065846174
4.0 355.40234584307314 42.86753828013759
4.1 353.7689190129235 42.14284222670475
4.199999999999999 355.86755217970284 43.09037582144332
4.299999999999999 353.3505279653174 42.722504231360965
4.399999999999999 352.2212974096888 42.319160277712506
4.499999999999998 349.57479139511713 40.59500799079922
4.599999999999998 347.667847381512 41.7718127952645
4.6999999999999975 346.78840660830195 40.66284790192338
4.799999999999997 346.248494791077 40.71314343976566
4.899999999999997 347.44540038827665 40.10037301056682
4.9999999999999964 346.1380414575571 39.370904739983395
5.099999999999996 344.01024471355424 38.84229932908122
5.199999999999996 343.77985343517946 37.07032111948803
5.299999999999995 340.6755492208012 38.48208697185596
5.399999999999995 341.75135366736043 38.403152271404785
5.499999999999995 338.86156179124725 38.148684295225806
5.599999999999994 342.295970201371 36.38843062719738
5.699999999999994 336.39206136460064 37.66076399234849
5.799999999999994 337.43628753035597 36.77410981820827
5.899999999999993 338.43936735672116 35.4973098160958
5.999999999999993 335.1426990919234 34.94814987250596
6.0999999999999925 336.9555173672202 35.30558643776769
6.199999999999992 335.5260218143427 35.200771349300666
6.299999999999992 336.45260274942603 36.48000129623782
6.3999999999999915 335.97846040451276 34.350279637349644
6.499999999999991 332.8929909550319 35.151531909480724
6.599999999999991 332.8959112568584 34.747330569956
6.69999999999999 336.35169516260004 34.63821453482627
6.79999999999999 333.97840189926626 36.07037937920938
6.89999999999999 331.04233886885197 34.498879000157224
6.999999999999989 331.2821742589612 34.0524909443181
7.099999999999989 332.725718154834 33.13456188050237
7.199999999999989 331.1931753612771 33.4841715380055
7.299999999999988 330.8152574536164 34.2002546910364
7.399999999999988 330.9852190499401 32.40748755390069
7.499999999999988 329.5509977984223 31.71308302050222
7.599999999999987 330.5627871392513 33.374906319582365
7.699999999999987 328.972691156146 32.95136394141774
7.7999999999999865 331.1046223734015 33.49864393565385
7.899999999999986 328.7763435293422 32.90729212696815
7.999999999999986 328.8575172703659 33.56907295023231
