# Rounds: 100, repetitions: 1000
# Good arm ~ N(5.0,5.0), 10 bad arm(s) ~ N(2.0,5.0)
# Observation noise range from 0.5 to 8.0 with step size 0.1

# Observation noise | mean | standard deviation

0.5 343.2447934754521 118.36617863262343
0.6 329.3287483042872 117.14799570520462
0.7 342.53463250323983 115.9227338884627
0.7999999999999999 338.80574836811405 116.36796582982512
0.8999999999999999 343.33265471632245 113.20847217970471
0.9999999999999999 342.9336957253091 116.98321409869882
1.0999999999999999 341.2250645151591 112.73088029672223
1.1999999999999997 340.8292739780809 111.18224449353673
1.2999999999999996 344.6397947108716 109.53943934906435
1.3999999999999995 345.66438729703304 107.03889167081871
1.4999999999999993 338.5180775097421 105.33449210853477
1.5999999999999992 340.6019152485243 105.86697922120767
1.699999999999999 337.56485689272233 103.94191240913521
1.799999999999999 343.04790995789085 103.2533288740793
1.8999999999999988 340.28522073373756 104.51043728215899
1.9999999999999987 331.53214622597085 98.787090478552
2.0999999999999988 337.19502748786095 98.4587354008992
2.199999999999999 338.18435545674896 99.58388722509805
2.299999999999999 336.27671023123304 100.20504506186232
2.399999999999999 332.18745759927987 91.15247072509833
2.499999999999999 333.44251005871445 96.39634074351368
2.599999999999999 323.2110706999757 96.92719362901448
2.6999999999999993 322.05950559926396 91.4663336612256
2.7999999999999994 327.73674448988965 94.62892785241112
2.8999999999999995 325.22551704767005 93.29086674225915
2.9999999999999996 325.6570179390234 91.74078498533386
3.0999999999999996 319.18042101502385 92.47795745212593
3.1999999999999997 318.16506265236984 89.04190174521715
3.3 313.812248121738 89.55524546876798
3.4 313.208269448815 86.54319795847735
3.5 313.3132124746309 87.20172122934491
3.6 308.0947759976113 82.38806275954732
3.7 307.33699680684754 87.48052488722865
3.8000000000000003 306.10479558018864 83.31712042929598
3.9000000000000004 304.1516841412275 83.19735632009503
4.0 298.2484788350226 82.6343603715812
4.1 299.8063982851563 79.57723075324358
4.199999999999999 301.93781020268835 79.63822158566953
4.299999999999999 298.0050721048497 78.79129818722961
4.399999999999999 294.1474000966296 80.13294706889377
4.499999999999998 292.22954947689436 76.74492854238042
4.599999999999998 288.40875940626063 77.54978736087598
4.6999999999999975 292.5999951208259 76.35646271701998
4.799999999999997 285.4723076450781 75.5491186063753
4.899999999999997 289.2644535368773 77.90753385261065
4.9999999999999964 282.29302195910816 74.96133301583271
5.099999999999996 283.86356326748955 72.04938345868392
5.199999999999996 282.6700598779405 69.42741345235366
5.299999999999995 278.6872987617439 73.29167432800192
5.399999999999995 280.3033742174145 69.63402667382773
5.499999999999995 278.34390723338646 69.76863493715052
5.599999999999994 274.0620097405307 69.46656694912795
5.699999999999994 270.14722239628617 67.55311697690281
5.799999999999994 274.3640719545048 70.27446879714303
5.899999999999993 266.10890538138085 64.41895773161822
5.999999999999993 271.2684106264997 66.02230797661583
6.0999999999999925 269.11084325904784 67.4208144235634
6.199999999999992 267.7082543127537 65.89043090138794
6.299999999999992 265.862507086989 64.53523717262227
6.3999999999999915 265.67857480339904 65.11138944016922
6.499999999999991 263.51478618408424 64.93182741623266
6.599999999999991 265.0549228451433 62.93949908188022
6.69999999999999 259.5550935664879 66.67064486526651
6.79999999999999 262.34424582066487 65.62316813298789
6.89999999999999 257.0197991921183 58.77438393380259
6.999999999999989 258.6865428707031 62.477796682359426
7.099999999999989 254.57660444463178 61.49695421234402
7.199999999999989 256.60541476831406 60.3213819933587
7.299999999999988 251.30447999908665 58.392027884206925
7.399999999999988 261.60607281691085 61.4931113531744
7.499999999999988 258.6837104651162 60.250952635214354
7.599999999999987 256.73416777656786 64.56960077626643
7.699999999999987 252.0452341849451 59.77966734558335
7.7999999999999865 253.83499087822932 58.58273933918157
7.899999999999986 251.90644653450403 58.63893456617964
7.999999999999986 252.6749626323668 57.06408240100464
