# Rounds: 50, repetitions: 1000
# Good arm ~ N(5.0,2.0), 13 bad arm(s) ~ N(5.0,2.0)
# Observation noise range from 0.5 to 8.0 with step size 0.1

# Observation noise | mean | standard deviation

0.5 255.19603046179841 13.76824149662183
0.6 255.36466354262 14.463907287884583
0.7 254.36194352514093 14.170554075993302
0.7999999999999999 255.21431069719 14.165400903795879
0.8999999999999999 254.5833565535177 13.88364124711588
0.9999999999999999 255.27841041612214 14.259222282647814
1.0999999999999999 255.30650333522743 14.91861670931766
1.1999999999999997 254.586579835653 14.674983541441271
1.2999999999999996 255.1146062258588 14.39686864761044
1.3999999999999995 254.52056374616623 14.45306428671213
1.4999999999999993 255.03178383419086 14.129433759200591
1.5999999999999992 255.57891484503108 14.576287100695644
1.699999999999999 255.04463411520007 14.655765946394284
1.799999999999999 254.85331986517315 14.421806136104966
1.8999999999999988 255.56124096869684 13.945964982099301
1.9999999999999987 255.16869214341023 14.534442548891281
2.0999999999999988 255.04444963451633 14.098638482796343
2.199999999999999 254.3153687823402 13.89474965302643
2.299999999999999 255.6266485464795 14.20314498610786
2.399999999999999 255.55224986179547 13.741911480840573
2.499999999999999 254.69869779073287 14.31093044953592
2.599999999999999 255.01453305906227 14.09606671604853
2.6999999999999993 254.39755913908056 14.471847198910266
2.7999999999999994 255.655007417159 13.60659236635235
2.8999999999999995 254.5095035621858 14.368325785144327
2.9999999999999996 254.69404984109067 14.173137830460048
3.0999999999999996 254.49956746562924 14.1951722551968
3.1999999999999997 255.87380282549304 13.78874232559225
3.3 255.506868098199 14.542931894392206
3.4 254.47930544145586 14.295568396674973
3.5 255.19661991173896 14.022713798838241
3.6 254.63423005621078 13.977417546796417
3.7 254.59626385901487 14.300992723966688
3.8000000000000003 254.19155776010496 14.500328398432236
3.9000000000000004 256.16471804483325 14.304522071909274
4.0 254.84071473988382 13.758631906719879
4.1 255.30017305479964 13.853427071561706
4.199999999999999 255.97898463031547 14.381395056544953
4.299999999999999 255.29003665689808 14.099574519570984
4.399999999999999 254.99102777952217 13.90788019236751
4.499999999999998 255.16123842573015 14.103760565212255
4.599999999999998 254.37129621304538 14.271938470309998
4.6999999999999975 255.80368325544597 14.905226130199589
4.799999999999997 254.6219950350786 13.556706653701605
4.899999999999997 254.31246967196998 14.769496474259798
4.9999999999999964 254.80782584297407 14.2001836748929
5.099999999999996 254.96121115029467 13.791699377789508
5.199999999999996 254.76827814930996 14.498280295132263
5.299999999999995 255.47719385021045 13.764502820999056
5.399999999999995 254.6077352661172 14.049976706012048
5.499999999999995 254.74793443281592 14.211166089667318
5.599999999999994 254.77295704560603 14.345973393617237
5.699999999999994 255.59807090653104 13.975884555965077
5.799999999999994 255.37163947093973 14.362346303130261
5.899999999999993 255.35137481824603 14.469221896906808
5.999999999999993 254.72808449035978 13.55266703170012
6.0999999999999925 254.45267096557652 14.418879681044944
6.199999999999992 255.57541489418614 14.615500695820167
6.299999999999992 254.45867690966318 13.94744459898795
6.3999999999999915 254.63433801470654 14.006978499889518
6.499999999999991 255.1621831652538 13.766148955506933
6.599999999999991 255.0934322244604 13.792927374545185
6.69999999999999 254.59999282716078 14.205335233801847
6.79999999999999 254.43212595485608 14.045994833716021
6.89999999999999 254.5938917366523 14.686553175067509
6.999999999999989 255.60567123859127 14.640415057658783
7.099999999999989 254.3906175714019 14.17068761421292
7.199999999999989 255.28975291686476 14.317682802216943
7.299999999999988 254.33996186585122 13.903889360203271
7.399999999999988 254.95819167198306 14.25464686153942
7.499999999999988 254.75958661092108 14.609350641464122
7.599999999999987 255.38950660915586 14.562430678120064
7.699999999999987 255.0015570428386 14.603858637498806
7.7999999999999865 255.61838235226762 13.965411437379963
7.899999999999986 254.56627292870974 14.292733481756793
7.999999999999986 255.28309552217965 14.986784899722865
