# Rounds: 50, repetitions: 1000
# Good arm ~ N(5.0,5.0), 16 bad arm(s) ~ N(0.5,5.0)
# Observation noise range from 0.5 to 8.0 with step size 0.1

# Observation noise | mean | standard deviation

0.5 104.20846445799137 71.63355578509956
0.6 101.19339042685786 69.82550559624829
0.7 102.77075281709998 68.66431033783296
0.7999999999999999 98.96579429438616 68.53068802364429
0.8999999999999999 101.40083337507208 66.8085263992177
0.9999999999999999 100.17507060597013 69.32839667592684
1.0999999999999999 96.14049155281643 68.96275446586951
1.1999999999999997 96.27523929172482 67.22027908552096
1.2999999999999996 99.10291301304743 68.3012321549168
1.3999999999999995 93.63777765872173 66.27269829731554
1.4999999999999993 94.60734367499613 64.73696296407945
1.5999999999999992 94.89022893838016 66.23492522547589
1.699999999999999 93.99950457785302 63.29186419388292
1.799999999999999 94.4616715258241 66.10863872100109
1.8999999999999988 91.68558179837473 63.625747114344385
1.9999999999999987 87.41311697478247 64.62558105704427
2.0999999999999988 87.70423595818275 64.27723114721722
2.199999999999999 87.21136426418884 60.69032408534861
2.299999999999999 88.87549501241433 58.88343954648659
2.399999999999999 85.8575759466591 60.8208274635721
2.499999999999999 85.10962459900433 58.40308435338627
2.599999999999999 83.86394873746235 59.03889299993265
2.6999999999999993 79.89693930314778 61.11809722830645
2.7999999999999994 78.6030950000085 58.433154829002845
2.8999999999999995 78.5431527902448 57.68196523819787
2.9999999999999996 77.84639036302951 59.06320373638429
3.0999999999999996 78.18938517519288 56.28008879331152
3.1999999999999997 75.8522647228868 56.103281781933596
3.3 74.97081478633628 54.093069390628784
3.4 72.39979323738572 54.843326608800936
3.5 71.90168431465871 54.153843938397785
3.6 71.12569284062867 54.08853336456494
3.7 69.19086064300463 53.354941313551464
3.8000000000000003 68.53408898786172 53.23406218307223
3.9000000000000004 69.94202759008652 52.63749854216354
4.0 67.39321210983361 50.922455706853825
4.1 66.70575972025571 50.731966863504034
4.199999999999999 63.13294830833622 50.01487186971556
4.299999999999999 62.12638782247047 48.90782303518172
4.399999999999999 60.48043852274704 47.758492958814045
4.499999999999998 60.261294595902825 47.89119036716748
4.599999999999998 57.101453527660595 46.041091782562866
4.6999999999999975 59.130220153356646 46.75472635908217
4.799999999999997 56.73682428372664 44.273633942941785
4.899999999999997 56.292469740615125 44.239175606299504
4.9999999999999964 53.19791676784828 44.54831732284769
5.099999999999996 53.80180475149415 44.78629621637461
5.199999999999996 53.80918536441472 43.079759471368604
5.299999999999995 53.008151049045466 42.616573396944204
5.399999999999995 56.07368007525054 44.171796888966654
5.499999999999995 52.404888852632205 42.39921520615754
5.599999999999994 50.436013447527 43.3315729980232
5.699999999999994 50.7129258215787 42.48450200199945
5.799999999999994 48.5524411528682 42.702583780714676
5.899999999999993 50.282202521526614 39.9621618577199
5.999999999999993 50.944142312340865 39.96912078188323
6.0999999999999925 47.5652382620283 41.44478417147046
6.199999999999992 48.249556789026904 40.63545979343158
6.299999999999992 48.61045430208806 42.39203098745867
6.3999999999999915 47.72142078162101 41.09206159971443
6.499999999999991 49.16131086714161 37.179370823221724
6.599999999999991 50.465968301941395 38.17911786016896
6.69999999999999 47.35483855476407 39.079052314717
6.79999999999999 47.6973101678457 37.85743875786264
6.89999999999999 46.434270394073245 38.45501983312732
6.999999999999989 46.52597563802206 39.02570597852756
7.099999999999989 46.6770560019529 38.864816972853355
7.199999999999989 45.3839544642981 38.527668189932186
7.299999999999988 42.03260759104443 37.610834422385594
7.399999999999988 46.99323620340435 38.612826886533554
7.499999999999988 46.45687314017477 38.04872386872485
7.599999999999987 43.766236959130204 37.26526959186888
7.699999999999987 43.756142122866834 37.702427980560095
7.7999999999999865 44.67747020940686 37.95608637687548
7.899999999999986 45.62047395881352 39.282134151088265
7.999999999999986 43.827127949174354 36.29529430376875
