# Rounds: 500, repetitions: 1000
# Good arm ~ N(5.0,2.0), 16 bad arm(s) ~ N(1.0,2.0)
# Observation noise range from 0.5 to 8.0 with step size 0.1

# Observation noise | mean | standard deviation

0.5 2399.3382252135084 190.98915281633055
0.6 2409.738326298748 108.31451461587085
0.7 2412.484025672297 137.30615310137608
0.7999999999999999 2408.14446297442 101.81800342503713
0.8999999999999999 2406.6594999832337 75.04247179548092
0.9999999999999999 2401.597792301715 102.75543518184418
1.0999999999999999 2404.111890007222 82.8329102060606
1.1999999999999997 2399.953143556908 52.51661312427432
1.2999999999999996 2391.8760608768034 60.0864964585355
1.3999999999999995 2387.0649299990046 52.919308152427476
1.4999999999999993 2386.387794504539 51.12118642927215
1.5999999999999992 2376.128656901036 54.34056211709645
1.699999999999999 2364.1414421340364 53.59353768565139
1.799999999999999 2357.8374030030463 54.467608283241574
1.8999999999999988 2348.3749644378067 58.5115212751545
1.9999999999999987 2337.2790096413955 52.60968636705919
2.0999999999999988 2330.394495372923 57.62288235136581
2.199999999999999 2317.6310920760843 54.49408101678703
2.299999999999999 2309.9179671269053 55.71257950867338
2.399999999999999 2295.64494940399 57.900324482482034
2.499999999999999 2286.7500528150385 57.71424742096654
2.599999999999999 2277.4362091433695 58.70561495062818
2.6999999999999993 2264.15584249707 59.10070900394271
2.7999999999999994 2252.893219410775 60.04442419998134
2.8999999999999995 2241.8256724895355 59.46132250523433
2.9999999999999996 2223.902161409013 58.744501049175824
3.0999999999999996 2215.194085996952 62.54088406469715
3.1999999999999997 2204.0247268395883 63.06055817745459
3.3 2189.0824744087336 62.247299373316665
3.4 2174.3473518480528 63.646937728240594
3.5 2161.5148950116363 66.58153060814769
3.6 2146.904159714517 67.05107176298908
3.7 2134.177986110752 69.31175918405279
3.8000000000000003 2118.5919712543605 67.06098721021515
3.9000000000000004 2111.2099755323843 66.98257953061933
4.0 2095.462154491741 67.79931215465541
4.1 2077.2236242823633 74.61378168702053
4.199999999999999 2062.7845140715963 71.82413038881083
4.299999999999999 2049.193227216277 73.25758996651538
4.399999999999999 2033.095606322171 71.87076319292777
4.499999999999998 2017.8221927824666 76.68954076746002
4.599999999999998 2001.977186708506 73.47908457829075
4.6999999999999975 1991.4401317283755 79.7335706118957
4.799999999999997 1969.2828445963464 77.48866385583239
4.899999999999997 1958.044744851765 82.32757911577824
4.9999999999999964 1941.4308495314215 80.68040503051279
5.099999999999996 1923.6873221110984 85.68487191828996
5.199999999999996 1910.3957512097727 87.55847626563677
5.299999999999995 1894.3897559154573 85.42252712912767
5.399999999999995 1876.6948911734823 88.39298803611607
5.499999999999995 1862.5988072763016 86.79318390058194
5.599999999999994 1841.4069583615544 87.9926241055448
5.699999999999994 1829.3474295514377 89.517951362916
5.799999999999994 1813.2732716611988 90.0377035106334
5.899999999999993 1797.189217020716 92.3955121375708
5.999999999999993 1775.3652331850196 94.90960887531564
6.0999999999999925 1762.749028150588 97.35917903182633
6.199999999999992 1752.1536972609028 95.74678550153912
6.299999999999992 1726.034313076047 94.27434391445375
6.3999999999999915 1709.4256449505042 95.05109459446928
6.499999999999991 1698.0373583335358 98.63027282578031
6.599999999999991 1681.5737708622257 101.48157327828908
6.69999999999999 1658.0444419791447 104.26495701230013
6.79999999999999 1646.8886832576009 97.30155351656228
6.89999999999999 1635.5877248971158 99.01231643546207
6.999999999999989 1614.7946220173046 103.68713829063965
7.099999999999989 1596.9779277602922 103.93599701460253
7.199999999999989 1581.290485624746 105.55647874363267
7.299999999999988 1562.958337405887 104.77355837971818
7.399999999999988 1548.5868501644652 108.2241491744273
7.499999999999988 1528.2011440184915 105.50694151912974
7.599999999999987 1517.1726238680897 111.49727254637148
7.699999999999987 1506.469496115313 109.65191103487017
7.7999999999999865 1486.9308010886184 104.67559487135566
7.899999999999986 1461.350997402517 108.08484455941098
7.999999999999986 1454.8599514428727 111.60189652024873
