#Observation noise, mean, std-dev of cumulative reward over 1000 rounds
0.1 4552.6697710242315 475.83439650349715
0.2 4573.272268489549 455.1088497537199
0.30000000000000004 4654.578943674559 425.7517825394396
0.4000000000000001 4724.6303307843455 388.56419757326074
0.5000000000000001 4660.7365312873735 437.3331455627812
0.6000000000000001 4763.872472110012 339.050030815205
0.7000000000000001 4773.414991151507 342.7616009014061
0.8 4835.369026478279 283.0937814780457
0.9 4840.030101494915 218.802564539683
1.0 4774.10507405649 309.64434494216033
1.1 4865.270345701674 175.74073261448856
1.2000000000000002 4828.036258547486 226.91529261463467
1.3000000000000003 4790.826186241415 221.43459205596164
1.4000000000000004 4825.945454081151 141.3398467834008
1.5000000000000004 4809.808001842512 148.59280270899416
1.6000000000000005 4821.835484800217 132.73586896782922
1.7000000000000006 4790.234001986184 131.25222751394264
1.8000000000000007 4794.743575580313 81.05567905128994
1.9000000000000008 4774.840111600875 98.42532505304067
2.000000000000001 4770.463363053826 106.31105212788674
2.100000000000001 4746.71330823869 88.32565557450366
2.200000000000001 4732.386737443152 80.58835667001289
2.300000000000001 4714.7797287676085 132.751103305533
2.4000000000000012 4693.451932858088 110.38502143728657
2.5000000000000013 4702.023532923869 93.52345821869146
2.6000000000000014 4685.019033881367 95.68607892901002
2.7000000000000015 4663.2774941903745 90.24056976196333
2.8000000000000016 4639.116076315128 99.84863717965327
2.9000000000000017 4617.627254587384 101.3426020123875
3.0000000000000018 4626.037711446531 93.22503527880848
3.100000000000002 4601.189793594424 108.16478424655712
3.200000000000002 4606.378177797234 83.96904318045608
3.300000000000002 4584.690739281699 100.28566756271064
3.400000000000002 4567.880552682384 111.53704750927994
3.500000000000002 4551.668009958773 95.90755216526418
3.6000000000000023 4541.871033718507 90.43642071548985
3.7000000000000024 4528.356924249689 110.31718756729207
3.8000000000000025 4508.10537855236 98.82129489816751
3.9000000000000026 4508.497938734368 94.75747480603762
4.000000000000003 4484.204682133906 86.99963391963007
4.100000000000003 4478.108149140873 100.99405685635817
4.200000000000004 4474.356219249399 109.03722199707069
4.300000000000004 4476.273218366393 85.7729598920471
4.400000000000005 4448.964455917495 90.90988418738044
4.500000000000005 4441.31796688363 100.93830772503011
4.600000000000006 4437.124131311201 85.25366105819664
4.700000000000006 4429.340053991139 99.24584033562626
4.800000000000007 4417.736706045866 101.52288118653792
4.9000000000000075 4405.6655989573055 92.81551884394646
5.000000000000008 4412.88329341916 104.49170621546824
5.1000000000000085 4387.904417080869 96.42911986110275
5.200000000000009 4384.51146840008 91.79682687897173
5.30000000000001 4370.920623717541 79.35870965965123
5.40000000000001 4357.8166280603655 85.1765183005403
5.500000000000011 4348.347392943008 91.1716945605411
5.600000000000011 4341.15861356632 96.37241638982265
5.700000000000012 4344.238963615575 96.61094391334116
5.800000000000012 4339.181819108258 89.04657211135705
5.900000000000013 4319.5604645849035 84.51425037218804
6.000000000000013 4326.342603722333 86.84360230982308
6.100000000000014 4307.81510886323 84.37747689639465
6.200000000000014 4309.772853331703 73.46808221388159
6.300000000000015 4314.4431369081085 89.017300305581
6.4000000000000155 4310.85030732281 95.9010479366833
6.500000000000016 4300.182345977017 91.50451425753953
6.6000000000000165 4292.548946163552 87.77221132048551
6.700000000000017 4306.232092269477 86.83469840683512
6.800000000000018 4295.773037522201 83.39992296653729
6.900000000000018 4286.475612660486 76.51486902498155
7.000000000000019 4277.765427868837 77.21048781280886
7.100000000000019 4272.781372035405 79.15421081471378
7.20000000000002 4273.226211458041 88.10709146437743
7.30000000000002 4274.477593955075 75.80045783166847
7.400000000000021 4265.542817980141 76.44882431408995
7.500000000000021 4268.655870172572 75.04306621093644
7.600000000000022 4252.00525565865 81.91305850453757
7.700000000000022 4251.2074616369155 71.64046683115812
7.800000000000023 4248.209389397968 85.23275262516802
7.9000000000000234 4237.234269849818 72.27621197099157
8.000000000000025 4248.280646455074 74.23883126442263
8.100000000000026 4252.955173247106 66.07811151645154
8.200000000000028 4245.973828404345 83.28048389100647
8.30000000000003 4232.644233959215 66.45654923650564
8.40000000000003 4233.7783424447525 83.02322668170572
8.500000000000032 4232.065472134799 78.15961598190015
8.600000000000033 4223.911830595061 75.28401954442747
8.700000000000035 4233.5924787576805 81.32368909002692
8.800000000000036 4234.548895988535 72.43456049978613
8.900000000000038 4227.375839138686 71.92429750681183
9.000000000000039 4227.032697000435 71.0055330404747
9.10000000000004 4224.458410190863 77.71809629595278
9.200000000000042 4205.1659652711105 77.20011875275836
9.300000000000043 4215.389172300634 73.24744674169405
9.400000000000045 4227.175892858517 73.20181990949035
9.500000000000046 4203.938865531508 59.5503413859471
9.600000000000048 4215.452100498119 66.07441406554393
9.700000000000049 4216.692543394221 85.04680408181595
9.80000000000005 4209.854673931689 63.67543075325834
9.900000000000052 4200.494728478492 69.51649805006409
10.000000000000053 4205.864948353541 82.45499659396737
10.100000000000055 4215.369168132121 66.36115233571813
10.200000000000056 4203.79065816299 67.57106108284374
10.300000000000058 4208.025956145816 74.41042880503181
10.400000000000059 4198.121647874612 68.74963093310409
10.50000000000006 4206.643308227992 60.04820324059681
10.600000000000062 4208.40810278386 74.44777997185984
10.700000000000063 4190.594477920889 68.57474585876956
10.800000000000065 4196.9766332247555 69.03618411781436
10.900000000000066 4189.137136883544 76.56487859712975
11.000000000000068 4186.461482144369 58.76209192613384
11.100000000000069 4202.528541383557 67.90001600767108
11.20000000000007 4185.261089367502 67.66087630529256
11.300000000000072 4185.127067105509 62.63913575365342
11.400000000000073 4188.377229591705 73.85372511044868
11.500000000000075 4192.989692568303 68.49001289557994
11.600000000000076 4186.378775736139 67.64919734466064
11.700000000000077 4173.752981573206 62.963232276847826
11.800000000000079 4172.187328120319 67.34517997442795
11.90000000000008 4176.3519935353 73.06323082900784
12.000000000000082 4179.828281100294 64.53212628290227
12.100000000000083 4188.3591115848085 70.27824552844658
12.200000000000085 4182.100960754957 63.56865437927692
12.300000000000086 4188.1844608434 66.02730287128057
12.400000000000087 4183.302028027873 65.65850771115
12.500000000000089 4173.929456192694 66.34858134869023
12.60000000000009 4174.836600936782 66.12196718740586
12.700000000000092 4184.404904316827 70.43545442655618
12.800000000000093 4186.710604355248 67.53113815506569
12.900000000000095 4185.07061502764 64.05342195663889
13.000000000000096 4166.593980120007 63.57472213793845
13.100000000000097 4173.034564364796 73.46544257111915
13.200000000000099 4164.341402929403 68.00837831814478
13.3000000000001 4176.003059996281 72.22996256986119
13.400000000000102 4167.966975439435 61.64184784026798
13.500000000000103 4169.270011275541 71.85940235913995
13.600000000000104 4163.118665817768 68.23919422634107
13.700000000000106 4166.641064130545 74.06011865222729
13.800000000000107 4172.953783728566 66.24772818597727
13.900000000000109 4150.361485679636 57.4853525995009
14.00000000000011 4167.9043856472135 62.840674557406885
14.100000000000112 4165.416193875519 66.61937430239696
14.200000000000113 4162.5658754582155 57.03387902955936
14.300000000000114 4168.901989530661 64.11724978816174
14.400000000000116 4171.83969235256 72.33987373740003
14.500000000000117 4166.3596982504905 66.92080083563688
14.600000000000119 4163.82255994838 59.31075145281828
14.70000000000012 4164.271688295978 74.25123460164035
14.800000000000122 4167.525981175054 67.5568913552709
14.900000000000123 4158.985485699122 69.27982386510855
15.000000000000124 4165.897586373587 56.102874096330524
15.100000000000126 4157.527299154042 71.42590453817654
15.200000000000127 4161.133239883417 72.21602205208373
15.300000000000129 4161.397648024469 65.86539420462309
15.40000000000013 4161.05253050849 64.76585902073822
15.500000000000131 4154.440841105782 65.26265689636185
15.600000000000133 4156.14169042413 65.2858437196814
15.700000000000134 4158.912974175582 64.56571052400562
15.800000000000136 4150.649800580935 70.054335609872
15.900000000000137 4154.74721966831 66.66479749510964
16.00000000000014 4157.208593235628 64.70909890620693
16.10000000000014 4158.360858307022 57.21642914774501
16.20000000000014 4154.057213220974 75.48138534991988
16.300000000000143 4144.127495790754 72.39252747432288
16.400000000000144 4156.502807188555 63.769731702674704
16.500000000000146 4151.974553772635 70.65440253719262
16.600000000000147 4155.055358798651 73.12726182685343
16.70000000000015 4144.476145921382 69.05513712656631
16.80000000000015 4156.683415886597 56.65082786335534
16.90000000000015 4162.562919299396 75.14451113402978
17.000000000000153 4149.540489232967 62.30166420198391
17.100000000000154 4146.155836540715 68.18779844561773
17.200000000000156 4148.090409768816 63.248101990409644
17.300000000000157 4150.6737750474485 67.8384938798758
17.40000000000016 4138.501214805279 62.75094090223478
17.50000000000016 4154.734337831606 75.26494719659229
17.60000000000016 4145.183518867187 62.47609145805318
17.700000000000163 4152.673141008003 66.7895809530034
17.800000000000164 4140.447286422162 61.534862468572676
17.900000000000166 4152.774366249443 66.52329836657289
18.000000000000167 4157.031342501013 64.4253369936339
18.10000000000017 4147.072803546654 69.80060961990536
18.20000000000017 4139.565374462162 65.58898820958814
18.30000000000017 4150.4270061586685 62.57651043975772
18.400000000000173 4148.956454382878 60.65800508269841
18.500000000000174 4137.483448728382 76.10101152771702
18.600000000000176 4150.0644165208605 60.74485902078767
18.700000000000177 4149.8433014577995 55.424697224379535
18.80000000000018 4139.122637326153 60.84075602248169
18.90000000000018 4131.441234390189 57.07067627907559
19.00000000000018 4135.490558635908 64.47502407140959
19.100000000000183 4147.665435898684 63.938095899909015
19.200000000000184 4149.729806614309 62.90560078050319
19.300000000000185 4142.463243263577 57.33342064131643
19.400000000000187 4139.891887045636 63.183081303144554
19.50000000000019 4148.8591689974855 64.70390961188076
19.60000000000019 4133.411266879951 67.69883523023478
19.70000000000019 4137.248581755084 60.61849758508973
19.800000000000193 4149.365015702773 59.594225487544556
19.900000000000194 4142.319704195424 61.56851808824923
20.000000000000195 4145.191197511125 59.35470036131456
20.100000000000197 4137.1656862390755 63.44264897540586
20.2000000000002 4137.75821410769 62.91893565328327
20.3000000000002 4141.389262879155 68.31737505931554
20.4000000000002 4144.031875110359 61.104688640281054
20.500000000000203 4145.106425916032 59.98413298828521
20.600000000000204 4131.454103546931 62.857434037653206
20.700000000000205 4142.782980658089 65.8407673345219
20.800000000000207 4149.198344943783 70.30302493666161
20.900000000000208 4143.677664349969 58.38318542919271
21.00000000000021 4135.329790521797 58.74862942818136
21.10000000000021 4146.443135754347 70.8844165876291
21.200000000000212 4126.849621624518 71.0875458431897
21.300000000000214 4136.658590818664 63.376438248219294
21.400000000000215 4135.058303254023 58.86586134210758
21.500000000000217 4141.378179173842 62.49379551188603
21.600000000000218 4124.520770582434 61.35434590762162
21.70000000000022 4130.481537380814 60.08384958043774
21.80000000000022 4135.966447090109 69.45248328943312
21.900000000000222 4131.71941178785 62.8513378369444
22.000000000000224 4140.735595365623 67.78861733903003
22.100000000000225 4134.410270264014 61.789154480122434
22.200000000000227 4146.383817440824 58.18491912229732
22.300000000000228 4131.915393699866 62.318815714347295
22.40000000000023 4143.232590394412 70.8806835454587
22.50000000000023 4137.039551809733 60.56113903376168
22.600000000000232 4126.867385842345 69.03635673998124
22.700000000000234 4133.0681183700235 57.723826065415814
22.800000000000235 4133.924143238159 70.57845642497712
22.900000000000237 4139.075187543862 64.32546375395906
23.000000000000238 4133.519793741615 66.44143625975421
23.10000000000024 4132.723726211527 63.48160969301197
23.20000000000024 4131.124998813858 63.90607265103141
23.300000000000242 4136.436945910077 62.3228632587312
23.400000000000244 4122.918651614732 56.39551310059221
23.500000000000245 4130.133227853489 64.4508051738587
23.600000000000247 4123.901026297555 64.43139404041888
23.700000000000248 4141.82440504388 58.309508285926846
23.80000000000025 4123.109184731317 60.0931972797032
23.90000000000025 4129.027415359322 65.2731291604811
24.000000000000252 4128.421665720686 65.92565453944596
24.100000000000254 4128.493081900184 64.19858280630078
24.200000000000255 4124.426472854306 71.38779184865253
24.300000000000257 4128.777448759127 63.18699259284619
24.400000000000258 4127.752145751282 66.28424559773603
24.50000000000026 4136.201171607788 61.902040279003764
24.60000000000026 4137.6670672079235 64.59748049595986
24.700000000000262 4126.141818533971 71.63054786292089
24.800000000000264 4137.27240520988 69.94334363467465
24.900000000000265 4132.747626687071 68.20859681007146
25.000000000000266 4124.573757368672 60.77072217840212
25.100000000000268 4129.832645352545 74.34805196958631
25.20000000000027 4136.724704075141 63.970495776775806
25.30000000000027 4126.005262759069 63.105390191492674
25.400000000000272 4124.6084401882335 63.77759415782513
25.500000000000274 4122.470547332339 54.19153002191878
25.600000000000275 4131.218620470534 68.85152365925512
25.700000000000276 4128.377251052846 65.06521361653868
25.800000000000278 4123.725751071767 72.15168408535774
25.90000000000028 4128.783892391087 69.74688455657191
26.00000000000028 4126.648850739674 69.8494740446436
26.100000000000282 4122.9116370841275 58.3490724991837
26.200000000000284 4131.279084902123 63.08230999345418
26.300000000000285 4124.738104837248 62.54952310799836
26.400000000000286 4136.101694355821 62.496089856438594
26.500000000000288 4123.828283172666 54.26573697011807
26.60000000000029 4127.534925544696 65.15141120078279
26.70000000000029 4125.379036364712 64.53736999461715
26.800000000000292 4132.946709638991 57.15612395687884
26.900000000000293 4128.531625766785 66.53505055192487
27.000000000000295 4120.598797996764 69.924938893683
27.100000000000296 4131.042557107431 75.83631143068062
27.200000000000298 4125.687561343202 64.8470151904565
27.3000000000003 4128.4717391047125 69.97012417654615
27.4000000000003 4124.126167603031 58.12510719598576
27.500000000000302 4124.684049837254 68.96911203479289
27.600000000000303 4119.402476417465 65.40813141901049
27.700000000000305 4130.100964860385 65.06033932465844
27.800000000000306 4129.444204599343 58.767470229808836
27.900000000000308 4121.629313406345 66.75900931763906
28.00000000000031 4121.955847043766 67.77387147778477
28.10000000000031 4117.571295554073 63.09637623427524
28.200000000000312 4121.341967359105 59.07269007676082
28.300000000000313 4121.423538652638 65.90351677248941
28.400000000000315 4122.320149662821 72.19186510920206
28.500000000000316 4115.1582904515635 58.083573189503205
28.600000000000318 4123.468900131962 70.30978034101402
28.70000000000032 4127.04400343755 57.70452351221411
28.80000000000032 4119.819911527748 57.469994736697906
28.900000000000322 4115.832208930927 57.37179779598505
29.000000000000323 4123.036953137916 65.63837849328763
29.100000000000325 4134.669698017947 65.38577077083323
29.200000000000326 4122.869248707508 62.902411713303884
29.300000000000328 4118.41525798039 64.65148811940246
29.40000000000033 4121.908444810824 60.194697588963955
29.50000000000033 4126.8514729731405 60.413832104553144
29.600000000000332 4120.397554856161 68.53603473977172
29.700000000000333 4116.986816974115 72.00038475678114
29.800000000000335 4119.839948478113 61.275049469167
29.900000000000336 4115.34980776868 68.452190833209
30.000000000000338 4128.969214067373 58.557498774531545
