# Rounds: 50, repetitions: 1000
# Good arm ~ N(5.0,2.0), 19 bad arm(s) ~ N(0.5,2.0)
# Observation noise range from 0.5 to 8.0 with step size 0.1

# Observation noise | mean | standard deviation

0.5 157.34406536811846 29.41688352143366
0.6 157.1884384218478 30.122706642278484
0.7 156.56400462281056 29.26798510883627
0.7999999999999999 156.1501046737727 28.737492804526727
0.8999999999999999 152.10973278522437 30.320437683048
0.9999999999999999 150.60007279729342 28.972752444845813
1.0999999999999999 149.3611422261123 30.557670935702056
1.1999999999999997 148.38005929361913 29.4132039558206
1.2999999999999996 143.16686907725145 31.296620826603156
1.3999999999999995 140.9461376322878 31.45971716796974
1.4999999999999993 137.80228292540204 32.14973623382971
1.5999999999999992 136.24339837454795 32.44404214398591
1.699999999999999 134.82680708478682 31.923386109938203
1.799999999999999 125.94661727943183 35.424448824660345
1.8999999999999988 123.9797715901879 34.51604328189525
1.9999999999999987 121.35514889738128 34.887257348732156
2.0999999999999988 117.34980325179274 35.14239698830429
2.199999999999999 111.70214366368359 36.04035595180349
2.299999999999999 107.59709282090957 35.677968715757224
2.399999999999999 106.89467765486101 35.6124670024112
2.499999999999999 100.31834115885874 36.123750529746694
2.599999999999999 98.993627083963 34.157979113984766
2.6999999999999993 93.79951415238932 36.232034751432
2.7999999999999994 88.44517027131845 33.63775072767476
2.8999999999999995 86.32823054160387 31.375576946204127
2.9999999999999996 83.44517669685791 32.881366748457694
3.0999999999999996 79.40023689527769 31.923182325298715
3.1999999999999997 76.88059705460259 30.438813251032666
3.3 75.37508119235794 31.864079899334737
3.4 72.21999106984059 30.425493360813512
3.5 69.54366617070265 29.44401234743306
3.6 68.03321026194958 28.03635336842315
3.7 65.75409510551398 26.8458160512129
3.8000000000000003 63.53954954184707 27.547045358324926
3.9000000000000004 62.17083885518015 26.39446192749133
4.0 59.70128453407715 25.06902213788213
4.1 58.09809154253279 25.75692091982246
4.199999999999999 58.43078805224631 23.974613397805886
4.299999999999999 56.536069262891715 23.48610780115928
4.399999999999999 55.02675622954983 22.73760820357644
4.499999999999998 53.752832195208946 22.95620983638036
4.599999999999998 53.43938689159416 23.181285701170292
4.6999999999999975 52.69887803774594 22.88469764849219
4.799999999999997 51.745158268778184 22.381452568747683
4.899999999999997 50.563256877715226 21.859896413064288
4.9999999999999964 49.093628164499016 20.486693524295873
5.099999999999996 48.9467285186198 20.125126391423642
5.199999999999996 48.94054125773148 20.614681198274397
5.299999999999995 47.685440857327286 19.82130765180718
5.399999999999995 47.0959571810017 19.405106625186605
5.499999999999995 47.41102786825977 19.423559910821687
5.599999999999994 47.437562077585355 19.330213860625726
5.699999999999994 46.365073535393726 18.781217528057304
5.799999999999994 45.60617541155042 18.626849017614862
5.899999999999993 45.566863845045894 18.263299444668277
5.999999999999993 44.80058337013635 19.207614886510573
6.0999999999999925 44.104422007620926 18.506523664605723
6.199999999999992 44.71234394606242 18.160131217422453
6.299999999999992 44.59504987924598 18.203480666800314
6.3999999999999915 42.48524823199391 18.364183267607814
6.499999999999991 42.814548898292294 18.439843221920764
6.599999999999991 44.41132059158053 18.17807131639401
6.69999999999999 41.994091583437786 17.77784191563731
6.79999999999999 43.15057074878384 17.63521022186153
6.89999999999999 42.70079929329418 18.666989968975066
6.999999999999989 42.79212893507356 17.410393179617223
7.099999999999989 41.86516384860399 16.863790122342017
7.199999999999989 40.493174645538154 17.05999176888383
7.299999999999988 42.26937298052308 17.626649201749753
7.399999999999988 40.76164602813985 17.874177209950947
7.499999999999988 41.05508590369729 17.35170748925689
7.599999999999987 41.32157158595483 17.94213424301086
7.699999999999987 41.62190583017598 16.846006825608715
7.7999999999999865 40.346685071068244 16.69859223899131
7.899999999999986 40.40687343970339 17.159143144376362
7.999999999999986 40.63630155729153 17.26467520699005
