# Rounds: 50, repetitions: 1000
# Good arm ~ N(5.0,5.0), 19 bad arm(s) ~ N(4.0,5.0)
# Observation noise range from 0.5 to 8.0 with step size 0.1

# Observation noise | mean | standard deviation

0.5 208.01736527330348 36.187087431880435
0.6 206.31342478251347 37.29624795221756
0.7 209.50027284456482 36.9524609283705
0.7999999999999999 205.8985645407264 36.095172444156276
0.8999999999999999 207.29605033518695 36.50948356787824
0.9999999999999999 209.054586680566 36.585127121162586
1.0999999999999999 207.70753146307422 36.29454126603851
1.1999999999999997 207.24377936699756 37.38417484103603
1.2999999999999996 210.4433426543364 36.851982312935185
1.3999999999999995 209.01935427380144 36.127928705260985
1.4999999999999993 209.06016543144668 36.91559546358333
1.5999999999999992 208.00606811307625 34.17965497872118
1.699999999999999 205.951775847759 37.367814018373984
1.799999999999999 208.03875561547125 35.84707236240329
1.8999999999999988 209.47831561323252 36.99484851987245
1.9999999999999987 209.32646911332864 36.25451544876848
2.0999999999999988 206.78688152056924 36.18046288717045
2.199999999999999 208.14317221489082 36.2797180422815
2.299999999999999 209.66053872340768 36.06159738418966
2.399999999999999 208.79000149061756 36.99951253040635
2.499999999999999 208.1884267375683 36.0405787647837
2.599999999999999 208.63897886704987 36.90549754780838
2.6999999999999993 207.43624851907347 35.18060543227934
2.7999999999999994 206.0262625044786 37.24669817316618
2.8999999999999995 207.50967512560288 36.24040295911991
2.9999999999999996 206.35356371842732 36.074712333521326
3.0999999999999996 208.34785149044973 36.052048761805395
3.1999999999999997 206.7580578941613 37.42717120482083
3.3 207.23166837985718 36.161113191688685
3.4 208.0583338765622 36.56587827328127
3.5 205.47135165514302 35.96742893140236
3.6 208.18264498620508 35.51693468578517
3.7 207.82619876973456 36.36342303086739
3.8000000000000003 207.8229302147569 36.529233961647726
3.9000000000000004 207.4768559127465 34.86244436893255
4.0 205.27282010854537 37.60437489792384
4.1 208.53698201339407 34.968800015971254
4.199999999999999 205.47299130494306 37.397783997272775
4.299999999999999 206.78970929198104 34.83131989633013
4.399999999999999 205.48805117694195 37.79104591631099
4.499999999999998 207.34977689302747 37.43066867393023
4.599999999999998 205.2169004479449 36.62871418150638
4.6999999999999975 207.3872850021881 35.640066573110346
4.799999999999997 208.64082415066008 36.52211763277494
4.899999999999997 207.7724344676136 36.77725703469502
4.9999999999999964 207.13785835792223 36.463114542981735
5.099999999999996 205.21428192868242 35.65988427270662
5.199999999999996 207.3074327098331 35.80900894848024
5.299999999999995 206.97432289666284 35.80365682679265
5.399999999999995 208.60661171653325 36.28503926012755
5.499999999999995 208.4173102152343 35.424599170679485
5.599999999999994 208.39297474245552 35.288550560144614
5.699999999999994 208.3757144324119 36.67418982749768
5.799999999999994 206.79705279985785 35.73229500135933
5.899999999999993 207.48828272707124 35.10549686427153
5.999999999999993 208.32970496593535 36.53387253227926
6.0999999999999925 207.3873500399988 36.23754480123482
6.199999999999992 206.44827309498143 35.99103925360544
6.299999999999992 205.98909193834368 36.674246389647216
6.3999999999999915 206.6312155966019 35.94959185354433
6.499999999999991 207.3943890790677 36.06780937121967
6.599999999999991 205.3122202249107 36.11202100011967
6.69999999999999 207.38500512095152 36.46364189378218
6.79999999999999 209.6142692754101 36.98583143306821
6.89999999999999 208.0052488682544 35.63748793237465
6.999999999999989 204.53079403022232 35.993079642636026
7.099999999999989 207.18714784910966 35.885722633468205
7.199999999999989 208.31892210318222 36.491584989435864
7.299999999999988 207.265858481227 35.21583020970786
7.399999999999988 205.6338043757887 36.1071971099092
7.499999999999988 204.73333927623602 36.06860002700239
7.599999999999987 207.202608669026 35.826452292630734
7.699999999999987 207.24658750524355 36.838325988724776
7.7999999999999865 206.27660233462618 35.795243293322535
7.899999999999986 206.5628911265943 35.73459612698203
7.999999999999986 208.1685507299182 36.49641602296248
