# Rounds: 10, repetitions: 1000
# Good arm ~ N(5.0,1.0), 4 bad arm(s) ~ N(2.4,1.0)
# Observation noise range from 0.5 to 4.0 with step size 0.1

# Observation noise | mean | standard deviation

0.5 42.434455708166965 7.217661266106292
0.6 42.40878815293619 7.330488576259011
0.7 42.00576802414356 7.5687823925291875
0.7999999999999999 42.26356459808408 7.555938706066346
0.8999999999999999 41.38219243002251 7.641713879930238
0.9999999999999999 41.125349847179066 7.725862802968536
1.0999999999999999 40.939229615690124 7.573367364316246
1.1999999999999997 40.17826783091159 7.580094250295897
1.2999999999999996 40.08403187687831 7.635664305602088
1.3999999999999995 39.286453893481635 7.448866810100959
1.4999999999999993 39.12157765027018 7.330892066625869
1.5999999999999992 39.05240611625072 7.652438181252755
1.699999999999999 38.125537474716246 7.3017802236958795
1.799999999999999 37.579093113344705 7.228232905468305
1.8999999999999988 37.33596176066572 7.3631474678984725
1.9999999999999987 37.294710498414275 7.32468380035996
2.0999999999999988 36.69652101090752 7.001489429466766
2.199999999999999 36.254687775823854 6.793979298956854
2.299999999999999 35.97170620256258 6.8130774716516465
2.399999999999999 35.512175426530845 6.891617254876578
2.499999999999999 35.6656374490649 6.777135710611059
2.599999999999999 35.182076660472674 6.614810018952435
2.6999999999999993 35.030840434411246 6.693326008811482
2.7999999999999994 34.18366111108061 6.33086943681767
2.8999999999999995 34.57363251622362 6.362870257221517
2.9999999999999996 34.599917840291795 6.294790361817375
3.0999999999999996 33.82976783216302 6.113480949764228
3.1999999999999997 33.89409094709772 5.940011725314474
3.3 33.986606718634796 6.10152520882672
3.4 33.777476827613654 6.072716976746898
3.5 33.47419126299918 5.99134461442864
3.6 33.25589758588065 5.98980403947438
3.7 33.42595786192748 5.911711041051374
3.8000000000000003 33.12752475589062 5.657827742882827
3.9000000000000004 33.277713909530924 5.662588706750666
4.0 32.961832347949944 5.472005166778403
