# Rounds: 10, repetitions: 1000
# Good arm ~ N(5.0,2.0), 4 bad arm(s) ~ N(3.7,2.0)
# Observation noise range from 0.5 to 4.0 with step size 0.1

# Observation noise | mean | standard deviation

0.5 44.827820925416795 7.441884331148048
0.6 44.896766360257004 7.810546793107111
0.7 44.84309642216185 7.900874152800088
0.7999999999999999 44.546166884189674 7.735476418769069
0.8999999999999999 44.580138414312806 7.531670010186082
0.9999999999999999 44.834015925603694 8.079652010795984
1.0999999999999999 45.09504372245103 7.676034013224655
1.1999999999999997 44.57918470328673 7.751687052316735
1.2999999999999996 44.6125101749937 7.359752197885934
1.3999999999999995 44.72355738976535 7.564254624014917
1.4999999999999993 44.44067621220739 7.745135556731389
1.5999999999999992 44.3873183892421 7.539568211521573
1.699999999999999 44.07129423144377 7.300014418577795
1.799999999999999 43.941979707716484 7.4337599665415794
1.8999999999999988 44.311428309486615 7.4519458006410595
1.9999999999999987 44.21015544253714 7.3830530264063725
2.0999999999999988 44.018566873905186 7.339249351766687
2.199999999999999 44.085151788555585 7.399397418980048
2.299999999999999 44.11098583197452 6.883544883769732
2.399999999999999 43.99408241084187 7.255389330896287
2.499999999999999 44.048133446853655 7.134982181795327
2.599999999999999 43.8349796600817 7.240616581178917
2.6999999999999993 43.735413515440825 6.915500902736825
2.7999999999999994 43.92607513108062 7.113044305908225
2.8999999999999995 43.8795075014834 7.156857107211106
2.9999999999999996 43.708167919916306 7.203670171317485
3.0999999999999996 43.61683050497603 7.180665185313573
3.1999999999999997 43.792904308826756 6.780424814862257
3.3 43.48666242525833 6.852824992342076
3.4 43.43189292798696 7.185965240389889
3.5 43.30047274770879 7.2346354374647275
3.6 43.2023953650225 7.285799069375542
3.7 43.833307174470235 7.043186835048876
3.8000000000000003 43.74040524819746 6.983783209858413
3.9000000000000004 43.45939006212599 7.028973772972166
4.0 43.82526764711347 6.958619867243878
