# Rounds: 10, repetitions: 1000
# Good arm ~ N(5.0,4.0), 4 bad arm(s) ~ N(2.5,4.0)
# Observation noise range from 0.5 to 4.0 with step size 0.1

# Observation noise | mean | standard deviation

0.5 36.542772169266506 15.54449891922918
0.6 36.85226556931893 15.396632633898937
0.7 35.670898769506344 15.48938542760811
0.7999999999999999 36.06352561699719 16.37281595581645
0.8999999999999999 36.94610106908708 15.59055461710038
0.9999999999999999 36.486478695029355 15.922492537562729
1.0999999999999999 36.252989047547345 15.174707455228356
1.1999999999999997 35.787311475080394 14.619086081461885
1.2999999999999996 36.308696501314415 15.345549212659044
1.3999999999999995 36.29904600337529 15.98009782523453
1.4999999999999993 35.941533947578115 15.22377599331957
1.5999999999999992 36.34822684600801 15.455818046368996
1.699999999999999 35.60652602762416 14.982360186895564
1.799999999999999 35.798609145356636 15.585487980232484
1.8999999999999988 35.80527165726435 15.218980154441908
1.9999999999999987 36.57635263716783 15.886960726036591
2.0999999999999988 35.668084628666456 15.018757298110389
2.199999999999999 35.82145809059803 14.227335333334128
2.299999999999999 35.66419400006685 15.326124620263531
2.399999999999999 35.590073878287406 14.616231580853901
2.499999999999999 35.96723508211788 15.138931071810134
2.599999999999999 34.85915315052954 15.150301707734119
2.6999999999999993 35.09430310130484 15.301758604253887
2.7999999999999994 34.92134465217261 14.954977265475765
2.8999999999999995 34.09076445026148 13.9628926834245
2.9999999999999996 35.04211085766439 14.809572985975407
3.0999999999999996 34.549358233312745 14.071369254634856
3.1999999999999997 34.773146112634855 14.765365700272723
3.3 34.589790049686016 14.084225115989076
3.4 34.61105576819977 14.449093839494271
3.5 33.556221066115995 14.135791740959586
3.6 34.140756647883315 14.198155898618957
3.7 33.52165574394474 14.295721282608977
3.8000000000000003 33.933776792990706 13.74379651010939
3.9000000000000004 33.778552085497296 14.326369603292314
4.0 33.58425138112997 14.252863596420033
