# Rounds: 10, repetitions: 1000
# Good arm ~ N(5.0,3.0), 4 bad arm(s) ~ N(3.5,3.0)
# Observation noise range from 0.5 to 4.0 with step size 0.1

# Observation noise | mean | standard deviation

0.5 43.097501139766685 11.008581385310217
0.6 43.26790127847672 10.184416613214305
0.7 43.427386917234415 11.169859106109538
0.7999999999999999 42.829204120696545 11.203982182847955
0.8999999999999999 43.065968220609335 11.23448302748471
0.9999999999999999 42.57886300706542 10.846015309723676
1.0999999999999999 43.34460071488547 11.206674273971618
1.1999999999999997 42.71248311635283 10.657742842290702
1.2999999999999996 43.336835279589664 11.48666616022956
1.3999999999999995 43.308436237156364 10.898836541741455
1.4999999999999993 42.82235526861596 10.571131306547235
1.5999999999999992 42.631591532305016 11.122854841008893
1.699999999999999 42.29385921408494 10.33056058730079
1.799999999999999 42.82931086117541 10.573972060935207
1.8999999999999988 43.23292015947041 10.775153426776598
1.9999999999999987 42.818140827473705 11.07400167529512
2.0999999999999988 43.00048220754302 10.870622139524443
2.199999999999999 42.949677155944855 10.890433685499739
2.299999999999999 42.28415827205502 10.508504541352956
2.399999999999999 42.435838848335294 10.41147587448701
2.499999999999999 42.5032175770338 10.824932091877955
2.599999999999999 42.4102140204245 10.5690361509954
2.6999999999999993 42.23769808494721 10.303641919221503
2.7999999999999994 42.499248885808186 10.368370535838407
2.8999999999999995 42.42177283276226 10.42076138147936
2.9999999999999996 41.84422857462276 10.418996919180987
3.0999999999999996 42.178824217195476 10.120639688629621
3.1999999999999997 42.30469170777771 10.49621910346792
3.3 42.179891224738945 10.471118503925814
3.4 41.913579201605316 10.334208405130674
3.5 41.84866611270276 10.526634723061392
3.6 42.109516449308884 10.336128617579027
3.7 42.871449953519424 10.12939975331699
3.8000000000000003 41.794931405490665 10.571658729325174
3.9000000000000004 42.09682365027227 10.187997092430882
4.0 41.38733219548965 10.477248479546347
