# Rounds: 10, repetitions: 1000
# Good arm ~ N(5.0,4.0), 4 bad arm(s) ~ N(0.6,4.0)
# Observation noise range from 0.5 to 4.0 with step size 0.1

# Observation noise | mean | standard deviation

0.5 29.62908253633299 18.776906879699265
0.6 29.2775668413004 19.16889646259334
0.7 29.04437689398444 18.912430775499416
0.7999999999999999 28.81301193756544 18.71413538760232
0.8999999999999999 27.198765510579044 19.47327357384678
0.9999999999999999 27.164444354229282 18.745835591014924
1.0999999999999999 27.629112362683863 18.805092322216442
1.1999999999999997 27.87041155682984 19.0781922667248
1.2999999999999996 26.69718774025425 18.899183295390987
1.3999999999999995 27.1871820252046 18.78350474771607
1.4999999999999993 27.00688610745096 18.666816702342086
1.5999999999999992 26.637712421116603 19.297333254371306
1.699999999999999 27.69534491318317 18.834119553868998
1.799999999999999 26.860886309294543 18.08423951301224
1.8999999999999988 26.809032146364824 18.37671311298469
1.9999999999999987 26.13180842693193 18.56429292653317
2.0999999999999988 24.94131903902862 17.66704054610938
2.199999999999999 26.01335247088693 17.678832409609736
2.299999999999999 24.99984502566783 18.222685649253954
2.399999999999999 24.962767366198026 18.355571445574675
2.499999999999999 23.421177642311637 16.9532122121767
2.599999999999999 23.987701057641736 17.78119324713648
2.6999999999999993 23.652145999930063 17.5184449324496
2.7999999999999994 21.582234376567982 17.04886576029697
2.8999999999999995 22.982377587131502 17.67786787996219
2.9999999999999996 22.358514485139366 16.957649727463735
3.0999999999999996 22.139777408143136 16.84300552495878
3.1999999999999997 22.212382487676077 17.00230520662013
3.3 22.4805619479671 16.830441023929758
3.4 20.783802364240906 17.18757986898334
3.5 21.094800336401832 16.767998003620722
3.6 20.769436401325414 17.047118270256554
3.7 20.800037495356555 16.8944116818776
3.8000000000000003 20.359331232911668 16.314081932546404
3.9000000000000004 20.35889461213963 16.512379897517825
4.0 19.808159401350697 16.10947217699913
