# Rounds: 10, repetitions: 1000
# Good arm ~ N(5.0,1.0), 4 bad arm(s) ~ N(4.4,1.0)
# Observation noise range from 0.5 to 4.0 with step size 0.1

# Observation noise | mean | standard deviation

0.5 50.02524646890093 3.748250641145274
0.6 50.132091285153834 3.807776329499026
0.7 49.948618087052246 3.868722912974516
0.7999999999999999 50.113427184582086 3.808697439712214
0.8999999999999999 50.018144657594064 3.672148109371532
0.9999999999999999 49.9898392727014 3.559374692738788
1.0999999999999999 49.84971178370783 3.5521860757742947
1.1999999999999997 49.769859542706165 3.6036776488187456
1.2999999999999996 49.74450724570618 3.660634692613488
1.3999999999999995 49.78324777452038 3.5114131435176055
1.4999999999999993 49.89990766475274 3.5576604459597645
1.5999999999999992 49.886645857441984 3.6909137813373425
1.699999999999999 49.71033591703424 3.409307954661645
1.799999999999999 49.74301955260881 3.585059197343102
1.8999999999999988 49.542001174751846 3.5401102976180554
1.9999999999999987 49.88703459707972 3.4894267864763506
2.0999999999999988 49.711905883148866 3.557350586733956
2.199999999999999 49.721397816787245 3.5252168700923785
2.299999999999999 49.76519391037781 3.5985118214786493
2.399999999999999 49.477400946586044 3.565075200784655
2.499999999999999 49.60484214468788 3.5316192435818468
2.599999999999999 49.49133890979589 3.5856587984972723
2.6999999999999993 49.599617458753286 3.5046546233247136
2.7999999999999994 49.674179603262374 3.450598633463919
2.8999999999999995 49.698948712290466 3.640854956841698
2.9999999999999996 49.61372633020783 3.5673833310327665
3.0999999999999996 49.64916642330473 3.590130122189734
3.1999999999999997 49.43458921062509 3.4039218503629596
3.3 49.56836697915636 3.3873110859560467
3.4 49.664676596986745 3.4945124717116682
3.5 49.395903184443604 3.3156227981578636
3.6 49.503541396282145 3.3716433436409585
3.7 49.538979426517685 3.4924634763429423
3.8000000000000003 49.571534516029296 3.287838525589996
3.9000000000000004 49.37777067063584 3.483784559537454
4.0 49.50920422380132 3.4581380546402745
