# Rounds: 10, repetitions: 1000
# Good arm ~ N(5.0,2.0), 4 bad arm(s) ~ N(3.0,2.0)
# Observation noise range from 0.5 to 4.0 with step size 0.1

# Observation noise | mean | standard deviation

0.5 41.678803011738665 9.16333971325318
0.6 41.57296120251388 9.265097184675865
0.7 40.84442933660648 9.21683881718576
0.7999999999999999 41.01419513097662 9.05532199021496
0.8999999999999999 41.06138616041299 8.880578319674589
0.9999999999999999 40.922935443492996 8.946764116853565
1.0999999999999999 40.453778494243096 9.104145890707462
1.1999999999999997 40.604722310736776 8.70052934174574
1.2999999999999996 40.85063110458864 8.523898282026844
1.3999999999999995 40.3217824803543 8.617649646790515
1.4999999999999993 40.30037443765747 8.797935399388583
1.5999999999999992 40.3201945864821 8.580386707024774
1.699999999999999 39.772221698447986 8.398570532003134
1.799999999999999 39.96481628606037 8.458339054819644
1.8999999999999988 39.856642169743374 8.69644557203653
1.9999999999999987 39.361056403193025 8.446244330465486
2.0999999999999988 39.5889936099951 8.498350002531284
2.199999999999999 39.218116349133865 8.108778575180454
2.299999999999999 39.17044199972002 8.021160603571667
2.399999999999999 39.060416411837075 8.467163769144895
2.499999999999999 39.208374247998826 8.431796489083672
2.599999999999999 38.784651844919004 8.063437766118362
2.6999999999999993 38.54287581661093 8.123657991286631
2.7999999999999994 38.870363561481724 7.976106283230661
2.8999999999999995 38.69740884077151 7.858904088394076
2.9999999999999996 38.17774459845095 7.9778710866574905
3.0999999999999996 38.17653613141495 7.855348537370597
3.1999999999999997 38.107924749837316 7.767187924273953
3.3 37.784576487857066 7.484401573822325
3.4 38.15558306981207 7.91745178524605
3.5 37.68763870237777 7.617497318143055
3.6 37.61345981741238 7.625470998207962
3.7 38.00828515189898 7.374248459200368
3.8000000000000003 38.00162515652892 7.4988890220028965
3.9000000000000004 37.97655181159381 7.528614263710028
4.0 37.570520754814154 7.132617564457522
