# Rounds: 10, repetitions: 1000
# Good arm ~ N(5.0,5.0), 4 bad arm(s) ~ N(4.4,5.0)
# Observation noise range from 0.5 to 4.0 with step size 0.1

# Observation noise | mean | standard deviation

0.5 50.02357186694564 16.286192622963828
0.6 50.32405621135881 16.4832009906201
0.7 50.10116862135336 16.412972378704843
0.7999999999999999 50.10090844371941 17.413738869517587
0.8999999999999999 49.56877269337779 16.298729713108173
0.9999999999999999 49.43715361546225 16.92157659984441
1.0999999999999999 49.738950576463225 16.622122931127368
1.1999999999999997 48.86141755988795 16.170587120279993
1.2999999999999996 49.59941532284641 16.1165624304515
1.3999999999999995 50.17068241293771 16.82045752121038
1.4999999999999993 49.34797599975494 16.700323470427232
1.5999999999999992 50.4301280968533 17.18380424633051
1.699999999999999 50.135673719175664 16.399364331420774
1.799999999999999 49.904523053260135 16.72839387182768
1.8999999999999988 49.67219084251267 17.736990569094228
1.9999999999999987 50.16002006959347 16.656156382514386
2.0999999999999988 48.89783273948109 16.60226835954445
2.199999999999999 49.38984985901473 16.646168352876604
2.299999999999999 49.480820969933696 16.395601118245835
2.399999999999999 50.41602949099504 16.914338311849924
2.499999999999999 48.71534399987718 16.800637037505485
2.599999999999999 49.958950563290685 16.47075878240876
2.6999999999999993 49.07862577514348 15.97422107884898
2.7999999999999994 49.866068330219974 16.81318803406166
2.8999999999999995 49.47729522273102 16.600805452417205
2.9999999999999996 49.04081073098065 16.698389411507524
3.0999999999999996 49.41327055043576 17.20303938264485
3.1999999999999997 48.89757302700189 16.564350949770105
3.3 49.63729030988793 16.408123858439005
3.4 48.79280617607192 16.08849157197581
3.5 49.59869489698345 17.26946905002511
3.6 49.20320455751989 16.97811443796547
3.7 48.920050115268666 16.810513646960903
3.8000000000000003 50.51639083074715 17.023261256917685
3.9000000000000004 48.90637779373329 16.65081654288535
4.0 49.21735310988871 16.264619102849174
