# Rounds: 10, repetitions: 1000
# Good arm ~ N(5.0,4.0), 4 bad arm(s) ~ N(0.7,4.0)
# Observation noise range from 0.5 to 4.0 with step size 0.1

# Observation noise | mean | standard deviation

0.5 28.795229904276265 19.271220601837634
0.6 28.65923459229164 19.10151952476572
0.7 29.64265209800448 19.225756990869918
0.7999999999999999 28.195280818689234 18.48223490317064
0.8999999999999999 28.59550771812252 18.18045486505656
0.9999999999999999 27.235149326420135 18.713277345936433
1.0999999999999999 28.619268694385735 19.464782699221157
1.1999999999999997 28.384637099559118 17.96542999365423
1.2999999999999996 28.287405176552774 18.75696553963326
1.3999999999999995 27.06415268881741 18.18545170485527
1.4999999999999993 29.243617301099686 19.54239221761642
1.5999999999999992 26.58351732584688 18.340641137559732
1.699999999999999 26.72494437189934 17.631259326648955
1.799999999999999 27.29402368264997 17.988977295444307
1.8999999999999988 26.274943877455637 18.61625600792298
1.9999999999999987 26.55561956145494 17.64077916096341
2.0999999999999988 26.037989701799923 18.306113992193175
2.199999999999999 25.804980036478582 18.648355290426363
2.299999999999999 25.172466330764717 18.63575821170884
2.399999999999999 24.985335093865277 18.245650397891957
2.499999999999999 25.44772293718708 18.182493980295757
2.599999999999999 23.7127049424942 18.11660045857429
2.6999999999999993 24.05728665321068 17.62926606769486
2.7999999999999994 22.850239927847987 17.61582897089982
2.8999999999999995 23.882653867383315 17.183910133875365
2.9999999999999996 23.75437040123211 17.143738110922488
3.0999999999999996 23.4079074269553 17.009473865118864
3.1999999999999997 22.182909955542065 17.274507008770666
3.3 22.868400115376975 17.06297788881161
3.4 22.3957817063774 16.495229382759135
3.5 21.67200718105347 15.94090359225126
3.6 21.696369344080363 16.33768931700335
3.7 21.654005562467734 16.619541089210752
3.8000000000000003 21.385611280283072 16.439810021839413
3.9000000000000004 20.929487568227266 15.901015117296524
4.0 21.20440136248794 16.381072245554655
