# Rounds: 10, repetitions: 1000
# Good arm ~ N(5.0,5.0), 4 bad arm(s) ~ N(2.4,5.0)
# Observation noise range from 0.5 to 4.0 with step size 0.1

# Observation noise | mean | standard deviation

0.5 36.35552291300423 18.358020656175754
0.6 34.76946750992443 18.611344053368015
0.7 35.17557674876615 18.086024237837076
0.7999999999999999 35.70540364466181 19.18284116032902
0.8999999999999999 34.46275828389407 18.602110052674192
0.9999999999999999 34.69222591236548 18.47936997614831
1.0999999999999999 34.75338872880871 17.837672336502564
1.1999999999999997 34.189087770756444 18.40492477238363
1.2999999999999996 35.57576138636521 18.759598271728663
1.3999999999999995 34.95787063749569 18.388147856223895
1.4999999999999993 34.8294679107981 18.120491670178414
1.5999999999999992 35.04768102315479 18.25658298684982
1.699999999999999 34.53585411372632 18.514066597322515
1.799999999999999 33.95467940130292 18.144509383149536
1.8999999999999988 34.1941105125777 18.433282073988494
1.9999999999999987 33.77134862998439 17.48540678398417
2.0999999999999988 33.55163894103542 18.36275946068993
2.199999999999999 33.63588658419178 17.56714130814378
2.299999999999999 34.330393209675144 18.49668420734193
2.399999999999999 32.83645366873124 17.87106639558609
2.499999999999999 35.16213299055813 18.409736536237034
2.599999999999999 33.729625400116106 18.304591996346023
2.6999999999999993 33.61822096333487 17.545804889129947
2.7999999999999994 33.85660220908413 18.02083958603602
2.8999999999999995 33.214614066285364 17.75712528772102
2.9999999999999996 34.043111040750524 17.629153745025505
3.0999999999999996 33.043017147758206 17.411090826355267
3.1999999999999997 33.42265733492232 18.117553487429024
3.3 34.31850329863584 17.258638747050522
3.4 33.42470539903864 18.232929237968367
3.5 33.39127726415992 16.973225281942213
3.6 32.5762078188038 17.270295334526352
3.7 31.791219997028712 17.02823847558448
3.8000000000000003 32.5931025479337 16.846345419747905
3.9000000000000004 33.292199059862405 17.744618071763522
4.0 32.893805000007546 17.438722244995468
