# Rounds: 10, repetitions: 1000
# Good arm ~ N(5.0,3.0), 4 bad arm(s) ~ N(0.3,3.0)
# Observation noise range from 0.5 to 4.0 with step size 0.1

# Observation noise | mean | standard deviation

0.5 31.02688839816296 16.56798824160982
0.6 30.530341149170237 16.00824160021706
0.7 31.543404859136217 16.64838159548036
0.7999999999999999 31.136452207609754 16.57348184941367
0.8999999999999999 30.975311372405496 16.067819926002592
0.9999999999999999 31.01156318199934 16.860578917225887
1.0999999999999999 30.888493524790384 16.745260832136662
1.1999999999999997 29.68065600968314 16.133435006429607
1.2999999999999996 29.683787927913567 16.358024591540826
1.3999999999999995 30.003860398501644 15.908676269873043
1.4999999999999993 29.600143961670174 15.988744497214531
1.5999999999999992 29.061813562370236 16.710579650049393
1.699999999999999 28.954792403259976 15.839349524015548
1.799999999999999 28.33544395959977 15.963629827028159
1.8999999999999988 26.53629534534722 15.675017348681342
1.9999999999999987 25.84507367065885 15.365311401975024
2.0999999999999988 25.719483927042784 15.89203422652615
2.199999999999999 25.22109943688166 15.604245773081326
2.299999999999999 25.23898091855118 15.431916616602017
2.399999999999999 24.416526914856085 15.12608657422924
2.499999999999999 24.821240088781458 15.495755950311406
2.599999999999999 23.131260911980895 14.734528564096166
2.6999999999999993 23.394830776804934 14.699670894946104
2.7999999999999994 22.58634491008107 15.095799430296056
2.8999999999999995 22.786043651721933 14.69623154532564
2.9999999999999996 21.27005505127876 14.663410142633206
3.0999999999999996 21.02592373936408 14.822603270809019
3.1999999999999997 20.98260203715649 14.284608221747728
3.3 20.70462426114875 13.936486438869842
3.4 20.28439503542302 14.033101111013815
3.5 20.02848126927027 13.83766430633508
3.6 19.790871315441578 14.172589888110606
3.7 19.881219328612787 13.535538345523321
3.8000000000000003 18.871137523267805 14.402362058196204
3.9000000000000004 19.006510747390383 13.813854646564405
4.0 18.720279615633807 13.823026711231877
