# Rounds: 10, repetitions: 1000
# Good arm ~ N(5.0,2.0), 4 bad arm(s) ~ N(1.0,2.0)
# Observation noise range from 0.5 to 4.0 with step size 0.1

# Observation noise | mean | standard deviation

0.5 37.110087803311515 11.702857233528281
0.6 37.00190000227697 11.474818006638454
0.7 36.45936036877952 11.757416532619374
0.7999999999999999 35.96538504420642 11.64019126123509
0.8999999999999999 35.79779243738658 11.566373132366284
0.9999999999999999 36.02786518277679 11.579882829939237
1.0999999999999999 35.65366380262488 11.58246287430358
1.1999999999999997 34.39946188332748 12.228320558766328
1.2999999999999996 34.60903126219971 11.511777573738371
1.3999999999999995 33.902895175661314 11.540637036359586
1.4999999999999993 33.25997615884483 12.313520321990252
1.5999999999999992 32.85802205874101 11.866360567812295
1.699999999999999 32.45959830753719 12.003062053290538
1.799999999999999 32.06427982454439 11.881235143615644
1.8999999999999988 31.332690082943472 12.271511111015295
1.9999999999999987 31.201134200341468 11.579572985137478
2.0999999999999988 30.945347990489978 11.997894309327407
2.199999999999999 29.642708161025915 11.79533818218754
2.299999999999999 29.50174292991188 11.69583022580653
2.399999999999999 28.630611719001294 11.841261894471263
2.499999999999999 28.355941636077297 11.32639644326374
2.599999999999999 27.752087807331314 11.504917091136042
2.6999999999999993 27.964662575064175 11.535260933168416
2.7999999999999994 26.49137520380392 10.917408411701409
2.8999999999999995 26.93970519181687 11.065904318835376
2.9999999999999996 26.01322885128216 10.995722415769531
3.0999999999999996 26.07621105185495 10.867542826773283
3.1999999999999997 25.54941243582526 10.991186990418313
3.3 24.69081455496554 10.931580452419636
3.4 24.837631168673866 10.223460496242597
3.5 24.351785859636877 10.61123277887225
3.6 24.047439076652267 10.597150290655708
3.7 23.952363263390303 10.746291037285447
3.8000000000000003 23.136734354504874 9.94983147175979
3.9000000000000004 22.54660017595595 10.112951873699469
4.0 22.902100887656527 10.240552047718634
