# Rounds: 10, repetitions: 1000
# Good arm ~ N(5.0,5.0), 4 bad arm(s) ~ N(3.4,5.0)
# Observation noise range from 0.5 to 4.0 with step size 0.1

# Observation noise | mean | standard deviation

0.5 42.55146528291325 17.296726498196122
0.6 42.747408376456654 17.19939046605079
0.7 42.06491012483662 17.3753500813154
0.7999999999999999 42.55626286004751 15.854261853810774
0.8999999999999999 41.43992266929244 16.656800117705146
0.9999999999999999 41.75499860257408 17.526400989980107
1.0999999999999999 42.16037668590521 18.060631880590606
1.1999999999999997 42.12189194608804 17.038459874746543
1.2999999999999996 41.350815556528254 17.0283082681664
1.3999999999999995 41.48282608412628 17.030387630232234
1.4999999999999993 40.95819122503464 16.680091740864107
1.5999999999999992 41.569489758543085 17.9206006547884
1.699999999999999 41.91515472091947 17.193490332372615
1.799999999999999 41.825340700470065 17.46982472923382
1.8999999999999988 41.301640851032126 17.14498055773213
1.9999999999999987 41.72271183962354 18.02737859938678
2.0999999999999988 41.702820929909706 16.943478452069403
2.199999999999999 40.776077737202925 16.83943853114459
2.299999999999999 41.93677075138606 17.481345211503417
2.399999999999999 41.349306695671686 17.27437020847953
2.499999999999999 40.48630231408145 16.848161463331518
2.599999999999999 42.38328623283128 16.658784843332505
2.6999999999999993 41.8776366200759 16.85734506196727
2.7999999999999994 40.54923487481016 16.69471213538671
2.8999999999999995 41.20814957573298 17.299562848591926
2.9999999999999996 40.869353247315374 17.457238819179217
3.0999999999999996 42.304677158944315 17.519267400605962
3.1999999999999997 40.21750289879411 16.51452539776654
3.3 40.33572792464646 17.039254696357137
3.4 40.44331217648941 16.764596836939937
3.5 40.260639420980276 17.045287123628977
3.6 42.39355184771589 16.9801988398262
3.7 41.03009959945883 16.771580164238337
3.8000000000000003 40.700820876831365 16.864195585897892
3.9000000000000004 41.410700368434796 17.448563589095738
4.0 41.425839504677896 16.669090700087853
