# Rounds: 10, repetitions: 1000
# Good arm ~ N(5.0,5.0), 4 bad arm(s) ~ N(4.6,5.0)
# Observation noise range from 0.5 to 4.0 with step size 0.1

# Observation noise | mean | standard deviation

0.5 51.804694262264626 17.32095811862296
0.6 50.57102981543421 16.705669275351894
0.7 52.32007462790941 16.58199864932062
0.7999999999999999 51.50216375365875 16.267588254658243
0.8999999999999999 51.15678564935519 17.2120558657007
0.9999999999999999 51.85771600203255 16.758485621654405
1.0999999999999999 51.01704290734563 16.703601495620635
1.1999999999999997 50.91538796294078 16.824261043708674
1.2999999999999996 50.935209753273654 16.514239667226207
1.3999999999999995 51.9903662130986 16.385698607135424
1.4999999999999993 50.35148099151669 16.517307251223386
1.5999999999999992 51.34540546175689 16.18915365916522
1.699999999999999 51.96367089043047 16.58943850433211
1.799999999999999 51.93959347391574 16.523919995758497
1.8999999999999988 52.44823106874196 16.185266115957678
1.9999999999999987 51.982992316996416 16.207838358135437
2.0999999999999988 51.223398530142454 16.054194706339366
2.199999999999999 51.53207198854815 16.102130241987393
2.299999999999999 51.30609628491105 16.587045972802176
2.399999999999999 51.73285539302113 16.61097208740464
2.499999999999999 51.59813847995671 15.919090817666666
2.599999999999999 51.55703738843639 16.481513836661094
2.6999999999999993 50.96356765163484 16.22277350133451
2.7999999999999994 51.11977201526781 16.45214434684406
2.8999999999999995 51.119665721735714 16.73580318030825
2.9999999999999996 51.05443216485389 16.167812418144543
3.0999999999999996 51.84905042501982 16.791837025810207
3.1999999999999997 50.64192912707943 16.866753230074895
3.3 51.50341877193423 15.920807758666669
3.4 51.34731053676214 17.568752758876087
3.5 51.53037942451759 16.459926608781803
3.6 51.418320973092946 16.695529933960277
3.7 50.89525918334801 16.98540949974546
3.8000000000000003 51.17778669757597 15.807225882252576
3.9000000000000004 51.74648325611462 16.7263100437066
4.0 51.5757546413476 16.724287391630597
