# Rounds: 10, repetitions: 1000
# Good arm ~ N(5.0,4.0), 4 bad arm(s) ~ N(0.1,4.0)
# Observation noise range from 0.5 to 4.0 with step size 0.1

# Observation noise | mean | standard deviation

0.5 27.65237889861765 20.13584892685035
0.6 27.26426996959187 20.104466267479854
0.7 27.93483653751822 20.312200090032093
0.7999999999999999 27.17724355297768 20.58047094313974
0.8999999999999999 26.667588839885514 20.13839017340044
0.9999999999999999 26.736550319723072 19.43866160835018
1.0999999999999999 25.511786312431884 19.84243170966587
1.1999999999999997 25.480776491446942 20.026809963794793
1.2999999999999996 25.683870899876858 18.775662911044407
1.3999999999999995 26.19115957866925 19.259544383214678
1.4999999999999993 25.247422271917074 19.456396517633507
1.5999999999999992 24.533416238683746 19.048968232263725
1.699999999999999 24.568996712749556 19.257451419965268
1.799999999999999 24.076998304168903 18.93090439305935
1.8999999999999988 23.716341271111034 18.76657649127447
1.9999999999999987 23.604517566834673 19.61514088137754
2.0999999999999988 24.112387480103123 19.36287971395117
2.199999999999999 23.536713667894013 18.58357237634816
2.299999999999999 21.29006566845617 18.646454955785572
2.399999999999999 23.26442084021685 19.181517460702505
2.499999999999999 21.761957103296886 19.201973494458286
2.599999999999999 21.481470843855618 18.140970440255344
2.6999999999999993 21.10452582090713 18.15160857396282
2.7999999999999994 20.584798024880058 18.191342702868518
2.8999999999999995 20.224765033757496 18.83114071285513
2.9999999999999996 20.235900716742727 17.94708274392939
3.0999999999999996 21.083781497823583 18.120231269979833
3.1999999999999997 19.029861842296167 18.13349220283922
3.3 18.566148934756434 17.253200449410286
3.4 18.149797251090806 17.2028725998472
3.5 18.55979449354998 18.327318817190594
3.6 17.786375741160143 17.489157678067468
3.7 17.472350077744675 16.919857955030814
3.8000000000000003 17.672745090822428 17.603312990510023
3.9000000000000004 17.16071536182958 17.042059809939413
4.0 16.28993960426256 17.162980957366276
