# Rounds: 5000, repetitions: 1000
# Good arm ~ N(5.0,2.0), 7 bad arm(s) ~ N(5.0,2.0)
# Observation noise range from 0.5 to 8.0 with step size 0.1

# Observation noise | mean | standard deviation

0.5 24995.6771703257 143.65648709682125
0.6 25017.073267516862 137.34898070435733
0.7 25008.253581435878 140.76917019579597
0.7999999999999999 25007.82523981496 140.27520510290333
0.8999999999999999 25003.336008193473 145.6281257552083
0.9999999999999999 25009.27538760226 138.44408784231834
1.0999999999999999 25001.001680994144 140.46261086915973
1.1999999999999997 25004.326991525573 139.7940124238491
1.2999999999999996 25002.49787860633 141.24167567824526
1.3999999999999995 25006.38429996675 140.87714544232233
1.4999999999999993 25009.14653379283 143.98444128963837
1.5999999999999992 25007.699710180215 139.20956304742725
1.699999999999999 25010.02951604943 135.05120733625
1.799999999999999 24999.529636210198 137.36219627014867
1.8999999999999988 24999.556975053285 144.50557393574823
1.9999999999999987 25002.850538450966 137.78938760319176
2.0999999999999988 25001.803422272136 142.1855356247455
2.199999999999999 25009.436823740863 139.79644197725096
2.299999999999999 25005.403452182232 146.71017578699718
2.399999999999999 24997.814543728913 139.1218831710636
2.499999999999999 25007.749278345098 146.65700744545072
2.599999999999999 24996.989354806323 141.60875526765815
2.6999999999999993 25019.856281815148 138.17760984455248
2.7999999999999994 25018.897724007096 143.4606822382681
2.8999999999999995 25004.66881097194 145.86370449820785
2.9999999999999996 25010.838960633984 139.90644826151203
3.0999999999999996 25006.579314737286 140.7397594902287
3.1999999999999997 25011.881271122405 142.45368000211573
3.3 25004.583185247528 140.39097776304214
3.4 25007.50077348515 140.3168460980148
3.5 24997.788991616733 140.93831511272177
3.6 25008.221889712553 139.20001063244044
3.7 25012.61730623421 140.86110506339176
3.8000000000000003 25005.67041774959 138.26351421745557
3.9000000000000004 25003.104122755827 144.07313041453128
4.0 25005.07429815678 147.52826120264322
4.1 25011.64278528404 136.82302598780325
4.199999999999999 25007.836358449214 144.3812692353536
4.299999999999999 25011.23973641233 135.24953506441577
4.399999999999999 25009.763086060713 145.20535284634016
4.499999999999998 25007.834098561183 145.4734727628575
4.599999999999998 25003.10543422865 136.09386377721853
4.6999999999999975 25005.50937402943 145.00517288210338
4.799999999999997 25007.190119953193 139.2072940390374
4.899999999999997 25003.15134171229 142.51846766260346
4.9999999999999964 25003.374386419742 143.3908491601082
5.099999999999996 25010.31254208633 138.2514532077912
5.199999999999996 25004.958528320407 143.37631864565665
5.299999999999995 24999.07339303211 141.3381985168032
5.399999999999995 25005.649593529353 139.15803842295784
5.499999999999995 25010.54668856112 141.73104153300747
5.599999999999994 25003.58914518064 145.6865148137131
5.699999999999994 25002.985493141347 146.81047305185245
5.799999999999994 25010.44070834933 139.21137806148556
5.899999999999993 25001.54495509445 140.09648552208157
5.999999999999993 24998.002473229262 136.5817189138913
6.0999999999999925 24996.657258511994 143.58068094695236
6.199999999999992 25013.32949038608 142.18640673693642
6.299999999999992 25008.064680708034 138.37420033483602
6.3999999999999915 24999.289510178773 134.25494567544817
6.499999999999991 25000.184942575095 135.98131009768926
6.599999999999991 24996.469522506664 143.6977909006684
6.69999999999999 25008.32423478584 149.16678109967447
6.79999999999999 25000.09666344312 143.61446585898392
6.89999999999999 24993.98458761281 143.7406727926061
6.999999999999989 25003.86343875864 142.31226593846733
7.099999999999989 25003.390678664473 142.49027549643571
7.199999999999989 25006.491737614935 141.7568842309708
7.299999999999988 25004.02711185141 142.85752163765073
7.399999999999988 25009.542111333274 140.5478700056971
7.499999999999988 25003.568399192645 141.45329382109998
7.599999999999987 25003.1815928119 141.9776784496801
7.699999999999987 25011.32051848094 138.35307323346893
7.7999999999999865 25002.221117598387 144.7233356795063
7.899999999999986 25013.5312703809 144.15168697337515
7.999999999999986 25005.094558642042 145.13032142934796
