# Rounds: 5000, repetitions: 1000
# Good arm ~ N(5.0,5.0), 7 bad arm(s) ~ N(5.0,5.0)
# Observation noise range from 0.5 to 8.0 with step size 0.1

# Observation noise | mean | standard deviation

0.5 25019.222137457553 341.31542095070193
0.6 25003.608803625917 344.49950548549725
0.7 24998.310470701515 355.3455327095607
0.7999999999999999 25003.022507733196 343.6507859645578
0.8999999999999999 25008.534895489145 350.57776081063895
0.9999999999999999 25008.915259625523 341.3356658738401
1.0999999999999999 25009.299828257466 357.6936428213306
1.1999999999999997 25009.59029926964 357.8121975426563
1.2999999999999996 25018.32174617593 348.07071622348695
1.3999999999999995 25009.909764389053 350.4425320004082
1.4999999999999993 24999.053463124175 352.1193250639221
1.5999999999999992 25016.46384617652 360.97401533697075
1.699999999999999 25020.54297755827 359.68876198562594
1.799999999999999 25010.16415264067 352.06072083631517
1.8999999999999988 24987.113600138404 356.7141211356696
1.9999999999999987 25009.557522858602 345.40719910450116
2.0999999999999988 25009.69565986913 355.0921861971298
2.199999999999999 24989.449971689213 363.1959964020954
2.299999999999999 25012.673865838628 361.9881744379139
2.399999999999999 25021.63368449901 361.0434100748715
2.499999999999999 25023.290729021704 332.4956030600102
2.599999999999999 25006.850572756608 349.2813451544525
2.6999999999999993 24993.682800255287 348.73956014185313
2.7999999999999994 25008.52584895876 355.7059076534646
2.8999999999999995 25000.092231457413 347.0933454313875
2.9999999999999996 25017.73145305854 355.37111235940796
3.0999999999999996 25009.57064287876 345.3240100412617
3.1999999999999997 24992.77237775923 352.49940927750714
3.3 25013.362321291916 363.30550484023405
3.4 25005.550600772134 368.00164321906664
3.5 25006.16434716685 362.1207791257552
3.6 25022.790541301667 349.8418759960944
3.7 25015.769857343555 343.0844019168499
3.8000000000000003 25018.660216657892 354.76015645969863
3.9000000000000004 25007.438276914752 351.8157602552913
4.0 25002.51071461967 356.16558812886984
4.1 25020.742473040355 360.29259279194787
4.199999999999999 25004.929824815288 335.2836943130302
4.299999999999999 25014.127003398007 339.39299801901336
4.399999999999999 25011.79680544301 357.475995483578
4.499999999999998 25000.069455284527 357.19860745644263
4.599999999999998 24983.27121181615 349.6013351945392
4.6999999999999975 25010.50342704949 348.1989457659892
4.799999999999997 24994.733026050933 356.80730240388255
4.899999999999997 25003.185953027136 360.35604375361595
4.9999999999999964 25016.635361827724 361.3258044497451
5.099999999999996 25002.37446788698 354.77584445094203
5.199999999999996 24996.14182003094 342.6062541195642
5.299999999999995 25005.62976007056 356.0898126371207
5.399999999999995 24982.487929667022 348.63101791041174
5.499999999999995 24991.131805537967 366.0601412745494
5.599999999999994 25000.643721797995 347.5087786884279
5.699999999999994 24995.04863061807 352.06319960999843
5.799999999999994 24986.82646911807 363.39000779842024
5.899999999999993 24993.059671967578 362.4394473422507
5.999999999999993 24997.22803772143 350.7834071253355
6.0999999999999925 25006.064492213016 363.89647009904314
6.199999999999992 25005.1642470257 342.7518216231284
6.299999999999992 24996.28228398101 353.42988896641515
6.3999999999999915 25006.21322583094 358.68544027213056
6.499999999999991 25000.499377722907 348.9551270795612
6.599999999999991 24999.537935369837 351.2481813697392
6.69999999999999 25030.726057876578 350.3676397168403
6.79999999999999 25021.068651476588 344.40675602660417
6.89999999999999 25008.595286280055 355.76456069180676
6.999999999999989 25000.757399233924 350.8285920158451
7.099999999999989 25007.611030311506 362.73169739924947
7.199999999999989 25027.217245231965 351.401424708833
7.299999999999988 24990.543694319527 359.17692986262176
7.399999999999988 25010.932922968772 349.34728479084595
7.499999999999988 24991.50138114466 341.4318939929577
7.599999999999987 25012.6387114901 358.5898921824926
7.699999999999987 24999.12347188496 348.1213266540131
7.7999999999999865 24985.68859363289 358.5762408363259
7.899999999999986 24981.040164225466 337.4563859845024
7.999999999999986 25003.82903985092 337.54830746579086
