# Rounds: 50, repetitions: 1000
# Good arm ~ N(5.0,4.0), 7 bad arm(s) ~ N(1.0,4.0)
# Observation noise range from 0.5 to 8.0 with step size 0.1

# Observation noise | mean | standard deviation

0.5 177.50198232068814 67.7042223018979
0.6 174.7321229159707 69.44760675667749
0.7 172.7440391658584 67.1718164741164
0.7999999999999999 178.3126772817397 61.63523193197222
0.8999999999999999 175.08265484412613 64.45312239337576
0.9999999999999999 174.14706830894198 63.853873727163716
1.0999999999999999 174.31430965972385 63.09545135867343
1.1999999999999997 178.32979494170047 60.12225102325722
1.2999999999999996 174.03339943809277 60.98885472960547
1.3999999999999995 174.60293936889627 60.493710019018586
1.4999999999999993 176.61035186124903 58.9968016834149
1.5999999999999992 170.59402260232184 60.31699590996879
1.699999999999999 171.27174930390694 58.024937640872444
1.799999999999999 170.64722561139186 54.428155018052585
1.8999999999999988 169.27639037781157 57.37094814623918
1.9999999999999987 169.12748038000254 55.01006177955388
2.0999999999999988 165.84980612312268 56.68934451892481
2.199999999999999 166.07759198389388 52.8976372811122
2.299999999999999 162.74959058997246 54.139106813442496
2.399999999999999 164.3948968062494 52.28598477129506
2.499999999999999 164.42715408355434 53.954882768938766
2.599999999999999 162.38527060455385 51.926910478663025
2.6999999999999993 160.54137609296873 52.802070119310564
2.7999999999999994 156.9100412201146 53.519996855936405
2.8999999999999995 153.56078774822103 51.86502076148921
2.9999999999999996 153.8747219640377 53.626772560009634
3.0999999999999996 149.2713432207673 54.00553414966219
3.1999999999999997 148.58200203533454 52.852838104654346
3.3 145.07231335376954 52.28018044280124
3.4 144.3510268687931 51.84003846494742
3.5 142.75830877236726 50.622069854981675
3.6 140.8198156241718 48.19903221275689
3.7 138.026482916306 51.09377633711284
3.8000000000000003 136.99125427057254 49.51710188178152
3.9000000000000004 134.55738335542634 50.15048573833157
4.0 131.0583616170961 50.45441843679893
4.1 130.3283889821949 47.388280982708
4.199999999999999 126.50157496830887 46.58195969726819
4.299999999999999 126.80515598556526 45.84332298103376
4.399999999999999 126.07695613123815 46.8191982451704
4.499999999999998 127.39163057028203 47.30210352917869
4.599999999999998 123.19973275979858 44.07990723680129
4.6999999999999975 121.56246743898026 44.55144836930253
4.799999999999997 117.54500842260933 42.39703915101974
4.899999999999997 123.59228957754603 46.47877249652997
4.9999999999999964 118.39512750024664 43.51152721300023
5.099999999999996 115.99219334470727 43.461929327381235
5.199999999999996 113.1301389624544 42.90799997822005
5.299999999999995 112.44750781968985 41.8005415490715
5.399999999999995 107.7156381917569 41.177512507000436
5.499999999999995 111.33510440315618 41.06229788830627
5.599999999999994 109.81687018791818 39.95248204160206
5.699999999999994 106.72798828847327 41.97658058184217
5.799999999999994 106.81408047851976 38.787686556965824
5.899999999999993 106.24153894849267 39.46219138285251
5.999999999999993 103.45308291259427 38.088038029264055
6.0999999999999925 102.64020007585573 39.18247541167914
6.199999999999992 100.59505835711133 37.02199768271096
6.299999999999992 100.99502172318394 37.57671848447092
6.3999999999999915 99.3559113629129 36.65099211418333
6.499999999999991 99.13194073889963 37.55966799729354
6.599999999999991 97.53899321777389 37.1723509834789
6.69999999999999 98.00354968729413 37.48360674799725
6.79999999999999 97.28489713224647 37.40323752677848
6.89999999999999 97.26955565771333 36.83278148391967
6.999999999999989 96.66260822108481 36.34583871028662
7.099999999999989 93.49412598588995 35.61609627322206
7.199999999999989 96.32891534865406 35.33943618504262
7.299999999999988 91.09600826910909 34.788352383599886
7.399999999999988 92.67155196679116 34.86923044310999
7.499999999999988 92.15412927026286 34.79458199576958
7.599999999999987 92.1641380776845 35.783312602636684
7.699999999999987 89.59549053898094 34.81063745459004
7.7999999999999865 91.8713290372638 32.95528894499632
7.899999999999986 90.57307677035467 34.12678417231043
7.999999999999986 87.6038010337377 33.7194370560353
