# Rounds: 50, repetitions: 1000
# Good arm ~ N(5.0,3.0), 7 bad arm(s) ~ N(4.0,3.0)
# Observation noise range from 0.5 to 8.0 with step size 0.1

# Observation noise | mean | standard deviation

0.5 215.63521719324828 25.98529679743452
0.6 217.58993172645836 25.73430064667367
0.7 216.69237790219643 26.07682559722761
0.7999999999999999 216.72512178026824 24.886775432354895
0.8999999999999999 217.01895014252332 24.95920990510948
0.9999999999999999 218.04341115740758 25.31765412592524
1.0999999999999999 216.4360174875228 24.99562557758661
1.1999999999999997 215.95732226440148 25.411411260476676
1.2999999999999996 214.54765370605645 24.10100588039176
1.3999999999999995 215.904074379436 24.37401870631276
1.4999999999999993 215.74611268469386 25.93233256356235
1.5999999999999992 215.05449617778348 23.97166246080251
1.699999999999999 216.89346083670947 23.395403289182703
1.799999999999999 215.24076479400563 23.67399776658755
1.8999999999999988 215.57382655987752 25.136102895873208
1.9999999999999987 215.7066842766329 24.068110783679746
2.0999999999999988 216.04872026199862 24.918651780228767
2.199999999999999 213.9740814930422 23.55347893332841
2.299999999999999 215.40178022873042 23.89284598295828
2.399999999999999 213.33415557511648 23.28459574043268
2.499999999999999 213.21634192826573 24.056018290926847
2.599999999999999 215.61846182963168 23.927672414191193
2.6999999999999993 213.53666990063027 22.725141418442455
2.7999999999999994 214.397441987611 22.819481989174843
2.8999999999999995 214.38217249120345 23.89528128070094
2.9999999999999996 214.3271883851008 22.649246844367966
3.0999999999999996 212.9244512153023 22.33423194646871
3.1999999999999997 212.5889808591433 23.249700988319777
3.3 213.31237749860307 22.56053918208975
3.4 213.13053952035904 22.817292889451956
3.5 213.55434543247068 22.502581980614252
3.6 213.75942795156135 22.61094139700155
3.7 211.84781959804423 22.12705034634572
3.8000000000000003 212.10181546957577 22.916750579195693
3.9000000000000004 212.76236209936934 22.15089364049764
4.0 212.84171636066733 22.779407665675503
4.1 213.32614069146211 22.37193849100291
4.199999999999999 212.11925583629463 21.702906695725424
4.299999999999999 212.28561318749314 22.15759405979399
4.399999999999999 211.78822382571738 22.24335996764006
4.499999999999998 212.32981696414038 21.519169771125597
4.599999999999998 212.62382347250332 21.609621635006203
4.6999999999999975 211.81876150384932 22.30261690679264
4.799999999999997 211.88102882656466 22.59271917317497
4.899999999999997 211.28934828320553 21.356437012802925
4.9999999999999964 211.48849565194624 21.958393816755255
5.099999999999996 211.46565180503825 22.30085856864535
5.199999999999996 210.61214867415083 22.557269671695916
5.299999999999995 210.66893100359906 22.066393117568193
5.399999999999995 213.13570775117057 21.81241247584527
5.499999999999995 210.91361765501802 22.334581348075695
5.599999999999994 210.96468950683743 21.493898868584825
5.699999999999994 210.44333673338576 22.621472957833557
5.799999999999994 210.4737903134723 21.42166122830653
5.899999999999993 210.82157275553823 21.51319274382309
5.999999999999993 210.73647917123222 21.380716661090133
6.0999999999999925 210.6952688177369 22.24789022045138
6.199999999999992 211.3045987967693 21.430899681185732
6.299999999999992 210.4460889977803 21.112400230807236
6.3999999999999915 212.27979652230994 23.06745193551166
6.499999999999991 210.23077471998934 21.68848058867698
6.599999999999991 211.7957728534714 21.634876251186352
6.69999999999999 209.90853478897637 21.873637484197705
6.79999999999999 210.148032405721 21.463979220968028
6.89999999999999 209.84068662705477 21.564244100291084
6.999999999999989 210.83599340794325 21.449828745293328
7.099999999999989 210.7932069106667 21.672198704853972
7.199999999999989 210.20573529924678 21.92082863257646
7.299999999999988 209.7023878340258 21.734200409612196
7.399999999999988 209.72312056449337 21.282444374623406
7.499999999999988 210.65802375544217 22.063118612184848
7.599999999999987 210.44400607339594 21.847354986062683
7.699999999999987 211.5886497753335 22.1733214608059
7.7999999999999865 210.34660024894646 21.479207609404536
7.899999999999986 210.64915839546956 22.71629800558508
7.999999999999986 208.3663890016841 21.39327219481231
