# Rounds: 50, repetitions: 1000
# Good arm ~ N(5.0,0.0), 7 bad arm(s) ~ N(4.9,0.0)
# Observation noise range from 0.5 to 8.0 with step size 0.1

# Observation noise | mean | standard deviation

0.5 250.7275000000003 0.3875357195587551
0.6 250.6574000000005 0.3695156042466578
0.7 250.64000000000013 0.3756342650785344
0.7999999999999999 250.58240000000032 0.3719524009716533
0.8999999999999999 250.56590000000008 0.37758410951700405
0.9999999999999999 250.5780000000002 0.37762229621486565
1.0999999999999999 250.55890000000028 0.37451442035126026
1.1999999999999997 250.5487000000002 0.39836792918983177
1.2999999999999996 250.53880000000052 0.3827545702680107
1.3999999999999995 250.53970000000015 0.3968770860372383
1.4999999999999993 250.51010000000036 0.38994877875182404
1.5999999999999992 250.50930000000017 0.38174499242194027
1.699999999999999 250.52859999999987 0.39168285060166036
1.799999999999999 250.50890000000012 0.386212312012367
1.8999999999999988 250.52460000000016 0.3961208802269083
1.9999999999999987 250.48170000000022 0.364538061110206
2.0999999999999988 250.49329999999998 0.36256939551836864
2.199999999999999 250.4721 0.3699844300487084
2.299999999999999 250.47089999999966 0.3827397022516325
2.399999999999999 250.46100000000038 0.37908139324252144
2.499999999999999 250.4780000000004 0.3889051905635034
2.599999999999999 250.45900000000043 0.37088617735977336
2.6999999999999993 250.49749999999995 0.36850990427604247
2.7999999999999994 250.4735000000002 0.3798052158699115
2.8999999999999995 250.47210000000018 0.37490284360368714
2.9999999999999996 250.4668000000002 0.36217251266339606
3.0999999999999996 250.45570000000023 0.35728863005300643
3.1999999999999997 250.44080000000002 0.3475286119675985
3.3 250.45549999999994 0.3609987120060937
3.4 250.47210000000038 0.35139018919863885
3.5 250.45260000000016 0.35827587359685825
3.6 250.45150000000024 0.34620457479299294
3.7 250.44810000000012 0.3568244858662345
3.8000000000000003 250.4471000000003 0.35184568405108313
3.9000000000000004 250.4359000000005 0.33104498301706803
4.0 250.43340000000003 0.33522651568276673
4.1 250.44680000000017 0.33123930847571537
4.199999999999999 250.44610000000063 0.33561499881176104
4.299999999999999 250.4615000000003 0.3613008279651166
4.399999999999999 250.44730000000007 0.3381524169025665
4.499999999999998 250.44550000000018 0.3319185441036869
4.599999999999998 250.42690000000036 0.32166731238944785
4.6999999999999975 250.43510000000018 0.32326845267127985
4.799999999999997 250.44550000000004 0.324969776064401
4.899999999999997 250.43750000000003 0.3073731091494823
4.9999999999999964 250.4442000000003 0.31910529326255116
5.099999999999996 250.45260000000016 0.3147575452825622
5.199999999999996 250.46400000000028 0.31282880599755203
5.299999999999995 250.46650000000056 0.3241802628829114
5.399999999999995 250.43640000000036 0.29254165621431333
5.499999999999995 250.4571000000001 0.3208621862147895
5.599999999999994 250.43640000000045 0.3091449669824874
5.699999999999994 250.43770000000006 0.2935214896133802
5.799999999999994 250.44910000000044 0.3089249498253858
5.899999999999993 250.4374000000003 0.2900437300914434
5.999999999999993 250.4412000000001 0.29493990837040274
6.0999999999999925 250.43330000000034 0.28234877515375173
6.199999999999992 250.44940000000037 0.28478191786125334
6.299999999999992 250.45649999999998 0.29766819842964237
6.3999999999999915 250.44129999999996 0.29484104402412026
6.499999999999991 250.43550000000027 0.28574709342597676
6.599999999999991 250.44920000000013 0.284183250949301
6.69999999999999 250.43890000000025 0.28304930119486177
6.79999999999999 250.4417000000003 0.2761292403157456
6.89999999999999 250.4417000000001 0.29270597326801984
6.999999999999989 250.44050000000038 0.27742875971447145
7.099999999999989 250.4604000000002 0.2906480970457382
7.199999999999989 250.44580000000008 0.27524192652666724
7.299999999999988 250.44710000000035 0.27847646065535286
7.399999999999988 250.4661000000001 0.27838514379952517
7.499999999999988 250.45109999999997 0.27650541630362047
7.599999999999987 250.4580000000002 0.2690136955033374
7.699999999999987 250.43689999999987 0.27543466422047863
7.7999999999999865 250.45200000000023 0.2750484532798641
7.899999999999986 250.4514000000003 0.2619669190311259
7.999999999999986 250.43250000000015 0.2687489087902861
