# Rounds: 50, repetitions: 1000
# Good arm ~ N(5.0,4.0), 7 bad arm(s) ~ N(0.5,4.0)
# Observation noise range from 0.5 to 8.0 with step size 0.1

# Observation noise | mean | standard deviation

0.5 171.8885357500687 71.46332283286725
0.6 177.48766296243826 68.56814353669364
0.7 170.2897014568714 71.0321296061711
0.7999999999999999 177.68195226180174 68.60556522441462
0.8999999999999999 173.86609104643955 66.26202102109369
0.9999999999999999 176.48111251174504 60.994208507982464
1.0999999999999999 174.5813806101876 64.08276502063957
1.1999999999999997 175.83679740418722 59.4823443633634
1.2999999999999996 177.6214724187848 60.53033817184158
1.3999999999999995 174.047466991649 61.66486282097859
1.4999999999999993 172.87030055981106 62.967827605886654
1.5999999999999992 176.55398010027722 60.037405755667095
1.699999999999999 174.4143623458613 58.310950666123716
1.799999999999999 173.2470523961806 56.45023713337092
1.8999999999999988 169.53820733011645 60.53507598187981
1.9999999999999987 170.32008537857607 57.10427855891844
2.0999999999999988 171.05560790905102 55.58998362976659
2.199999999999999 170.61105132475106 51.733515556144944
2.299999999999999 166.52191996465527 55.06905688697331
2.399999999999999 161.9382469149146 55.73613819976531
2.499999999999999 162.00802315448092 56.06979648250665
2.599999999999999 154.53313365458447 58.38153660637045
2.6999999999999993 158.89827854343278 54.7250778748327
2.7999999999999994 152.33352123113022 54.23295321524619
2.8999999999999995 152.51024061831666 56.060471876012656
2.9999999999999996 150.7114431530844 53.79431111120148
3.0999999999999996 148.87461405313158 53.91486474605755
3.1999999999999997 145.2995085347876 54.263448692627755
3.3 143.20984006030017 53.63973395452409
3.4 137.0541174158203 54.57329860234791
3.5 137.54825370321342 51.54174942790009
3.6 133.9131939753782 50.95959921336869
3.7 135.11992601727226 51.67962321795722
3.8000000000000003 132.09313610938753 53.01078485871868
3.9000000000000004 129.18601020541692 51.47699703557482
4.0 128.044218181103 51.76397426159257
4.1 124.33044023236371 48.3405120714924
4.199999999999999 119.90451117800417 49.10248627461861
4.299999999999999 121.13135115273414 50.44855579848215
4.399999999999999 115.33914324335787 50.841131260925664
4.499999999999998 116.64673382529267 49.782263662163516
4.599999999999998 113.40796553465057 50.5574616551844
4.6999999999999975 111.30062346476821 48.04021875841048
4.799999999999997 112.05099315047313 49.22106976528452
4.899999999999997 105.25500021394271 48.19757401909165
4.9999999999999964 105.75150886680032 46.63025613667084
5.099999999999996 106.22970267607045 46.70583042685885
5.199999999999996 104.41222344987747 47.13443406727498
5.299999999999995 102.59093765290282 47.13402318447167
5.399999999999995 96.88290590669386 45.72612138371514
5.499999999999995 98.4310585264528 46.18407140705507
5.599999999999994 97.84927732078425 43.67550046076025
5.699999999999994 94.2216305217264 45.38677140850829
5.799999999999994 93.28053785288712 42.73363172493973
5.899999999999993 92.00592965569994 42.83186490986824
5.999999999999993 89.98749147251557 42.00244062454022
6.0999999999999925 90.5795393783885 40.756931898124805
6.199999999999992 87.57806517662794 40.75049155724652
6.299999999999992 88.03054993740577 42.71162233361893
6.3999999999999915 84.85769723590485 39.411202398755414
6.499999999999991 83.67072244938421 39.42782781721234
6.599999999999991 82.71793796165888 38.019669151052035
6.69999999999999 79.52446665692516 39.65309072342472
6.79999999999999 82.00033013942236 39.78509583075201
6.89999999999999 80.8748256211944 38.21856086544755
6.999999999999989 78.49299655535764 36.75893904370938
7.099999999999989 79.48960117336107 38.49190450516939
7.199999999999989 77.6885142593476 35.632183157754504
7.299999999999988 76.30142514753655 37.71575552724075
7.399999999999988 75.70553343377809 37.217160903557684
7.499999999999988 74.04386186869954 36.92477340170054
7.599999999999987 74.07344988686059 36.25001104840141
7.699999999999987 73.41143679580539 36.736319014483925
7.7999999999999865 72.5218346832885 36.77073447459348
7.899999999999986 71.6432288389864 36.11912191177007
7.999999999999986 72.5925542680896 34.650276570502086
