# Rounds: 50, repetitions: 1000
# Good arm ~ N(5.0,2.0), 7 bad arm(s) ~ N(3.0,2.0)
# Observation noise range from 0.5 to 8.0 with step size 0.1

# Observation noise | mean | standard deviation

0.5 212.2179573335789 32.19130743906407
0.6 214.46624700289846 29.583203432942884
0.7 212.0800286830675 30.093249860133884
0.7999999999999999 212.8486838549996 29.761702895655226
0.8999999999999999 211.93645425574414 28.722379056547446
0.9999999999999999 210.49100399003663 28.069167429036273
1.0999999999999999 209.10863747323975 28.638684956574004
1.1999999999999997 209.88205160918315 28.506152422308084
1.2999999999999996 207.69483811910519 28.501006274771687
1.3999999999999995 206.96652729978703 26.976655128584344
1.4999999999999993 205.2865229394284 26.924518419778003
1.5999999999999992 203.78623644266943 26.773636844451033
1.699999999999999 202.7469993783644 26.194325798824007
1.799999999999999 201.10215134307873 26.440167419437923
1.8999999999999988 201.57577137836222 25.974112935623964
1.9999999999999987 200.07763493584756 25.803181325647017
2.0999999999999988 198.08997314634945 26.26266571238231
2.199999999999999 196.78447247643075 24.508841600628205
2.299999999999999 195.37591562932005 24.01137159866905
2.399999999999999 194.10146588613395 24.0647021793138
2.499999999999999 194.59844603064298 24.41158699364031
2.599999999999999 192.01339070962547 24.41724841177369
2.6999999999999993 189.8541658611967 22.613053422720625
2.7999999999999994 188.03802406747678 23.365207190284863
2.8999999999999995 188.753301508091 23.15899115512303
2.9999999999999996 186.5906691872182 22.663580869553947
3.0999999999999996 186.52999841808673 22.36383586304682
3.1999999999999997 185.45368131219803 21.997624343422668
3.3 184.9445796162664 22.650863940918565
3.4 184.18787582146257 21.086618236579056
3.5 182.28399283999656 21.3849083808139
3.6 181.3160365498351 20.896115445167236
3.7 181.670904534087 20.207917369427737
3.8000000000000003 180.25309819677094 20.620143263297585
3.9000000000000004 179.85875817616213 20.248725033863497
4.0 180.21570229377494 20.119161758900063
4.1 179.26137090860792 19.859389197166234
4.199999999999999 176.87811818258572 20.358811977404393
4.299999999999999 176.86935381267793 19.53870475357033
4.399999999999999 176.6866382259265 19.297255964887714
4.499999999999998 176.5853315534252 19.311681642732854
4.599999999999998 175.80534367941002 19.689787772637423
4.6999999999999975 176.10226117164487 18.719785717301082
4.799999999999997 174.43839979715477 18.264353841215197
4.899999999999997 174.33068790639282 18.262915209819976
4.9999999999999964 174.20875520904292 18.413978748723856
5.099999999999996 173.61871870133675 17.266027633776503
5.199999999999996 172.06748337102354 17.815502782585522
5.299999999999995 171.44875576012114 17.261910529990363
5.399999999999995 172.52667084272457 17.507016779722242
5.499999999999995 172.523382539723 17.040523627269213
5.599999999999994 171.8723881073872 16.346208915460924
5.699999999999994 172.14551190731325 17.31147853013945
5.799999999999994 171.41730839558784 16.370196529599642
5.899999999999993 171.45505024702817 17.375332186733498
5.999999999999993 171.04860515713276 17.311425683246437
6.0999999999999925 170.88338369272384 16.542693110704242
6.199999999999992 170.26739867884115 16.51904929162906
6.299999999999992 170.49888268793455 16.44794030556527
6.3999999999999915 170.10799257420652 16.389889752153447
6.499999999999991 170.1492423054756 16.19760597690498
6.599999999999991 169.55320554907127 16.361889564429514
6.69999999999999 169.05154928123505 16.98430183354233
6.79999999999999 169.35226386217263 15.840195601034399
6.89999999999999 170.00286588137308 16.22091047470664
6.999999999999989 168.79052699019343 16.337974437628148
7.099999999999989 168.9261556636113 15.588320740493256
7.199999999999989 168.75544287860728 15.785307733395642
7.299999999999988 168.55183221883922 16.744418952952483
7.399999999999988 169.01754413147117 16.361589419686723
7.499999999999988 168.0789683245383 15.427878213774761
7.599999999999987 169.00026140257617 15.496562180297655
7.699999999999987 168.45995802309378 16.105179715950573
7.7999999999999865 168.09951005371312 15.801591874310333
7.899999999999986 167.7140439530048 16.18962846150025
7.999999999999986 168.05215875854913 15.760499206098105
