# Rounds: 1000, repetitions: 1000
# Good arm ~ N(5.0,0.0), 4 bad arm(s) ~ N(4.7,0.0)
# Observation noise range from 0.5 to 4.0 with step size 0.1

# Observation noise | mean | standard deviation

0.5 4981.746999999998 1.5030269758358579
0.6 4974.712599999997 1.3272689564980005
0.7 4967.169999999998 1.4284749002139736
0.7999999999999999 4959.5902 1.630620398156406
0.8999999999999999 4951.731699999994 1.7960486911278746
0.9999999999999999 4943.79009999999 2.040930519980784
1.0999999999999999 4936.067499999991 2.263704509893067
1.1999999999999997 4928.176599999986 2.518613875896519
1.2999999999999996 4920.748299999986 2.6363549604482928
1.3999999999999995 4913.311599999986 3.014882245620518
1.4999999999999993 4906.160799999986 3.031021354338278
1.5999999999999992 4899.348999999981 3.2120423745990347
1.699999999999999 4893.038199999977 3.4905220962642325
1.799999999999999 4886.816499999971 3.590527766170884
1.8999999999999988 4880.553399999974 3.68992194551172
1.9999999999999987 4875.326199999974 4.048840163142129
2.0999999999999988 4869.951099999971 4.0685171280980645
2.199999999999999 4865.280099999979 4.222310018449664
2.299999999999999 4860.606399999964 4.095335250112939
2.399999999999999 4855.839399999972 4.285437272043701
2.499999999999999 4851.732099999959 4.3265943892417065
2.599999999999999 4848.018399999964 4.473485611189735
2.6999999999999993 4844.567799999958 4.654484653256055
2.7999999999999994 4840.838499999966 4.5423034101960695
2.8999999999999995 4837.837599999964 4.794767568511112
2.9999999999999996 4834.886499999959 4.97365106887938
3.0999999999999996 4831.660599999958 4.713859152341944
3.1999999999999997 4829.236299999955 4.6082413346315745
3.3 4826.714799999952 4.715026238786124
3.4 4824.56259999996 5.088232635342341
3.5 4822.201299999953 4.972815822772635
3.6 4819.764099999954 5.175947412950897
3.7 4818.00399999995 5.157794765872083
3.8000000000000003 4816.006599999951 5.4099967194552105
3.9000000000000004 4814.349099999946 5.486872055640322
4.0 4812.457299999951 5.589102322805259
