# Rounds: 1000, repetitions: 1000
# Good arm ~ N(5.0,2.0), 4 bad arm(s) ~ N(3.4,2.0)
# Observation noise range from 0.5 to 4.0 with step size 0.1

# Observation noise | mean | standard deviation

0.5 4825.929472054241 451.9722524291919
0.6 4855.966591223335 391.7083427738196
0.7 4887.709972814386 334.7671105992938
0.7999999999999999 4890.553937434982 326.9263380210978
0.8999999999999999 4921.544679895385 243.22891724975702
0.9999999999999999 4907.640045973359 275.4383377925915
1.0999999999999999 4928.371558830407 204.83636116700458
1.1999999999999997 4927.257512276815 196.0791889773388
1.2999999999999996 4936.260564404213 170.02960842824223
1.3999999999999995 4941.094700720081 113.69049878517615
1.4999999999999993 4937.122606804865 123.76299378565676
1.5999999999999992 4938.399427798247 94.35775532874382
1.699999999999999 4939.107100103589 87.37021580173023
1.799999999999999 4934.552588296087 76.84269273514101
1.8999999999999988 4929.206494890231 79.76593573736201
1.9999999999999987 4922.247091650047 79.05625593008077
2.0999999999999988 4917.677743006724 81.58781388543348
2.199999999999999 4916.066016720217 72.31435908682354
2.299999999999999 4909.927429260243 71.5280759724823
2.399999999999999 4902.590823707643 76.4705762586935
2.499999999999999 4898.172516865921 73.75851707911181
2.599999999999999 4898.122586366633 68.49770199863053
2.6999999999999993 4891.919806294075 75.10949583217999
2.7999999999999994 4883.8499989732 72.52175000242612
2.8999999999999995 4878.990032326945 75.23244911956098
2.9999999999999996 4872.444086128648 74.71296044525836
3.0999999999999996 4867.847972401439 75.11458792187203
3.1999999999999997 4859.955093654237 76.50619778757945
3.3 4852.249161212388 73.25757499178997
3.4 4854.18362051209 75.31207805207373
3.5 4841.43933997584 77.425713515256
3.6 4837.546334308083 74.19576317143358
3.7 4830.231723261792 74.10643704583165
3.8000000000000003 4824.950513082112 79.51953334653737
3.9000000000000004 4822.049374362811 77.29175768512431
4.0 4815.469415428615 79.64596217436352
