# Rounds: 1000, repetitions: 1000
# Good arm ~ N(5.0,3.0), 4 bad arm(s) ~ N(4.1,3.0)
# Observation noise range from 0.5 to 4.0 with step size 0.1

# Observation noise | mean | standard deviation

0.5 4616.588667428079 426.6675582471119
0.6 4645.101516733785 414.17189703145755
0.7 4648.434052571156 405.6427511894843
0.7999999999999999 4685.960350483932 396.0870385812159
0.8999999999999999 4690.762663239635 387.21985082507217
0.9999999999999999 4714.387913031855 381.4575674020573
1.0999999999999999 4748.394060584966 355.0042855523465
1.1999999999999997 4756.176701865448 340.7838232150682
1.2999999999999996 4765.778622027179 327.73279261728396
1.3999999999999995 4756.6011031899225 316.20792319081556
1.4999999999999993 4781.484777498508 306.41575784335777
1.5999999999999992 4788.058900527655 291.0838407622952
1.699999999999999 4801.334309205254 273.0496497331238
1.799999999999999 4806.691234709394 263.47017905903806
1.8999999999999988 4801.486936314658 252.3685084565316
1.9999999999999987 4803.73713506836 236.6339185683329
2.0999999999999988 4817.214770874166 224.54996495951585
2.199999999999999 4802.078904863284 221.68728897069107
2.299999999999999 4813.130064146524 201.97606372867398
2.399999999999999 4792.430127974588 202.49873683408913
2.499999999999999 4816.874638321287 189.72531067967952
2.599999999999999 4796.3459094943455 194.1307523525713
2.6999999999999993 4814.294770739073 171.19652319253157
2.7999999999999994 4792.199751201508 181.33313294185444
2.8999999999999995 4789.549427053264 170.19805436325936
2.9999999999999996 4791.967596512023 163.03769216211336
3.0999999999999996 4792.933500626775 160.1031213813811
3.1999999999999997 4768.847708690634 174.9181641124524
3.3 4777.090275852458 167.13386315585456
3.4 4763.296169012122 166.37118423751517
3.5 4759.708547219371 164.44912113184046
3.6 4746.342943013114 168.1273817989598
3.7 4753.1243965992635 154.33514185272088
3.8000000000000003 4752.7025343319365 148.82153161666307
3.9000000000000004 4742.650440009971 148.6847811743102
4.0 4740.35881954232 158.04758096222443
