# Rounds: 1000, repetitions: 1000
# Good arm ~ N(5.0,0.0), 4 bad arm(s) ~ N(2.9,0.0)
# Observation noise range from 0.5 to 4.0 with step size 0.1

# Observation noise | mean | standard deviation

0.5 4993.124499999997 5.504582652679626
0.6 4992.477700000003 5.623454093877438
0.7 4989.7855 5.483289725722636
0.7999999999999999 4987.101700000007 4.87311135972946
0.8999999999999999 4985.1991 4.535038673017768
0.9999999999999999 4982.603499999998 4.689992940696661
1.0999999999999999 4979.8966000000055 4.306838434083273
1.1999999999999997 4977.080499999994 3.8282823165873117
1.2999999999999996 4973.6134 4.33910685375333
1.3999999999999995 4970.196699999989 4.040725996225977
1.4999999999999993 4966.922800000002 3.9511912219066208
1.5999999999999992 4963.020999999999 4.120363624293008
1.699999999999999 4959.301900000004 3.9730859293251988
1.799999999999999 4955.160699999999 4.085834009054928
1.8999999999999988 4951.231599999996 4.390735701451412
1.9999999999999987 4946.897199999986 4.681986026586723
2.0999999999999988 4942.5019 4.48754102091721
2.199999999999999 4938.253599999998 4.6713990419369145
2.299999999999999 4933.807900000004 4.992902629399741
2.399999999999999 4928.763700000001 5.61306679354782
2.499999999999999 4924.330600000003 5.496006707576853
2.599999999999999 4919.534199999995 5.907202841058163
2.6999999999999993 4914.683200000007 5.790648441182506
2.7999999999999994 4910.006500000001 5.986990212268721
2.8999999999999995 4904.754400000002 6.630239869018424
2.9999999999999996 4899.752200000005 6.918194603838233
3.0999999999999996 4894.537899999998 6.952478014387455
3.1999999999999997 4889.304700000002 7.2564925821360085
3.3 4884.224799999992 7.516905535446667
3.4 4878.8824 7.623330335582036
3.5 4873.399299999999 7.7773257811607195
3.6 4867.3029999999935 7.8931028165146975
3.7 4862.084500000003 8.183849041565665
3.8000000000000003 4856.475400000001 8.275826493114995
3.9000000000000004 4850.834799999995 8.836974656582463
4.0 4845.297099999997 8.62828655753381
