# Rounds: 1000, repetitions: 1000
# Good arm ~ N(5.0,3.0), 4 bad arm(s) ~ N(3.2,3.0)
# Observation noise range from 0.5 to 4.0 with step size 0.1

# Observation noise | mean | standard deviation

0.5 4571.169678020508 718.6037494555967
0.6 4598.934364827036 703.1980680467029
0.7 4660.108208629867 646.480803328128
0.7999999999999999 4699.979656439877 605.5065440952583
0.8999999999999999 4719.0808649950295 580.5671035024486
0.9999999999999999 4782.728497484786 496.1703562591801
1.0999999999999999 4757.768639560204 518.7431290077436
1.1999999999999997 4814.583022520034 427.83443083790894
1.2999999999999996 4829.185276836356 410.99792653373845
1.3999999999999995 4857.745232119529 363.37156997816425
1.4999999999999993 4855.353172798557 344.86308640610855
1.5999999999999992 4865.390638686538 317.9537616305448
1.699999999999999 4880.887595495486 254.15551758871234
1.799999999999999 4866.315693156607 286.70768495010367
1.8999999999999988 4877.119006867311 240.2397820913786
1.9999999999999987 4894.824799518268 198.77506988467727
2.0999999999999988 4893.8666521613695 170.42978304168653
2.199999999999999 4890.104032508196 155.28927681335662
2.299999999999999 4885.506100807281 154.35363575502723
2.399999999999999 4882.018086142604 165.46607818397985
2.499999999999999 4876.886150954166 138.8668555451141
2.599999999999999 4878.782893796999 142.07343541048164
2.6999999999999993 4882.6043461165145 132.395830044276
2.7999999999999994 4874.806320959679 123.0574908892985
2.8999999999999995 4870.090440939928 116.40881357092451
2.9999999999999996 4860.647743641127 133.84937983708215
3.0999999999999996 4864.3295344696 127.3085767490115
3.1999999999999997 4858.525177931945 112.39157564230092
3.3 4845.915333903006 127.7867062317763
3.4 4842.137735673228 123.8989886057213
3.5 4832.319268458943 111.04675743253077
3.6 4833.706471112256 125.13079960289878
3.7 4827.195748637966 123.77427084914267
3.8000000000000003 4823.985236002053 119.359928820176
3.9000000000000004 4821.034944906446 122.53164784274459
4.0 4805.87271230031 120.90629080630191
