# Rounds: 1000, repetitions: 1000
# Good arm ~ N(5.0,4.0), 4 bad arm(s) ~ N(1.6,4.0)
# Observation noise range from 0.5 to 4.0 with step size 0.1

# Observation noise | mean | standard deviation

0.5 4507.468255263443 1139.3541120434909
0.6 4539.83785252277 1100.3577438500604
0.7 4558.30479805145 1064.399504367634
0.7999999999999999 4604.353989204321 1003.4929724112021
0.8999999999999999 4670.800213909408 902.4001094697692
0.9999999999999999 4691.341645343438 857.1435689883712
1.0999999999999999 4725.034840081584 797.8430179542099
1.1999999999999997 4779.3534794113475 702.2818020482349
1.2999999999999996 4768.581469992106 707.7371577352131
1.3999999999999995 4823.888481158248 570.1746187982576
1.4999999999999993 4831.747391829232 530.3755586764514
1.5999999999999992 4877.805968364374 392.45531094570316
1.699999999999999 4892.805649518957 367.561574907901
1.799999999999999 4895.513321541813 327.79313371148186
1.8999999999999988 4897.808705083321 320.328069366209
1.9999999999999987 4898.44832755354 264.7837057483879
2.0999999999999988 4901.409341883437 286.1291394888884
2.199999999999999 4900.633346603724 221.8018711194673
2.299999999999999 4922.930106268789 208.07324678102702
2.399999999999999 4899.213182030278 190.5029125806455
2.499999999999999 4901.394964607552 201.30699882782795
2.599999999999999 4891.776003051108 184.77192321833502
2.6999999999999993 4906.54269720761 146.3405462508517
2.7999999999999994 4905.07915086072 156.80203762898321
2.8999999999999995 4898.388069017625 138.82462253501438
2.9999999999999996 4899.855944013885 143.58094322126738
3.0999999999999996 4889.2264613974185 149.61671508596018
3.1999999999999997 4893.982651812882 141.32716785515817
3.3 4880.051393325117 147.8763182882309
3.4 4884.390261825624 156.58240856324988
3.5 4875.79714137309 142.0145491335605
3.6 4878.951717457618 138.9011875957298
3.7 4872.042117054788 144.76203743171558
3.8000000000000003 4857.05444229297 139.0591994589078
3.9000000000000004 4856.061649608143 142.21429033237885
4.0 4857.351349568047 138.657700868611
