# Rounds: 1000, repetitions: 1000
# Good arm ~ N(5.0,2.0), 4 bad arm(s) ~ N(4.1,2.0)
# Observation noise range from 0.5 to 4.0 with step size 0.1

# Observation noise | mean | standard deviation

0.5 4777.765425846547 359.5675368587257
0.6 4798.899781683951 338.71005091238345
0.7 4841.81197705186 303.13135197365494
0.7999999999999999 4840.793156488404 291.01979662730577
0.8999999999999999 4876.410926549576 240.0231884052171
0.9999999999999999 4873.223870822494 244.60699335550302
1.0999999999999999 4878.317190777105 221.15794487391528
1.1999999999999997 4888.399106663767 201.8536607603426
1.2999999999999996 4884.449101961243 193.47310031864666
1.3999999999999995 4892.790699485096 164.87840722988196
1.4999999999999993 4894.24434653456 161.65580418717616
1.5999999999999992 4899.0136776850595 132.54131429117894
1.699999999999999 4895.763171184722 124.17628615909831
1.799999999999999 4893.180510227681 111.3203246301079
1.8999999999999988 4889.8655284886745 101.55962978525511
1.9999999999999987 4885.682054996826 102.74724167929202
2.0999999999999988 4873.455869159977 109.60258258323447
2.199999999999999 4873.979043133708 102.18261481114303
2.299999999999999 4873.472595500598 90.38447472681833
2.399999999999999 4866.834605064797 94.62314147133276
2.499999999999999 4861.424006266866 87.61995211700429
2.599999999999999 4852.00257556925 95.6653286051788
2.6999999999999993 4842.872268704331 93.40935684612256
2.7999999999999994 4841.76318092332 88.68135447153416
2.8999999999999995 4835.092534239001 89.26833265353659
2.9999999999999996 4828.320876403108 89.94206007252566
3.0999999999999996 4815.751097410282 94.38538158359731
3.1999999999999997 4810.092023399489 92.70385012514036
3.3 4810.483858856513 91.17532547171821
3.4 4798.714340986151 91.10213138258467
3.5 4792.575984528176 93.01726233045109
3.6 4783.94766942862 92.55398434187624
3.7 4777.844814657347 92.28161842081093
3.8000000000000003 4772.423374235253 94.15862152128813
3.9000000000000004 4764.445305243381 95.47513724856078
4.0 4758.952321496142 93.77335090760555
