# Rounds: 1000, repetitions: 1000
# Good arm ~ N(5.0,5.0), 4 bad arm(s) ~ N(4.5,5.0)
# Observation noise range from 0.5 to 4.0 with step size 0.1

# Observation noise | mean | standard deviation

0.5 4658.617570741663 276.5728468073157
0.6 4671.527376450049 269.39277903174957
0.7 4670.744478080019 280.13008947703435
0.7999999999999999 4677.086867458098 263.7677849047763
0.8999999999999999 4679.901382699927 280.30858505677617
0.9999999999999999 4693.790476494025 271.9428631260452
1.0999999999999999 4682.373919987486 269.46294081893507
1.1999999999999997 4694.775113835955 258.3819749736215
1.2999999999999996 4683.988835777732 268.01577877151476
1.3999999999999995 4697.008423419847 265.9081941524754
1.4999999999999993 4686.088514972676 259.68037459068637
1.5999999999999992 4704.362217286385 259.1236097885623
1.699999999999999 4713.037794661955 269.0920346858606
1.799999999999999 4708.531837713274 253.186746419913
1.8999999999999988 4712.943472546132 251.34027644690633
1.9999999999999987 4694.349863573171 253.79208488977548
2.0999999999999988 4708.950908405681 243.60738535675384
2.199999999999999 4719.0406553677 251.94576694583014
2.299999999999999 4702.947009666112 243.93384756873766
2.399999999999999 4723.010388813796 250.06188078878859
2.499999999999999 4707.479335033195 233.84102029984328
2.599999999999999 4714.231655493704 234.72084989037586
2.6999999999999993 4716.772602064213 237.43463962068546
2.7999999999999994 4722.587683021315 236.8405107392211
2.8999999999999995 4731.802911844733 225.52921215543412
2.9999999999999996 4715.355619659024 230.96780217695274
3.0999999999999996 4714.405158764868 232.5652190135192
3.1999999999999997 4712.866143808617 224.4832072577549
3.3 4705.365600765155 224.78719320927257
3.4 4701.76563454566 221.61199986718609
3.5 4709.408923850938 217.02944550791582
3.6 4705.521617091372 215.31561799311402
3.7 4702.087276759431 220.2120030588729
3.8000000000000003 4694.001448768907 225.8448250999889
3.9000000000000004 4696.938871886401 215.60669117040078
4.0 4704.5756127335435 208.50663690297677
