# Rounds: 1000, repetitions: 1000
# Good arm ~ N(5.0,5.0), 4 bad arm(s) ~ N(0.9,5.0)
# Observation noise range from 0.5 to 4.0 with step size 0.1

# Observation noise | mean | standard deviation

0.5 4176.1194806750045 1562.700786624246
0.6 4330.104255022722 1437.1317581006158
0.7 4420.837576698913 1334.236472861169
0.7999999999999999 4426.943415381859 1325.3291878140897
0.8999999999999999 4526.666183183248 1185.1129793438308
0.9999999999999999 4577.293206664782 1140.096085807655
1.0999999999999999 4527.476129921576 1175.1414315265977
1.1999999999999997 4670.23124358945 958.9673786133183
1.2999999999999996 4709.584938785989 882.4729408074063
1.3999999999999995 4730.306719223385 836.6571781471672
1.4999999999999993 4749.994934665546 802.8081074142449
1.5999999999999992 4787.476966070479 733.7278240615975
1.699999999999999 4815.972694480623 584.1657214134858
1.799999999999999 4829.099270552453 550.7564587817668
1.8999999999999988 4861.390447795461 479.79732078661885
1.9999999999999987 4849.038871994024 507.01317967399916
2.0999999999999988 4875.521396785139 395.27439642094726
2.199999999999999 4864.686329252247 405.0445311712659
2.299999999999999 4873.547897749777 358.9436874176502
2.399999999999999 4893.766738897225 217.47070372364036
2.499999999999999 4878.121306176513 275.9438220049283
2.599999999999999 4882.712014963518 259.7559204484872
2.6999999999999993 4887.7095539290885 219.94397866819114
2.7999999999999994 4897.088791321826 178.05373627701925
2.8999999999999995 4883.617086741484 234.55849032478108
2.9999999999999996 4884.017892856669 185.45455856265448
3.0999999999999996 4884.749555950278 241.0409131116054
3.1999999999999997 4884.021247316644 179.98654383868987
3.3 4877.910191713697 177.0777285600962
3.4 4882.3139549577345 168.79278409888357
3.5 4875.2094473255465 175.8254321265943
3.6 4880.919011642578 174.13819657690956
3.7 4870.225062417629 173.96142322148324
3.8000000000000003 4856.49921506622 171.14759943543012
3.9000000000000004 4839.871276426564 181.38520791315557
4.0 4846.951754905082 177.28410040650698
