# Rounds: 1000, repetitions: 1000
# Good arm ~ N(5.0,5.0), 4 bad arm(s) ~ N(0.1,5.0)
# Observation noise range from 0.5 to 4.0 with step size 0.1

# Observation noise | mean | standard deviation

0.5 4330.140070396534 1591.3418241031509
0.6 4373.965047276156 1564.0014874287465
0.7 4583.502398615934 1247.3764505246245
0.7999999999999999 4610.74004332697 1205.7718721633742
0.8999999999999999 4626.857813746326 1177.7640450935314
0.9999999999999999 4643.179874680673 1111.6469408724686
1.0999999999999999 4661.870784980274 1119.7557813170272
1.1999999999999997 4749.712222373611 887.7184320450422
1.2999999999999996 4814.944219290223 731.4332039872102
1.3999999999999995 4799.962249124185 743.2364922847945
1.4999999999999993 4844.828094088981 595.5386449425198
1.5999999999999992 4823.983765723014 699.9527044225977
1.699999999999999 4852.568407229595 575.5429787662596
1.799999999999999 4873.056152306346 508.34758536690106
1.8999999999999988 4875.257240411897 430.5148160770134
1.9999999999999987 4876.855509753166 476.61278614269474
2.0999999999999988 4914.082979594586 273.99452367393843
2.199999999999999 4911.109445440945 247.95766386264424
2.299999999999999 4908.207213488762 269.1020735591502
2.399999999999999 4904.742435740743 245.62710247597673
2.499999999999999 4902.248383428289 210.15628227452646
2.599999999999999 4914.923181021622 179.8377654134163
2.6999999999999993 4899.021914870264 222.91566397101042
2.7999999999999994 4910.294879870745 179.2388125997989
2.8999999999999995 4898.088728027832 165.53007613720462
2.9999999999999996 4906.074415530962 171.33143713938756
3.0999999999999996 4903.37937952532 178.56890744551401
3.1999999999999997 4884.455879405439 207.4649740203656
3.3 4901.579565910712 169.70890150130754
3.4 4892.055950199114 168.24957652554187
3.5 4892.027218643769 180.39422944772426
3.6 4887.654630454189 167.83189552822677
3.7 4872.898956465318 169.63182462567613
3.8000000000000003 4872.327644990332 175.2841646514375
3.9000000000000004 4861.011842610312 165.9714366012075
4.0 4862.026158181024 166.69580573512735
