# Rounds: 1000, repetitions: 1000
# Good arm ~ N(5.0,2.0), 4 bad arm(s) ~ N(0.6,2.0)
# Observation noise range from 0.5 to 4.0 with step size 0.1

# Observation noise | mean | standard deviation

0.5 4972.289737602496 156.44894620264853
0.6 4971.296610538902 225.57440623465018
0.7 4981.544779980006 68.68533003200699
0.7999999999999999 4978.409525120992 67.59495874140691
0.8999999999999999 4978.382656980014 63.507354068372656
0.9999999999999999 4976.982194017987 65.65759026284742
1.0999999999999999 4977.474041786604 65.67295629956492
1.1999999999999997 4975.80661892939 65.40926431374216
1.2999999999999996 4976.9895609899095 66.13727659808104
1.3999999999999995 4973.60206924649 66.74656907950165
1.4999999999999993 4970.751345694504 64.60417786914263
1.5999999999999992 4969.971287125128 64.07619386469348
1.699999999999999 4966.863110736839 62.481941275283305
1.799999999999999 4962.5202160654335 63.41621649357886
1.8999999999999988 4959.191431688182 64.33760042212074
1.9999999999999987 4957.69551995107 64.04546008162421
2.0999999999999988 4957.4576343370945 64.86912428290809
2.199999999999999 4951.053381332504 65.11529604137901
2.299999999999999 4949.257794964323 65.95471582970657
2.399999999999999 4948.721881440711 65.7850733370414
2.499999999999999 4942.960145345907 62.19004275704632
2.599999999999999 4938.9928367065395 62.92675637337133
2.6999999999999993 4936.058602623063 65.12523609327657
2.7999999999999994 4933.344290229571 65.75549421586831
2.8999999999999995 4926.617968702472 67.98289914170715
2.9999999999999996 4924.964551901182 64.48708130056852
3.0999999999999996 4919.016117151495 66.90699529060184
3.1999999999999997 4915.1800434424 66.51881696210866
3.3 4912.5145242095705 67.1390921436039
3.4 4907.085510740821 64.27078122457462
3.5 4904.273053914429 66.56149625376952
3.6 4894.903782496083 68.3118028985227
3.7 4899.233509325376 69.3039590525277
3.8000000000000003 4888.802317467055 70.1192016875702
3.9000000000000004 4886.0733525247415 67.78043267523141
4.0 4882.512996556662 68.05931491383245
