# Rounds: 1000, repetitions: 1000
# Good arm ~ N(5.0,5.0), 4 bad arm(s) ~ N(2.1,5.0)
# Observation noise range from 0.5 to 4.0 with step size 0.1

# Observation noise | mean | standard deviation

0.5 4192.928792616228 1257.4666541531378
0.6 4127.043919461676 1281.9683214633815
0.7 4222.312526674491 1220.7570543949007
0.7999999999999999 4339.370307586498 1143.0512979103312
0.8999999999999999 4347.447620684553 1131.6320188216025
0.9999999999999999 4402.99743170025 1083.9061670601816
1.0999999999999999 4485.349796652484 1011.3345217998232
1.1999999999999997 4463.624449982368 1013.7672106170877
1.2999999999999996 4566.396002847963 922.44127365017
1.3999999999999995 4555.632529015994 925.4025866288257
1.4999999999999993 4603.5760178844 867.4753854289518
1.5999999999999992 4623.408334520775 813.4674386467395
1.699999999999999 4655.532204553901 780.1456110290503
1.799999999999999 4725.173977482618 676.809905091038
1.8999999999999988 4739.59434015054 643.412353666551
1.9999999999999987 4760.057906694153 598.9965830134587
2.0999999999999988 4750.720206037278 575.354234762562
2.199999999999999 4760.6821637480125 534.2544934915587
2.299999999999999 4810.350911711226 442.6459725601344
2.399999999999999 4824.262138393446 387.98757447568664
2.499999999999999 4812.601683986878 446.44400693487336
2.599999999999999 4807.471115685252 449.1468200180375
2.6999999999999993 4831.256748350897 385.5555971996814
2.7999999999999994 4838.091974072989 331.94748265903763
2.8999999999999995 4833.798281576466 332.90064953241466
2.9999999999999996 4834.251010364296 301.1692257836775
3.0999999999999996 4835.445060636766 289.18231973199977
3.1999999999999997 4834.99727571791 265.56103672318517
3.3 4837.587357531825 215.77859011007578
3.4 4832.047435025397 256.8391192835714
3.5 4825.342644275231 253.6140190453138
3.6 4826.252722705938 238.32007424981393
3.7 4828.18870965526 199.51580321280596
3.8000000000000003 4824.392297736123 223.66422977935778
3.9000000000000004 4813.85838949596 219.54658118387863
4.0 4827.670272811791 197.02528884222164
