# Rounds: 1000, repetitions: 1000
# Good arm ~ N(5.0,3.0), 4 bad arm(s) ~ N(2.2,3.0)
# Observation noise range from 0.5 to 4.0 with step size 0.1

# Observation noise | mean | standard deviation

0.5 4687.5032355155245 815.004614165921
0.6 4734.694246760759 757.6654815036993
0.7 4768.558944293851 698.1862735293597
0.7999999999999999 4797.551935886539 621.3871131976379
0.8999999999999999 4788.708907001392 637.2237127380098
0.9999999999999999 4849.489705539698 494.21360777598835
1.0999999999999999 4888.724927217334 393.4010918043641
1.1999999999999997 4870.654255676913 444.7804942597878
1.2999999999999996 4900.17210436902 329.9655491878044
1.3999999999999995 4923.094773551144 244.44144313077894
1.4999999999999993 4921.856201226846 274.5157785321675
1.5999999999999992 4921.180243989702 235.8432906616283
1.699999999999999 4936.261048469725 176.05780295275494
1.799999999999999 4921.489642859384 205.81356328209802
1.8999999999999988 4933.459419257499 143.86679461056008
1.9999999999999987 4928.102342843229 168.96651654755215
2.0999999999999988 4921.278078051754 145.35217967742975
2.199999999999999 4923.997567584363 147.35305671920034
2.299999999999999 4924.973497118825 104.38629878338976
2.399999999999999 4920.094663172593 104.46251536015984
2.499999999999999 4912.899402652845 117.82806591321037
2.599999999999999 4918.619180581161 110.28188613999045
2.6999999999999993 4904.7425308373395 103.31611436107028
2.7999999999999994 4908.418320270681 104.12813063127695
2.8999999999999995 4905.346810097727 102.50615721723274
2.9999999999999996 4896.357590915161 107.27449174936206
3.0999999999999996 4894.06325061326 106.18839069131553
3.1999999999999997 4889.476741144281 107.40107792689896
3.3 4885.955988828082 104.88487674090649
3.4 4885.08243463178 106.37504575624781
3.5 4869.28547008398 105.21876269336437
3.6 4877.270913257482 107.47248411867258
3.7 4863.482537557296 104.79584469339932
3.8000000000000003 4865.459662775913 102.43087074314161
3.9000000000000004 4854.443892059859 105.66072928263104
4.0 4850.005198837154 105.09242024726787
