# Rounds: 1000, repetitions: 1000
# Good arm ~ N(5.0,1.0), 4 bad arm(s) ~ N(4.2,1.0)
# Observation noise range from 0.5 to 4.0 with step size 0.1

# Observation noise | mean | standard deviation

0.5 4964.360935293483 112.88672083918964
0.6 4971.207804288255 84.6844878075691
0.7 4963.452250169672 90.96092602267896
0.7999999999999999 4969.095191169032 55.46684511329743
0.8999999999999999 4965.888989499551 41.21890902992068
0.9999999999999999 4962.427677800511 40.45953176945396
1.0999999999999999 4960.240652121514 40.126207396490685
1.1999999999999997 4951.385422123912 37.91022476348343
1.2999999999999996 4945.7574425903285 35.96875239712133
1.3999999999999995 4939.999685616889 37.7794160021383
1.4999999999999993 4934.662349922922 37.90299997271241
1.5999999999999992 4928.201019384682 37.78258596050687
1.699999999999999 4919.905615245432 39.15613829890978
1.799999999999999 4916.093841649348 37.28027537581346
1.8999999999999988 4907.403540560033 38.47275780117454
1.9999999999999987 4903.1929897507725 39.28384949910996
2.0999999999999988 4893.779407935588 39.156009553942276
2.199999999999999 4888.69315707146 39.06935036289883
2.299999999999999 4882.447507796238 39.287365329040874
2.399999999999999 4873.894074672402 41.56123686613651
2.499999999999999 4868.671036543025 43.28751755168182
2.599999999999999 4857.687618861799 42.96876735915304
2.6999999999999993 4853.2207187623635 42.63509199165061
2.7999999999999994 4843.317742428459 41.99214555983723
2.8999999999999995 4838.276288709039 41.747663848840276
2.9999999999999996 4830.140590399564 42.93716391068529
3.0999999999999996 4826.388704690506 43.304623799207214
3.1999999999999997 4817.705246123236 43.71879216786238
3.3 4807.251454539317 44.347393242984246
3.4 4807.301811117095 43.105362442999784
3.5 4799.287351059792 45.071872971543
3.6 4789.844546657693 44.618171482709286
3.7 4786.470721220632 44.11568748554055
3.8000000000000003 4773.660570387748 46.567058075226605
3.9000000000000004 4772.590941375206 45.83372159404726
4.0 4764.001418798368 45.9590651127738
