# Rounds: 1000, repetitions: 1000
# Good arm ~ N(5.0,2.0), 4 bad arm(s) ~ N(0.9,2.0)
# Observation noise range from 0.5 to 4.0 with step size 0.1

# Observation noise | mean | standard deviation

0.5 4965.76646783631 239.48870188572346
0.6 4973.869340242854 166.35284467486002
0.7 4975.460029541743 142.57296739857887
0.7999999999999999 4973.716585129868 134.6814627382162
0.8999999999999999 4980.567819417246 66.6089784231961
0.9999999999999999 4978.508897827623 67.09962947675093
1.0999999999999999 4976.917071631907 63.61628790831488
1.1999999999999997 4977.3400842940755 65.18236684048878
1.2999999999999996 4973.515118259411 62.293845345669475
1.3999999999999995 4971.317260331558 63.22903436558799
1.4999999999999993 4967.7531643134225 65.41930708977623
1.5999999999999992 4966.647391571149 65.94971344463158
1.699999999999999 4967.717405348901 65.3533567036327
1.799999999999999 4965.926679153189 65.32342961692501
1.8999999999999988 4962.169455345708 66.02866921465383
1.9999999999999987 4957.930165283167 64.88759595879144
2.0999999999999988 4953.872697309958 66.48099269178493
2.199999999999999 4951.528507786711 60.97883243825114
2.299999999999999 4948.768963176891 66.19297989715194
2.399999999999999 4943.193765191383 65.2030007846429
2.499999999999999 4939.932891966244 65.37028094071943
2.599999999999999 4939.088192215315 66.85714780330467
2.6999999999999993 4932.585453640881 64.60139029062682
2.7999999999999994 4930.511586660168 65.18772733142582
2.8999999999999995 4927.541834931065 62.03561207608649
2.9999999999999996 4923.222623356607 66.80134891474425
3.0999999999999996 4920.079389242784 66.05857557469953
3.1999999999999997 4913.478030497719 65.86221835449504
3.3 4916.550964162293 68.60004038974655
3.4 4904.566776991009 69.58137849618457
3.5 4901.655986080384 67.1281156611948
3.6 4899.187624388529 67.63798959171658
3.7 4891.376402247333 68.79976463362614
3.8000000000000003 4889.186917068599 68.0823848624794
3.9000000000000004 4879.996299224497 64.89994416814059
4.0 4877.948659493245 66.82943444342038
