# Rounds: 1000, repetitions: 1000
# Good arm ~ N(5.0,3.0), 4 bad arm(s) ~ N(2.0,3.0)
# Observation noise range from 0.5 to 4.0 with step size 0.1

# Observation noise | mean | standard deviation

0.5 4672.989721555499 870.7714855174926
0.6 4735.196904502464 782.058035579465
0.7 4762.619942047342 727.8119681328858
0.7999999999999999 4816.367134027872 604.2941477888309
0.8999999999999999 4841.275901817369 566.7976341786615
0.9999999999999999 4865.153930670197 503.82502318350106
1.0999999999999999 4912.068012002293 355.10533990968196
1.1999999999999997 4888.106673514621 390.7722736698269
1.2999999999999996 4924.487508349937 276.28746104073304
1.3999999999999995 4908.526431132766 319.2911593129016
1.4999999999999993 4933.481326544167 203.06649603932203
1.5999999999999992 4934.834832932744 179.28729515421657
1.699999999999999 4948.326444443058 112.52285009227161
1.799999999999999 4937.246405153469 179.63512142537422
1.8999999999999988 4934.8706554368755 153.1022817159862
1.9999999999999987 4938.86589364345 117.36214545747688
2.0999999999999988 4938.637372710429 100.6066108552915
2.199999999999999 4936.813884758224 105.91688806449325
2.299999999999999 4927.7285890880175 116.07888426440088
2.399999999999999 4924.745285738536 111.10116754159979
2.499999999999999 4923.337335979176 108.85489818645489
2.599999999999999 4922.186089453237 103.03056279688991
2.6999999999999993 4914.592311694972 105.15189206632434
2.7999999999999994 4914.320409927165 101.87538152329405
2.8999999999999995 4907.452216896569 101.09287583355412
2.9999999999999996 4911.9520783029075 102.46550863179877
3.0999999999999996 4898.531988840894 105.06342444053129
3.1999999999999997 4896.209723238294 98.18666880838006
3.3 4890.7349278545225 103.68525520037028
3.4 4886.374448975495 102.88990940568631
3.5 4876.280036720374 101.14561530181793
3.6 4877.855391943803 104.33638369491261
3.7 4868.993093266901 104.81399803057961
3.8000000000000003 4862.975616216217 104.35788059100378
3.9000000000000004 4858.625382186964 106.42426328807235
4.0 4855.65572548928 104.4517425778928
