# Rounds: 1000, repetitions: 1000
# Good arm ~ N(5.0,4.0), 4 bad arm(s) ~ N(4.3,4.0)
# Observation noise range from 0.5 to 4.0 with step size 0.1

# Observation noise | mean | standard deviation

0.5 4605.076343033037 350.29230438156475
0.6 4613.669877662759 345.21138698967644
0.7 4603.070333916738 341.10480053552146
0.7999999999999999 4634.790916952176 342.7627313746565
0.8999999999999999 4621.675167241855 340.58242100032027
0.9999999999999999 4649.23498148318 337.3870748972709
1.0999999999999999 4658.938965988695 339.3800271227655
1.1999999999999997 4669.982599938854 325.3833162066663
1.2999999999999996 4659.77690913384 326.1372233721435
1.3999999999999995 4669.840608193376 320.4535533550625
1.4999999999999993 4689.27518124623 311.6895560566134
1.5999999999999992 4709.684283362269 298.98384117891226
1.699999999999999 4704.6665265362135 300.5287282330658
1.799999999999999 4699.419921534895 294.07057123403575
1.8999999999999988 4703.722614027603 293.0625537350194
1.9999999999999987 4703.532713101814 293.53895923701407
2.0999999999999988 4699.553849667701 281.72125426543226
2.199999999999999 4719.0119623302 267.43622541119174
2.299999999999999 4729.530611270899 273.5989597081917
2.399999999999999 4709.864258025038 263.91136719565895
2.499999999999999 4722.754398630804 249.56627406421973
2.599999999999999 4706.102397191782 255.17705667095535
2.6999999999999993 4708.595657092681 258.92106411456547
2.7999999999999994 4728.543655236052 244.5227147039154
2.8999999999999995 4710.767714238617 242.93306245591526
2.9999999999999996 4701.041338683044 242.92261813175216
3.0999999999999996 4727.381918154135 231.52717448014968
3.1999999999999997 4706.58795961669 233.70628378527974
3.3 4704.473910488387 233.7149935861255
3.4 4704.389705242577 216.8917701541654
3.5 4703.93338554983 221.93045571131324
3.6 4720.784464425106 219.69757488410298
3.7 4699.032976734771 212.2125465757346
3.8000000000000003 4703.916159230942 208.07846073192695
3.9000000000000004 4686.630669209618 206.8986664903771
4.0 4696.683652416981 216.3578413881411
