# Rounds: 1000, repetitions: 1000
# Good arm ~ N(5.0,1.0), 4 bad arm(s) ~ N(0.6,1.0)
# Observation noise range from 0.5 to 4.0 with step size 0.1

# Observation noise | mean | standard deviation

0.5 4984.973844722377 32.237205424627454
0.6 4984.218025305154 32.09719977023678
0.7 4986.609642247703 31.23894878256123
0.7999999999999999 4984.583669328952 32.20224459856931
0.8999999999999999 4985.578458765259 32.49400799877545
0.9999999999999999 4984.700894964357 31.276240862772887
1.0999999999999999 4981.700384944726 32.85925932155761
1.1999999999999997 4981.094983583587 31.21695791025436
1.2999999999999996 4981.217326886133 31.983042707755722
1.3999999999999995 4978.205162820408 32.453219360071245
1.4999999999999993 4973.354008038668 31.884257114420695
1.5999999999999992 4971.102914860571 32.403917010116984
1.699999999999999 4969.819255435167 31.853830271408345
1.799999999999999 4969.375299792603 32.96835738774124
1.8999999999999988 4965.850635831752 32.811313979162875
1.9999999999999987 4962.314053491854 32.628362998662475
2.0999999999999988 4960.184460747761 32.744442902855816
2.199999999999999 4952.7085687342 33.36031287651916
2.299999999999999 4953.090641608282 34.15309698656562
2.399999999999999 4950.943814418024 32.90207071625576
2.499999999999999 4946.208510916811 32.83679543346772
2.599999999999999 4941.708250836208 32.03507080320425
2.6999999999999993 4938.702473819514 33.367575878294396
2.7999999999999994 4933.459436241825 31.526049256409607
2.8999999999999995 4931.322188796211 33.4901355513607
2.9999999999999996 4927.186990048676 32.007911984428596
3.0999999999999996 4923.497970414207 32.501887892783145
3.1999999999999997 4919.016181211855 32.594368062974986
3.3 4914.863786471105 32.7459539584473
3.4 4910.856586167244 34.584831975532
3.5 4904.550557683303 33.36822880310431
3.6 4903.147974034058 34.46983157737057
3.7 4898.188471419468 33.431698850612165
3.8000000000000003 4893.581296957096 33.18138910801931
3.9000000000000004 4888.324103863729 34.75021744256707
4.0 4882.576506313128 34.6452990874737
