# Rounds: 1000, repetitions: 1000
# Good arm ~ N(5.0,1.0), 4 bad arm(s) ~ N(2.6,1.0)
# Observation noise range from 0.5 to 4.0 with step size 0.1

# Observation noise | mean | standard deviation

0.5 4989.335671183236 31.707342210234863
0.6 4988.746600904172 33.56266255143835
0.7 4987.702127423897 33.55046507071421
0.7999999999999999 4985.8489030456785 32.559240138837815
0.8999999999999999 4984.695788844127 32.688179495978815
0.9999999999999999 4982.639852683491 32.64949490609769
1.0999999999999999 4978.710219921158 31.749668034089947
1.1999999999999997 4976.153228609425 31.6337786374397
1.2999999999999996 4974.382037247499 30.868398464622217
1.3999999999999995 4968.825686263684 31.749332140468617
1.4999999999999993 4968.752860626299 32.5091531837123
1.5999999999999992 4966.068189976399 32.308761658633834
1.699999999999999 4959.537542813444 33.28000383227052
1.799999999999999 4958.145189129703 33.986247241718125
1.8999999999999988 4954.113466203766 33.2000964692022
1.9999999999999987 4951.373014489163 33.288747783213076
2.0999999999999988 4944.668445175177 33.69658177241848
2.199999999999999 4940.9108420455705 32.968132762745256
2.299999999999999 4938.995633195985 33.832170154174534
2.399999999999999 4932.233599346691 34.37017687462007
2.499999999999999 4929.505587338079 34.93901271538808
2.599999999999999 4924.989149194248 33.45450364885654
2.6999999999999993 4920.891923291508 34.97388303885681
2.7999999999999994 4915.7999891456575 35.59509352510635
2.8999999999999995 4910.418093515568 32.31361002714491
2.9999999999999996 4907.401608767508 34.58587122601841
3.0999999999999996 4899.722535718355 35.12356227086112
3.1999999999999997 4895.670276408984 35.15431084582051
3.3 4890.438728153298 35.75113375656685
3.4 4886.376211083743 35.40691090596
3.5 4878.759028550319 35.818113136299694
3.6 4875.204942430448 34.905329049636904
3.7 4868.7528053787955 35.298872705459324
3.8000000000000003 4864.239932818628 36.01731058379191
3.9000000000000004 4858.661536819877 36.99958422965176
4.0 4853.110444894355 36.698570584314375
