# Rounds: 1000, repetitions: 1000
# Good arm ~ N(5.0,5.0), 4 bad arm(s) ~ N(2.8,5.0)
# Observation noise range from 0.5 to 4.0 with step size 0.1

# Observation noise | mean | standard deviation

0.5 4151.887988464817 1041.0602902665757
0.6 4218.978808381601 1010.0642033756022
0.7 4225.735252009518 1014.0998809998719
0.7999999999999999 4331.4673344687635 958.4095917296341
0.8999999999999999 4350.874887454534 959.4194317473176
0.9999999999999999 4373.262783807202 930.7008203029177
1.0999999999999999 4351.496841389482 925.9995548180747
1.1999999999999997 4450.886673283141 878.429533346539
1.2999999999999996 4477.910346974014 842.8749057324505
1.3999999999999995 4470.265176786562 856.8089808766614
1.4999999999999993 4547.884684949667 777.6019778352547
1.5999999999999992 4525.470502667151 791.5953393152408
1.699999999999999 4601.42106281929 734.1237570599313
1.799999999999999 4635.854848483767 683.5902661201482
1.8999999999999988 4647.040656436429 648.2180009068383
1.9999999999999987 4671.363575788507 621.085801574747
2.0999999999999988 4672.791728858839 616.7243392532836
2.199999999999999 4711.196578256088 550.8285061117363
2.299999999999999 4725.399367253525 545.576910954803
2.399999999999999 4708.802117259605 529.7436833859829
2.499999999999999 4733.670972870668 487.7246773753846
2.599999999999999 4779.903022738404 409.9225369089684
2.6999999999999993 4784.514784832583 399.0630963161103
2.7999999999999994 4760.605025811281 425.93136934924445
2.8999999999999995 4770.1203852048175 371.07230900206537
2.9999999999999996 4784.416934256252 349.3384969676518
3.0999999999999996 4772.514530729606 332.57219104113346
3.1999999999999997 4781.819381377422 332.17723699299984
3.3 4761.362897634648 341.28962467936464
3.4 4782.199687337872 294.4186189892801
3.5 4768.439729282254 313.28600068004835
3.6 4772.0566149449205 287.35743892840884
3.7 4784.285781347264 250.25302543123166
3.8000000000000003 4776.615740574911 296.2218092232879
3.9000000000000004 4760.211328695591 274.4634024290127
4.0 4782.894590023683 239.73664246656733
