# Rounds: 1000, repetitions: 1000
# Good arm ~ N(5.0,3.0), 7 bad arm(s) ~ N(4.0,3.0)
# Observation noise range from 0.5 to 8.0 with step size 0.1

# Observation noise | mean | standard deviation

0.5 4550.255347550615 464.1699428088055
0.6 4605.289505947654 449.0018421810373
0.7 4592.812509147724 440.52598775975116
0.7999999999999999 4620.01639880133 432.63766285283464
0.8999999999999999 4647.444036726861 410.652975441788
0.9999999999999999 4653.246974332649 405.84709515609165
1.0999999999999999 4680.287894774362 385.71589448378944
1.1999999999999997 4693.464966435213 368.18642829473794
1.2999999999999996 4701.300521731361 357.59055989511455
1.3999999999999995 4715.17549307703 338.09445081009017
1.4999999999999993 4722.613297404408 317.97693920960074
1.5999999999999992 4728.79015326944 295.09172889238425
1.699999999999999 4739.710125211443 288.24093621487674
1.799999999999999 4739.143219548279 282.39208931972655
1.8999999999999988 4732.6225155549555 283.1387148234375
1.9999999999999987 4736.900178498135 252.62244530769559
2.0999999999999988 4757.652216327921 226.20405385844592
2.199999999999999 4738.1086391527115 232.2682380615091
2.299999999999999 4727.15452978377 229.17668357238904
2.399999999999999 4737.025011199094 212.3574529988409
2.499999999999999 4707.233763568721 216.55521804325514
2.599999999999999 4712.58212570825 209.81183932658493
2.6999999999999993 4707.4624274866 200.78319123108372
2.7999999999999994 4696.030576138914 208.40664192151627
2.8999999999999995 4693.0705567024515 189.21202475250666
2.9999999999999996 4686.126233352888 189.67244375777508
3.0999999999999996 4688.0695357757495 193.12805147871245
3.1999999999999997 4672.404489390595 193.1690336518841
3.3 4668.048024301228 182.8026557188371
3.4 4654.529033298877 183.1587751007222
3.5 4642.196522986847 183.4930157137323
3.6 4631.306660923829 180.51748312527818
3.7 4616.659361370823 175.50986595040627
3.8000000000000003 4622.753511082995 169.31827791712746
3.9000000000000004 4619.115670458372 170.14837153728226
4.0 4602.224715259479 181.43365289366778
4.1 4601.391847821118 168.3637695044795
4.199999999999999 4585.927680447014 177.15634885659722
4.299999999999999 4581.054696932472 164.2695871121864
4.399999999999999 4572.006221647114 167.40986720343065
4.499999999999998 4557.217202557011 169.82862872529958
4.599999999999998 4554.324444587732 168.27094765295925
4.6999999999999975 4548.707885763642 168.11832205737286
4.799999999999997 4543.341762539252 169.0500680986778
4.899999999999997 4538.537323020139 162.30445292852687
4.9999999999999964 4523.866525220402 172.03031818907596
5.099999999999996 4518.052280249675 162.2465970093981
5.199999999999996 4503.025611716364 160.62192955613492
5.299999999999995 4497.860220490164 165.62030281054527
5.399999999999995 4493.789734884441 168.18378475467637
5.499999999999995 4494.015791596592 164.08590858208575
5.599999999999994 4482.10469095831 162.26458693513385
5.699999999999994 4473.739996316965 154.95048576396752
5.799999999999994 4476.767237820247 164.7398291759653
5.899999999999993 4465.699944234448 165.16740606996368
5.999999999999993 4458.935306836598 157.47126849035823
6.0999999999999925 4458.081700803695 164.48726777664476
6.199999999999992 4444.014832723644 151.33978522799885
6.299999999999992 4447.578591219414 151.54557317673368
6.3999999999999915 4445.003080713925 157.43250562191255
6.499999999999991 4428.452650954126 150.79868056393175
6.599999999999991 4432.269905132733 152.98515532231548
6.69999999999999 4426.300948378679 153.04452911165575
6.79999999999999 4413.606025342762 157.70160997453712
6.89999999999999 4407.144664937749 154.22432692142965
6.999999999999989 4404.405404563484 148.9310782503802
7.099999999999989 4389.7723209662745 149.6097949177113
7.199999999999989 4402.426213481212 147.9758326789641
7.299999999999988 4383.698181617663 150.80941311631028
7.399999999999988 4389.983481091161 150.26348001001153
7.499999999999988 4383.047008611651 147.6178930298055
7.599999999999987 4377.514237367339 142.63424725278674
7.699999999999987 4378.037792872247 146.1961690987412
7.7999999999999865 4383.425253931269 142.76897036570696
7.899999999999986 4367.732695245776 142.13423569343587
7.999999999999986 4370.907062347714 139.29939094544028
