# Rounds: 1000, repetitions: 1000
# Good arm ~ N(5.0,5.0), 7 bad arm(s) ~ N(4.9,5.0)
# Observation noise range from 0.5 to 8.0 with step size 0.1

# Observation noise | mean | standard deviation

0.5 4925.100635021862 161.29204965757782
0.6 4922.873436896163 164.49235765762933
0.7 4926.992143912905 157.67773187091836
0.7999999999999999 4918.082458871212 159.9301753808984
0.8999999999999999 4922.6152270835 158.74923354218703
0.9999999999999999 4916.906074972458 161.46577423496558
1.0999999999999999 4921.382160261282 161.43621596328722
1.1999999999999997 4927.531259761986 160.80916567594988
1.2999999999999996 4919.0051565654185 163.20087798885277
1.3999999999999995 4923.540933521637 163.94147894672548
1.4999999999999993 4915.574030120873 161.0767758591929
1.5999999999999992 4916.645247477668 157.76568397155754
1.699999999999999 4918.182466350341 157.76655132435775
1.799999999999999 4919.020212138551 162.4250451803112
1.8999999999999988 4922.32826247551 156.96858310339803
1.9999999999999987 4916.919953448351 157.4756119934176
2.0999999999999988 4919.7774516339805 156.66832014028827
2.199999999999999 4909.522370177869 154.96148200493784
2.299999999999999 4913.282018606747 160.16597604336962
2.399999999999999 4922.801867316933 157.37697685996724
2.499999999999999 4919.622387814377 159.53054292113214
2.599999999999999 4922.634654280785 159.86782951032703
2.6999999999999993 4914.825888914188 154.12801134851156
2.7999999999999994 4919.938662856883 164.52059779501118
2.8999999999999995 4920.6378177640345 155.0255531964328
2.9999999999999996 4918.477885309195 164.38624683166415
3.0999999999999996 4921.687865477338 162.8762190092804
3.1999999999999997 4926.9135982353155 154.18146265292023
3.3 4923.241496524898 159.07240789224178
3.4 4921.753778883116 156.3401257748205
3.5 4918.146335056682 158.55549458051075
3.6 4922.261945047149 162.1119270174991
3.7 4920.637150649721 153.79763131575982
3.8000000000000003 4920.471848761241 162.4338855828598
3.9000000000000004 4917.1559697482835 157.5115910244915
4.0 4919.704584625797 154.92203777543705
4.1 4916.702984021174 158.96326579095586
4.199999999999999 4915.480508325503 157.1677855658477
4.299999999999999 4911.528028892639 158.1140552702058
4.399999999999999 4925.02960518026 159.48896978330595
4.499999999999998 4912.866433978969 159.40636201327638
4.599999999999998 4917.210780399474 160.37538554115216
4.6999999999999975 4913.773465812252 169.34121324335928
4.799999999999997 4909.7239123106465 153.98428671930162
4.899999999999997 4916.1781194143705 156.16198682714102
4.9999999999999964 4924.76280360836 157.28029317280107
5.099999999999996 4929.143169205862 159.44992998095665
5.199999999999996 4916.590942918576 163.72184062481227
5.299999999999995 4914.008857475081 158.3987262008026
5.399999999999995 4919.621386567415 155.2176676867773
5.499999999999995 4915.521403386137 162.03212536364737
5.599999999999994 4910.571665598202 158.40194272027125
5.699999999999994 4914.045029116201 155.8227025227848
5.799999999999994 4922.419092081068 163.8060847057713
5.899999999999993 4915.046338300689 160.36623973719196
5.999999999999993 4909.8761850621795 151.45894603024593
6.0999999999999925 4916.977752761676 157.84300765727897
6.199999999999992 4917.994940468811 159.61593905252468
6.299999999999992 4914.610481662842 160.80835301643728
6.3999999999999915 4913.837772988879 159.8278416575897
6.499999999999991 4917.226329370562 157.93807407888167
6.599999999999991 4917.026645882954 158.43066948601088
6.69999999999999 4926.983465305256 158.13829824641738
6.79999999999999 4912.596356389245 155.60565141861343
6.89999999999999 4920.54380727892 163.46302717869534
6.999999999999989 4911.179056990976 161.610885141251
7.099999999999989 4920.962935889776 164.66384025689914
7.199999999999989 4913.996340836091 163.80334039590514
7.299999999999988 4926.377810891946 159.3052070381781
7.399999999999988 4916.0787980069945 161.11410747801892
7.499999999999988 4914.253696283939 162.8311193813461
7.599999999999987 4917.5121617810255 155.2244751306972
7.699999999999987 4914.957321308905 161.4600041420355
7.7999999999999865 4914.075009995873 160.17563208339098
7.899999999999986 4913.800289667179 158.97324450322532
7.999999999999986 4918.062392221688 157.34981363703133
