# Rounds: 1000, repetitions: 1000
# Good arm ~ N(5.0,5.0), 7 bad arm(s) ~ N(0.5,5.0)
# Observation noise range from 0.5 to 8.0 with step size 0.1

# Observation noise | mean | standard deviation

0.5 4237.235845959115 1554.6188955268724
0.6 4278.579090764333 1532.3847772532797
0.7 4353.168311576575 1426.2301401086984
0.7999999999999999 4418.460478633085 1342.6434222360724
0.8999999999999999 4454.548117394409 1282.0916870212911
0.9999999999999999 4581.032560451574 1113.7641384308183
1.0999999999999999 4617.746152899546 1018.8797234627583
1.1999999999999997 4616.0813750551715 1043.7278394567877
1.2999999999999996 4665.967851888792 914.3770822360003
1.3999999999999995 4718.33338442204 811.5420103306485
1.4999999999999993 4738.425971180695 747.8792997063086
1.5999999999999992 4726.869409921162 724.7523188097448
1.699999999999999 4785.19515844394 609.8970072631704
1.799999999999999 4780.364124176429 620.4757963287933
1.8999999999999988 4783.573532485229 571.3885795749346
1.9999999999999987 4808.38340256525 485.2449228714313
2.0999999999999988 4850.241058066592 318.06730455030356
2.199999999999999 4830.832788842007 328.47517638336654
2.299999999999999 4838.682807448704 285.4935868326552
2.399999999999999 4840.570724101243 283.6920620979997
2.499999999999999 4809.506827566201 364.6722731023414
2.599999999999999 4846.5826346798685 191.19733473527054
2.6999999999999993 4831.68395031713 197.01100663580362
2.7999999999999994 4827.65378710505 253.87761665675666
2.8999999999999995 4826.841902995012 204.93937582906943
2.9999999999999996 4818.048862374613 218.26596393696434
3.0999999999999996 4811.97500602105 192.80513733302502
3.1999999999999997 4816.369924095186 189.73336145765325
3.3 4796.735389890049 190.46569401481568
3.4 4799.115185601399 185.84953089110456
3.5 4784.060446682496 181.7904499373419
3.6 4780.803727224616 175.6361105679716
3.7 4782.62019522155 178.94858366730548
3.8000000000000003 4774.257757289264 189.5135575325779
3.9000000000000004 4762.632056325655 183.52006743044072
4.0 4764.321018051961 183.19374451993153
4.1 4735.035785666273 199.63469426749558
4.199999999999999 4746.758105664389 190.1009928686827
4.299999999999999 4733.0063769003855 186.67386264649923
4.399999999999999 4719.761708960188 184.61877814212912
4.499999999999998 4720.995710885361 184.19281157571635
4.599999999999998 4709.9846999976935 191.41455920689094
4.6999999999999975 4701.791621617559 192.64603536317628
4.799999999999997 4690.516203782152 184.46760087305285
4.899999999999997 4676.084338266978 186.40705381689085
4.9999999999999964 4678.806209817858 193.50312566720245
5.099999999999996 4663.4007519169945 194.04252243581146
5.199999999999996 4651.87143402397 190.10701343421044
5.299999999999995 4642.107523755949 188.31109461939047
5.399999999999995 4632.800641679122 184.88326298761913
5.499999999999995 4637.844137705471 195.4595270955702
5.599999999999994 4627.912727892797 190.29128603396586
5.699999999999994 4600.30904096663 195.41483923885662
5.799999999999994 4596.138027066264 193.2546858781848
5.899999999999993 4596.1975241293885 201.3122541400044
5.999999999999993 4578.615159967054 197.62655821575086
6.0999999999999925 4575.4816431008485 197.3432802112078
6.199999999999992 4563.024479034102 204.64170799731014
6.299999999999992 4560.384772256116 196.73116431454653
6.3999999999999915 4546.662235414702 184.89671566612807
6.499999999999991 4529.8701691628585 200.16856222266492
6.599999999999991 4511.977252822215 198.56592420251957
6.69999999999999 4504.919156486356 208.95786482973904
6.79999999999999 4478.139635695304 200.80231193351997
6.89999999999999 4479.595577781426 203.6758487239976
6.999999999999989 4474.230698084481 201.14611554736854
7.099999999999989 4463.862850904878 199.03035364909664
7.199999999999989 4454.621168013065 211.45300280317238
7.299999999999988 4446.412949212416 204.96750787802787
7.399999999999988 4427.515239357372 205.50334939931952
7.499999999999988 4410.621645481489 210.17102916598333
7.599999999999987 4418.052298360033 215.03424345109852
7.699999999999987 4404.98765524889 212.88887322077954
7.7999999999999865 4383.657150251092 206.04002119748154
7.899999999999986 4368.516264973206 216.56374263734375
7.999999999999986 4368.931988021442 215.93769726159766
