# Rounds: 1000, repetitions: 1000
# Good arm ~ N(5.0,1.0), 7 bad arm(s) ~ N(3.0,1.0)
# Observation noise range from 0.5 to 8.0 with step size 0.1

# Observation noise | mean | standard deviation

0.5 4976.605434209384 72.95335966078746
0.6 4978.846348314235 37.59322701381604
0.7 4974.063499546946 34.397869082184656
0.7999999999999999 4972.888479874062 35.352364742404205
0.8999999999999999 4965.637158943677 33.7981163491181
0.9999999999999999 4962.029077403012 32.82571161079185
1.0999999999999999 4959.78742981743 33.451205750645926
1.1999999999999997 4952.765069215085 34.05464247164017
1.2999999999999996 4946.829428920162 32.4666003306955
1.3999999999999995 4943.130515352057 34.2960653490553
1.4999999999999993 4936.571959349456 33.59913948521689
1.5999999999999992 4929.97995488316 34.07538175624383
1.699999999999999 4924.750056328802 33.904137161049626
1.799999999999999 4915.702333738029 33.91374948194949
1.8999999999999988 4908.732862326652 34.98088728740342
1.9999999999999987 4900.8619956788425 35.93950244225359
2.0999999999999988 4893.069250386537 36.14928249130394
2.199999999999999 4888.513606522284 36.92141134646459
2.299999999999999 4878.125382874194 35.98668926001407
2.399999999999999 4871.311576852677 34.50598232676525
2.499999999999999 4863.947923571045 35.6782455425376
2.599999999999999 4856.590261664343 36.48125820058982
2.6999999999999993 4847.015660859661 37.1586376220481
2.7999999999999994 4836.805132619495 37.44275407648933
2.8999999999999995 4827.615099552979 38.7308936176595
2.9999999999999996 4822.419196090288 37.913337160922985
3.0999999999999996 4811.74400983574 37.358583344949906
3.1999999999999997 4802.214120815131 39.5181718255
3.3 4795.973499744311 38.88422731093709
3.4 4785.256125308294 38.92644513498412
3.5 4776.1126103314145 39.05206799068987
3.6 4765.488468784221 40.68705473872229
3.7 4757.200501425843 40.528861539138774
3.8000000000000003 4745.419611858763 40.37735663279456
3.9000000000000004 4738.731272010098 40.86562238377395
4.0 4731.262163100346 41.18361170273582
4.1 4720.221853339008 41.465456483632444
4.199999999999999 4709.003952401973 41.79298635503381
4.299999999999999 4701.258932642635 42.71413331542261
4.399999999999999 4692.8937548013455 45.10659081824917
4.499999999999998 4682.815317693291 44.16901809474821
4.599999999999998 4672.3733765048155 45.52141947283818
4.6999999999999975 4662.026417639137 42.05737399521069
4.799999999999997 4650.583374886555 43.72734262685488
4.899999999999997 4643.9591575270415 46.11582172267621
4.9999999999999964 4631.461995287843 46.162895194302756
5.099999999999996 4621.597070729488 46.3225366766801
5.199999999999996 4611.655271840519 47.054372433525124
5.299999999999995 4602.949529239301 48.43303544166494
5.399999999999995 4593.366341258398 46.70736160589599
5.499999999999995 4581.6330429519385 47.52529785395274
5.599999999999994 4571.444809500006 48.694378200467845
5.699999999999994 4561.076535530408 50.24261033248853
5.799999999999994 4553.896377874809 49.489281613946645
5.899999999999993 4541.397693309635 49.65359593015476
5.999999999999993 4530.885885928123 49.81567436563111
6.0999999999999925 4520.822941522518 51.334885994332744
6.199999999999992 4511.436536294209 49.44961978461449
6.299999999999992 4500.02295193138 54.36992516899899
6.3999999999999915 4487.440735480057 54.14285186271101
6.499999999999991 4479.844783439427 54.71766550489428
6.599999999999991 4467.667529078376 51.549435417216415
6.69999999999999 4458.635189232127 53.060612928318264
6.79999999999999 4444.748202575384 53.220292610383524
6.89999999999999 4440.033275450525 53.217346246716126
6.999999999999989 4425.796101554876 52.41670694364381
7.099999999999989 4416.4467697913105 54.335369421249155
7.199999999999989 4408.346809946967 55.24332138761394
7.299999999999988 4395.725841745122 56.25279858774606
7.399999999999988 4387.456112576287 57.251806161564815
7.499999999999988 4375.487906586408 58.33568710559371
7.599999999999987 4361.960892757407 60.09985314864045
7.699999999999987 4355.7225135293065 60.43032321610546
7.7999999999999865 4347.0319851301765 56.18682315637089
7.899999999999986 4335.597624972437 60.863139642477364
7.999999999999986 4325.284256753204 60.66929588865605
