# Rounds: 10, repetitions: 1000
# Good arm ~ N(5.0,4.0), 16 bad arm(s) ~ N(2.0,4.0)
# Observation noise range from 0.5 to 8.0 with step size 0.1

# Observation noise | mean | standard deviation

0.5 25.23091360211298 15.0161461128017
0.6 26.275927027826135 15.50736969277299
0.7 25.77564964658219 14.455634292753006
0.7999999999999999 25.89096003074681 14.555981430155967
0.8999999999999999 24.923818286997424 14.320873452009842
0.9999999999999999 24.985321843774415 14.204153453721123
1.0999999999999999 25.34774749788064 14.823059060313424
1.1999999999999997 25.130515816643083 14.454235329646778
1.2999999999999996 26.22277020940232 14.93862637639919
1.3999999999999995 25.07698588878399 14.505806430872559
1.4999999999999993 24.371043524961937 14.318647438922339
1.5999999999999992 24.94082725769705 14.896272031684354
1.699999999999999 24.580121597449935 13.915101954377397
1.799999999999999 25.117299485848953 14.031501032415576
1.8999999999999988 24.623482758641057 14.645238520310237
1.9999999999999987 25.025561265337437 14.32952214428608
2.0999999999999988 25.324001446536492 14.59340969242264
2.199999999999999 24.950029403770255 13.619323782205244
2.299999999999999 24.10786377853378 14.108780877457129
2.399999999999999 25.088585234950948 13.937699509175738
2.499999999999999 25.27030943146504 14.675738167923889
2.599999999999999 24.765015525996642 14.384154688331094
2.6999999999999993 24.787119044058926 14.11038487982713
2.7999999999999994 25.004355910449565 14.006948737368115
2.8999999999999995 24.528080668932898 14.292162672698774
2.9999999999999996 24.019878947756073 13.480981254975351
3.0999999999999996 23.89846806762097 14.162504725273331
3.1999999999999997 24.178340089227348 13.567202485898841
3.3 23.5982436925727 13.62436337136565
3.4 24.228915305516328 13.819526442654473
3.5 24.937351527549055 14.093973473333689
3.6 24.289948221650693 13.576609448170043
3.7 24.18735552632057 13.406133733522719
3.8000000000000003 24.430377153250436 13.969489286235765
3.9000000000000004 25.12294896045137 13.372254660084161
4.0 24.49965596990905 14.065616730286342
4.1 24.549045871315347 13.83628903137347
4.199999999999999 23.77869534591753 13.332014041641358
4.299999999999999 23.98675202171497 13.854885429493605
4.399999999999999 24.449718970794166 13.804691948034877
4.499999999999998 24.0602934060435 13.644198362124419
4.599999999999998 23.589903373645445 12.744603722715336
4.6999999999999975 24.256562012669054 13.366468641680795
4.799999999999997 24.54894004565576 13.470004379990142
4.899999999999997 24.75661389938214 13.227555799936423
4.9999999999999964 24.312469524004975 13.045113774298034
5.099999999999996 23.85363967700675 13.466066045007272
5.199999999999996 23.845267736488314 13.562337338295352
5.299999999999995 23.499731833137535 13.70860141817456
5.399999999999995 24.506756885550303 13.335029020351518
5.499999999999995 23.597352791082805 13.232993310383092
5.599999999999994 23.537329402376255 13.250310428702358
5.699999999999994 23.464647392175788 13.253196644553622
5.799999999999994 23.834486747706915 13.116185453796069
5.899999999999993 23.968128147657705 13.280132134903718
5.999999999999993 24.330246980866164 13.577860907909995
6.0999999999999925 23.302136999415303 13.106036461469076
6.199999999999992 23.442133898224 14.03474905702916
6.299999999999992 23.113824589201695 13.096715860281005
6.3999999999999915 24.296622668663197 13.872318870431034
6.499999999999991 23.720701569595565 13.18190365423426
6.599999999999991 24.19151445348838 13.17098913757454
6.69999999999999 23.463738948059707 13.217392698087753
6.79999999999999 24.392650232766638 14.028236891262726
6.89999999999999 24.913501835023883 13.44537907801497
6.999999999999989 24.24358348002591 12.689022054528673
7.099999999999989 23.426588519426197 13.717269074199924
7.199999999999989 24.777759624285853 14.214006902973095
7.299999999999988 23.63524174169707 12.957374025633978
7.399999999999988 23.518514484684296 13.58871762919761
7.499999999999988 24.078285474842474 13.918413887574907
7.599999999999987 24.20766921430983 13.511526547931217
7.699999999999987 24.876679237031233 13.60589292658705
7.7999999999999865 24.290301671587923 13.266806832497785
7.899999999999986 23.99095557976075 13.59693368643404
7.999999999999986 23.624119118025554 13.569589155197672
