# Rounds: 500, repetitions: 1000
# Good arm ~ N(5.0,0.0), 7 bad arm(s) ~ N(2.0,0.0)
# Observation noise range from 0.5 to 8.0 with step size 0.1

# Observation noise | mean | standard deviation

0.5 2482.211999999998 3.8117693510475674
0.6 2481.653999999998 4.934230500354751
0.7 2481.0569999999984 5.431505523540596
0.7999999999999999 2480.751000000001 5.32553850426046
0.8999999999999999 2478.6780000000026 6.457709967009831
0.9999999999999999 2476.5990000000015 6.286630315257976
1.0999999999999999 2471.976000000001 5.8509535682363465
1.1999999999999997 2467.5870000000054 5.6322422846636595
1.2999999999999996 2463.363000000001 5.703135695102851
1.3999999999999995 2459.8109999999956 5.405228533142273
1.4999999999999993 2455.8210000000004 5.22860376174149
1.5999999999999992 2451.774000000005 6.638297296068469
1.699999999999999 2446.835999999993 5.879768335204691
1.799999999999999 2442.1410000000037 6.290842049653875
1.8999999999999988 2437.4490000000005 6.007286116582651
1.9999999999999987 2432.309999999999 6.689443074625006
2.0999999999999988 2427.347999999997 6.802585623949988
2.199999999999999 2422.064999999998 6.856952150393998
2.299999999999999 2416.5689999999986 7.106316819473989
2.399999999999999 2411.004 7.522803770973771
2.499999999999999 2405.2829999999985 7.527654121741853
2.599999999999999 2400.045000000001 7.804350253729214
2.6999999999999993 2393.7899999999995 8.281695870199934
2.7999999999999994 2388.200999999997 8.180679832539749
2.8999999999999995 2381.8770000000004 8.94090659893122
2.9999999999999996 2375.664000000002 8.888425513447684
3.0999999999999996 2369.433 9.797627493659123
3.1999999999999997 2362.1579999999944 9.743098273340129
3.3 2355.9929999999995 10.491282953863049
3.4 2350.103999999996 10.157576500345005
3.5 2343.06 10.491352080092803
3.6 2336.7300000000005 11.033895361423683
3.7 2330.166 11.00070268025908
3.8000000000000003 2322.9449999999974 11.921581233171215
3.9000000000000004 2315.4690000000055 12.473276298616236
4.0 2308.1789999999946 12.862597148531254
4.1 2300.646000000001 13.49877405177599
4.199999999999999 2293.959000000004 13.771164219628028
4.299999999999999 2286.9120000000016 13.928900540612267
4.399999999999999 2280.6089999999986 14.417766504940703
4.499999999999998 2272.2390000000005 15.11947345238841
4.599999999999998 2264.0100000000016 15.101786780509252
4.6999999999999975 2257.373999999998 15.769806936383576
4.799999999999997 2249.040000000001 16.304976303333028
4.899999999999997 2240.4420000000036 16.06557620313503
4.9999999999999964 2233.587000000001 17.44674238417647
5.099999999999996 2225.4419999999986 16.894320171408335
5.199999999999996 2218.2840000000006 17.433739681413158
5.299999999999995 2211.3479999999995 17.334687403797826
5.399999999999995 2201.4420000000027 18.366980753024805
5.499999999999995 2193.4230000000002 18.681570385598427
5.599999999999994 2185.9889999999987 18.946446813237767
5.699999999999994 2178.497999999994 20.21694142843377
5.799999999999994 2171.3070000000016 20.749826657259256
5.899999999999993 2161.6949999999933 20.41104077663816
5.999999999999993 2152.686000000003 20.963751641413868
6.0999999999999925 2144.217000000002 20.633410979492684
6.199999999999992 2136.882000000001 22.354547676072574
6.299999999999992 2127.384000000003 22.99502805641507
6.3999999999999915 2119.2689999999984 23.56590738738893
6.499999999999991 2110.17 24.046857411132773
6.599999999999991 2103.009000000002 24.76429262444601
6.69999999999999 2093.915999999998 24.35533054848827
6.79999999999999 2085.041999999999 24.30952877349105
6.89999999999999 2078.6220000000003 25.75667918273864
6.999999999999989 2067.767999999997 26.742762597595494
7.099999999999989 2059.748999999998 26.887002620409522
7.199999999999989 2051.511000000004 26.71309544902031
7.299999999999988 2042.5709999999985 27.529599303982547
7.399999999999988 2033.970000000002 28.448768557398626
7.499999999999988 2022.8670000000013 27.961601566472606
7.599999999999987 2015.9729999999997 28.466974543137496
7.699999999999987 2008.3500000000015 29.457176124422112
7.7999999999999865 1998.606 28.698996435352857
7.899999999999986 1989.1890000000008 30.80409341582986
7.999999999999986 1981.1460000000002 30.38048152445341
