# Rounds: 500, repetitions: 1000
# Good arm ~ N(5.0,3.0), 7 bad arm(s) ~ N(1.0,3.0)
# Observation noise range from 0.5 to 8.0 with step size 0.1

# Observation noise | mean | standard deviation

0.5 2365.3394663235963 383.0857820820352
0.6 2386.077105416724 334.02580859251833
0.7 2385.771933146988 327.2301161137513
0.7999999999999999 2406.4098517177044 270.0060154641437
0.8999999999999999 2412.860627088304 245.92004389012004
0.9999999999999999 2402.7974320518615 255.228240168087
1.0999999999999999 2422.1627785441715 193.97587975964368
1.1999999999999997 2415.5834247287644 218.04736039718384
1.2999999999999996 2426.2230677979333 142.16320921200307
1.3999999999999995 2424.431776083785 152.08770974686695
1.4999999999999993 2433.0355996967646 101.69211173170092
1.5999999999999992 2423.7681641460117 84.48499434120491
1.699999999999999 2418.5648216595646 124.11638747364559
1.799999999999999 2420.6132980342127 102.83737571882317
1.8999999999999988 2422.685022872774 80.05081282496195
1.9999999999999987 2416.3958035089827 85.78336719959724
2.0999999999999988 2411.5417104030626 87.06092533466416
2.199999999999999 2405.0926360818894 81.58836033869865
2.299999999999999 2402.8377581482696 84.76125763044043
2.399999999999999 2394.5727598036387 81.17073686476421
2.499999999999999 2394.357934491657 80.83946550915168
2.599999999999999 2388.8344189032036 79.72308251233547
2.6999999999999993 2387.1497562579643 75.34559758961706
2.7999999999999994 2379.8223086326416 78.5187715411628
2.8999999999999995 2374.633881847172 76.44462317262928
2.9999999999999996 2364.8658741313156 76.45382013232961
3.0999999999999996 2363.2677355262076 74.29942281807308
3.1999999999999997 2356.377165005775 84.38220165441595
3.3 2352.212424890874 77.42325965097903
3.4 2342.7278055430065 82.311324856795
3.5 2336.611654644674 83.6290492517596
3.6 2333.4519547985674 79.2660784022384
3.7 2322.6101818496645 81.60809763005024
3.8000000000000003 2317.4930024772984 84.83116665130578
3.9000000000000004 2311.404431430051 82.1671405574701
4.0 2305.3319595177045 79.69308671303786
4.1 2298.480601714487 85.92770473470247
4.199999999999999 2291.059605534469 86.58593256590562
4.299999999999999 2283.1286020405614 89.25386088610443
4.399999999999999 2273.2279787585735 86.20085143023228
4.499999999999998 2270.09974841099 88.29680801847363
4.599999999999998 2256.2671280139816 92.18068161412582
4.6999999999999975 2253.776393018057 89.811568815114
4.799999999999997 2246.059508259867 89.27511552653407
4.899999999999997 2238.6391865763353 88.07041961494095
4.9999999999999964 2229.436535694938 91.48120727180762
5.099999999999996 2218.5000356826545 92.11443981714972
5.199999999999996 2214.4606858485804 87.49697730221801
5.299999999999995 2204.991692108842 92.01386921754916
5.399999999999995 2199.360872255353 91.92136670454718
5.499999999999995 2191.350933728286 96.68854542025531
5.599999999999994 2179.2255163232144 94.66169487608245
5.699999999999994 2173.783723774507 96.36056205042357
5.799999999999994 2165.154821934913 91.89588207901402
5.899999999999993 2157.044118295391 93.70552313613247
5.999999999999993 2149.533004650574 97.66971102444383
6.0999999999999925 2142.8259947110705 99.40307180820753
6.199999999999992 2129.9217079777386 95.40397006085402
6.299999999999992 2118.532842795165 100.77800779316937
6.3999999999999915 2113.3151476033986 100.67370873752051
6.499999999999991 2106.6382726938614 101.18029611725744
6.599999999999991 2097.5995643825077 98.59341342037074
6.69999999999999 2089.2432029160573 104.35160308244485
6.79999999999999 2079.056150244002 104.05150913655636
6.89999999999999 2063.3239157283806 105.76151765567431
6.999999999999989 2055.0773213983384 105.93841248336342
7.099999999999989 2044.7033436300467 103.0348255540846
7.199999999999989 2040.0475188608532 106.10174735048223
7.299999999999988 2033.3213190755775 103.50302495104938
7.399999999999988 2021.4415582562635 106.07705787967868
7.499999999999988 2011.9195404018596 108.07100286081405
7.599999999999987 1999.176216535455 107.18021049826046
7.699999999999987 1992.4065834394028 109.08841945566428
7.7999999999999865 1981.4280656081785 110.76262638766114
7.899999999999986 1969.6311844824356 109.66883837318366
7.999999999999986 1965.9443058298168 110.71619863618147
