# Rounds: 500, repetitions: 1000
# Good arm ~ N(5.0,4.0), 7 bad arm(s) ~ N(4.0,4.0)
# Observation noise range from 0.5 to 8.0 with step size 0.1

# Observation noise | mean | standard deviation

0.5 2199.4446306787063 234.18510878812984
0.6 2197.4238035369444 232.56856726474572
0.7 2219.1284441137987 231.99136175650378
0.7999999999999999 2216.8463904921055 229.71225738981212
0.8999999999999999 2213.4032965030897 232.5331519129304
0.9999999999999999 2241.944739582869 229.12603889326923
1.0999999999999999 2236.2699349426725 223.19487388390928
1.1999999999999997 2230.3380470706006 213.79720851167798
1.2999999999999996 2243.024494166927 210.0788203355337
1.3999999999999995 2249.923409860241 207.24658138893318
1.4999999999999993 2245.226912570956 210.13171059638282
1.5999999999999992 2245.0735426691112 208.37054188215984
1.699999999999999 2241.543912416816 198.99357737209164
1.799999999999999 2254.3415424498257 196.7126598362421
1.8999999999999988 2252.031781871436 190.13056574465597
1.9999999999999987 2242.308138417139 192.36466806648295
2.0999999999999988 2249.5366503215732 186.2731026432426
2.199999999999999 2245.134427862019 184.36468087563995
2.299999999999999 2254.3934919448766 179.68319784820957
2.399999999999999 2239.1294423802283 175.83227130128813
2.499999999999999 2252.828676809929 174.36315948259184
2.599999999999999 2248.305436441661 169.71219225887407
2.6999999999999993 2248.2005469583564 170.14319669225537
2.7999999999999994 2234.1854044370393 165.01966433828807
2.8999999999999995 2235.6045124245124 160.2906110523026
2.9999999999999996 2227.894420831206 164.57787069101434
3.0999999999999996 2229.0987401704224 159.6250821361347
3.1999999999999997 2229.451822913962 158.95790084360897
3.3 2216.634791180369 163.6201189252827
3.4 2227.4581080875864 147.8449907579478
3.5 2218.0038281192296 152.26764275037712
3.6 2218.277212602593 149.36235445283998
3.7 2215.504624601698 147.61931005318897
3.8000000000000003 2215.6275654109218 148.99565125744311
3.9000000000000004 2202.0655317497353 141.53395634203645
4.0 2203.3256653070885 139.3472442315678
4.1 2202.3476745406297 144.85994528462973
4.199999999999999 2205.8794312969767 143.02850263056547
4.299999999999999 2198.0520358494177 139.53289108227673
4.399999999999999 2208.2690415346615 138.47725777457208
4.499999999999998 2195.935086350118 138.10732287041284
4.599999999999998 2183.965914226278 137.99634908127473
4.6999999999999975 2188.6601389264615 133.19019970153948
4.799999999999997 2189.0011453689826 135.39354451183468
4.899999999999997 2182.4288402865936 133.7452685693972
4.9999999999999964 2176.064886209131 127.43182828634596
5.099999999999996 2172.052830475182 127.93421861102986
5.199999999999996 2174.178262729345 132.31612595975645
5.299999999999995 2171.2705676733076 122.91637937526494
5.399999999999995 2164.088512482692 126.84494752133016
5.499999999999995 2167.600768267114 123.13617164807022
5.599999999999994 2162.2392883549223 125.48062252216792
5.699999999999994 2164.5192636003217 123.54627482885391
5.799999999999994 2168.9616043995607 120.77244719109963
5.899999999999993 2163.756218536801 121.46403207936663
5.999999999999993 2161.729755303749 124.16579432825863
6.0999999999999925 2158.1616880450943 118.18158044280915
6.199999999999992 2164.6896858408486 120.61216258557774
6.299999999999992 2150.4974455409 122.08675519028179
6.3999999999999915 2153.4780930648335 121.45131735263261
6.499999999999991 2150.2662880649127 118.74766464192558
6.599999999999991 2152.066789767619 117.08193098581904
6.69999999999999 2141.0391872388022 118.03383050113256
6.79999999999999 2142.3973038921613 113.62269582921883
6.89999999999999 2142.5390352227814 117.36081089174093
6.999999999999989 2144.750553196889 111.68139065416764
7.099999999999989 2137.660880764901 113.0688177761372
7.199999999999989 2140.1399726510735 122.899370751326
7.299999999999988 2144.6503764514355 116.38305768469367
7.399999999999988 2136.444652072884 115.91922919213192
7.499999999999988 2133.2054941142887 110.77597327128812
7.599999999999987 2134.547023809182 109.0729783587444
7.699999999999987 2133.501603847685 108.91832385160905
7.7999999999999865 2133.6683676175107 113.47497341956279
7.899999999999986 2130.520781787563 109.56917322999023
7.999999999999986 2134.6255789749966 106.82405733147364
