# Rounds: 500, repetitions: 1000
# Good arm ~ N(5.0,3.0), 7 bad arm(s) ~ N(4.5,3.0)
# Observation noise range from 0.5 to 8.0 with step size 0.1

# Observation noise | mean | standard deviation

0.5 2337.849557166296 117.83637187632684
0.6 2336.4782001109543 117.40446604539576
0.7 2333.5206018604417 121.81748537893553
0.7999999999999999 2342.888425724701 119.77262854708073
0.8999999999999999 2352.182851126176 115.60169509548525
0.9999999999999999 2342.8339447097424 113.05436270684748
1.0999999999999999 2338.428572816482 109.11494746807915
1.1999999999999997 2342.443902255983 105.40771615409534
1.2999999999999996 2333.6233147955504 109.3836694037899
1.3999999999999995 2338.7404696326616 104.0649987063992
1.4999999999999993 2341.317601442431 102.12457363148884
1.5999999999999992 2344.038158737055 99.9618224160528
1.699999999999999 2338.647720606473 101.35828158538138
1.799999999999999 2343.085336082824 100.6706700974391
1.8999999999999988 2337.776987205101 97.61075392345317
1.9999999999999987 2343.52011556337 96.19595238907321
2.0999999999999988 2334.7091558459924 89.78820966189024
2.199999999999999 2336.2133145861244 93.23493779765847
2.299999999999999 2331.3599430604468 90.06978075139189
2.399999999999999 2331.684984170714 88.04937377637215
2.499999999999999 2332.7661401480536 90.64017406378409
2.599999999999999 2328.250078282335 87.80218547886831
2.6999999999999993 2329.662585597056 86.04261697697757
2.7999999999999994 2334.1438604078708 82.22975318272879
2.8999999999999995 2323.8567379631604 83.22367251006673
2.9999999999999996 2320.7182494194335 82.18139924024214
3.0999999999999996 2322.4367595084186 85.08738170103155
3.1999999999999997 2321.4554007510314 79.85081239743604
3.3 2319.424006139063 84.2925222185348
3.4 2317.94554382072 78.2216370771113
3.5 2320.3931618230067 78.91846641467671
3.6 2317.583347118144 78.96429590986041
3.7 2315.191906649669 76.42615491335744
3.8000000000000003 2319.170426189338 80.26334055385573
3.9000000000000004 2312.046850112704 79.71580157347103
4.0 2312.4311976290496 78.16930407997124
4.1 2313.891862579188 76.50897946388065
4.199999999999999 2315.8253680559587 75.74455902203349
4.299999999999999 2309.7306773584733 75.11601186157588
4.399999999999999 2310.8811714731137 75.23339330846038
4.499999999999998 2311.8069736079233 73.82394030509106
4.599999999999998 2311.242998974424 78.53713333042289
4.6999999999999975 2305.4787227453166 74.15954945023758
4.799999999999997 2309.2869780001733 76.38700553801822
4.899999999999997 2310.502970346694 76.78596204136369
4.9999999999999964 2306.4845994514044 77.46665600635855
5.099999999999996 2307.0197734153426 74.91409623657825
5.199999999999996 2303.0441689321415 76.70724117198415
5.299999999999995 2309.6546447022606 76.31114131483842
5.399999999999995 2303.420943331335 76.9454895702792
5.499999999999995 2308.0702955540264 74.43856363796536
5.599999999999994 2307.518204040116 73.64932304336982
5.699999999999994 2304.397660683576 72.31619423371784
5.799999999999994 2303.5886788703356 74.5631914401697
5.899999999999993 2299.075800250181 72.33825358920252
5.999999999999993 2302.665253916795 71.96266631122239
6.0999999999999925 2302.1626747125456 72.03052097323261
6.199999999999992 2299.6200868599226 71.265754244352
6.299999999999992 2303.3161344115592 73.52734087256125
6.3999999999999915 2303.031518501101 71.987689923502
6.499999999999991 2297.6880231996174 71.50969201596938
6.599999999999991 2300.566451207267 72.87448367205562
6.69999999999999 2303.575294812189 68.37355808959715
6.79999999999999 2299.5407827421336 70.8094207591898
6.89999999999999 2302.033323926545 72.14474600572782
6.999999999999989 2296.1900970502384 74.05211468532792
7.099999999999989 2294.0282487981935 70.04090142824248
7.199999999999989 2299.0799141832654 70.88507459519134
7.299999999999988 2298.9240913212307 71.45893780234596
7.399999999999988 2299.3979859198957 71.95245699073342
7.499999999999988 2298.5699572211797 69.14159055169658
7.599999999999987 2296.2474709563576 68.39435533168853
7.699999999999987 2295.3460715337374 70.02836668106139
7.7999999999999865 2296.5789662826924 69.90126256423748
7.899999999999986 2300.640687440388 67.83332733968896
7.999999999999986 2298.4959727057762 71.05711696946726
