# Rounds: 50, repetitions: 1000
# Good arm ~ N(5.0,0.0), 10 bad arm(s) ~ N(0.0,0.0)
# Observation noise range from 0.5 to 8.0 with step size 0.1

# Observation noise | mean | standard deviation

0.5 205.64000000000001 2.8103911290598487
0.6 205.71500000000015 2.9192973978848547
0.7 205.50500000000005 3.0707335287198942
0.7999999999999999 205.24000000000024 3.5714360074282734
0.8999999999999999 205.10000000000028 3.735499157268544
0.9999999999999999 204.7 3.7715015874614624
1.0999999999999999 204.51500000000016 4.068947201836309
1.1999999999999997 203.93999999999988 5.020119680007784
1.2999999999999996 203.61499999999995 5.544142180041274
1.3999999999999995 202.675 6.269663761613001
1.4999999999999993 201.59000000000017 6.683305063108146
1.5999999999999992 199.72499999999997 7.704461936678823
1.699999999999999 197.5199999999999 8.81063148856126
1.799999999999999 195.31000000000003 9.853984016680814
1.8999999999999988 192.2650000000001 10.138913776759964
1.9999999999999987 188.75500000000017 11.587028706024496
2.0999999999999988 185.3150000000002 11.771335495148366
2.199999999999999 182.2550000000001 12.228635022540955
2.299999999999999 177.6699999999997 12.75279317380053
2.399999999999999 174.04500000000004 14.536997602644728
2.499999999999999 170.13000000000005 13.970621971776293
2.599999999999999 165.31499999999988 14.511594032405984
2.6999999999999993 160.89000000000001 15.373491608747948
2.7999999999999994 156.91000000000008 15.99086012719788
2.8999999999999995 152.14499999999978 16.02438004278968
2.9999999999999996 147.4700000000001 16.35746516629843
3.0999999999999996 143.5049999999999 17.307209899764747
3.1999999999999997 139.01499999999996 17.561696620434713
3.3 133.98000000000013 18.85112635799157
3.4 130.23000000000005 18.909115649724452
3.5 126.09500000000006 19.54886526459102
3.6 122.6799999999999 19.997937831624476
3.7 118.34500000000008 19.911867251904283
3.8000000000000003 114.26 19.79505605559745
3.9000000000000004 110.53499999999994 19.719981051021627
4.0 106.37000000000006 20.066782895516056
4.1 101.26500000000006 21.263275897704524
4.199999999999999 98.55499999999991 20.918282662531098
4.299999999999999 94.63999999999987 21.696569801264477
4.399999999999999 89.34999999999998 22.813328296150477
4.499999999999998 87.45999999999994 21.93808742073198
4.599999999999998 83.87500000000009 21.436391811447514
4.6999999999999975 81.47999999999996 22.056656503107973
4.799999999999997 78.51 20.843808777772974
4.899999999999997 75.46000000000008 21.2341538397293
4.9999999999999964 73.37499999999991 21.842881826500975
5.099999999999996 71.55500000000004 21.3837377284524
5.199999999999996 69.71000000000002 20.5057647110852
5.299999999999995 64.64499999999998 20.14956525535926
5.399999999999995 65.03500000000004 20.48886450168897
5.499999999999995 63.58999999999995 20.179670936839372
5.599999999999994 60.020000000000074 20.46138480817627
5.699999999999994 59.17499999999999 20.026118456166586
5.799999999999994 56.75500000000001 19.170615208894223
5.899999999999993 55.365000000000016 19.057937453459612
5.999999999999993 54.905 19.240222482111847
6.0999999999999925 52.885 18.271168835370407
6.199999999999992 50.28 17.99431564120721
6.299999999999992 50.399999999999984 18.21872448669003
6.3999999999999915 48.344999999999985 17.583946376458567
6.499999999999991 47.98000000000001 17.785835261126643
6.599999999999991 45.39 17.686455572293458
6.69999999999999 45.43000000000002 17.069166835450872
6.79999999999999 44.849999999999945 17.374676382004324
6.89999999999999 44.1149999999999 16.71290208479951
6.999999999999989 44.1 16.18183709755632
7.099999999999989 42.89 16.7892757372014
7.199999999999989 40.26000000000001 15.731493250161568
7.299999999999988 41.33999999999998 16.820741283823917
7.399999999999988 40.039999999999985 15.478630042351554
7.499999999999988 39.31 15.816892048505418
7.599999999999987 39.11 15.662158318801469
7.699999999999987 38.75999999999995 16.38691340463271
7.7999999999999865 38.65500000000001 15.10112641556978
7.899999999999986 37.61000000000001 15.361441139224965
7.999999999999986 37.015000000000015 15.406236630894865
