# Rounds: 1000, repetitions: 1000
# Good arm ~ N(5.0,5.0), 10 bad arm(s) ~ N(4.0,5.0)
# Observation noise range from 0.5 to 8.0 with step size 0.1

# Observation noise | mean | standard deviation

0.5 4356.745115798938 456.2433949545354
0.6 4364.325830209716 454.6952637113423
0.7 4345.910709114248 458.60772198258445
0.7999999999999999 4371.5295031107635 454.5531806195668
0.8999999999999999 4411.247852388625 447.33223192303836
0.9999999999999999 4392.866199179967 448.3127345251176
1.0999999999999999 4405.737930625903 451.22372973678785
1.1999999999999997 4422.241432822211 433.67202124685207
1.2999999999999996 4424.112671021353 439.08443584055607
1.3999999999999995 4433.916587839799 430.83759920905385
1.4999999999999993 4410.474938465883 433.74739854798963
1.5999999999999992 4438.539849184317 419.0330172385588
1.699999999999999 4452.404851593095 417.17714661408337
1.799999999999999 4448.726757148671 405.3085628214197
1.8999999999999988 4428.121522882638 408.062728107781
1.9999999999999987 4460.266833832877 386.0892579614082
2.0999999999999988 4452.864524458454 388.56042059426954
2.199999999999999 4455.257916214963 390.32540346961713
2.299999999999999 4463.216196043298 368.38454706015693
2.399999999999999 4465.203989471432 369.91924856008876
2.499999999999999 4451.739863218001 360.1753731952241
2.599999999999999 4472.0488714783405 349.6072834235387
2.6999999999999993 4450.750530745713 341.2659150452564
2.7999999999999994 4447.0098525547255 344.6519359450104
2.8999999999999995 4436.530511162213 330.384772350367
2.9999999999999996 4446.383577130327 336.68149207932214
3.0999999999999996 4451.668935857366 327.61427027681935
3.1999999999999997 4441.064214734035 324.60614466598844
3.3 4424.498669642136 308.06402676284137
3.4 4431.595038714258 307.7686976318102
3.5 4415.712639226672 307.0834632285294
3.6 4435.05890726449 308.4682079725685
3.7 4414.205837055736 288.10179210533187
3.8000000000000003 4390.480096506562 280.82035103703083
3.9000000000000004 4397.033599146408 296.9209679273591
4.0 4407.100073209998 277.4612875547435
4.1 4402.781863957081 278.1080483278067
4.199999999999999 4385.129057998324 287.1570482480338
4.299999999999999 4391.565458746972 277.6771919493659
4.399999999999999 4383.270944347985 275.32577602871925
4.499999999999998 4361.318493206161 275.1919101286671
4.599999999999998 4372.895395730679 273.0396208730803
4.6999999999999975 4363.175827496932 268.18882018449585
4.799999999999997 4351.706899708184 265.0014130154453
4.899999999999997 4355.609402077357 266.6861437461515
4.9999999999999964 4352.263643874679 257.6448051866752
5.099999999999996 4334.615503828249 249.99952038725164
5.199999999999996 4346.118446407014 255.65578275700264
5.299999999999995 4337.309585448448 254.72227953586716
5.399999999999995 4337.263835641558 257.6624756981447
5.499999999999995 4324.037941173228 247.56580373812275
5.599999999999994 4333.683646333204 250.87503491915245
5.699999999999994 4325.225936514437 238.93969737459113
5.799999999999994 4323.634761526229 241.7185254827881
5.899999999999993 4311.163521534849 245.5642176393345
5.999999999999993 4310.364614302369 240.34961025056649
6.0999999999999925 4310.261966790561 226.0810943338858
6.199999999999992 4312.154352956522 239.49818583821488
6.299999999999992 4295.388534074534 230.66108786297187
6.3999999999999915 4281.708569995013 233.76210398083165
6.499999999999991 4296.073471993979 234.29580801586133
6.599999999999991 4287.69757040503 227.23384073094238
6.69999999999999 4265.287777044259 224.60912146219917
6.79999999999999 4287.067985876687 228.57517397832456
6.89999999999999 4263.300159120086 222.9513488783236
6.999999999999989 4283.013362893771 220.42660068261534
7.099999999999989 4268.168798519426 219.79218674607603
7.199999999999989 4262.821645312232 216.70097516144955
7.299999999999988 4263.369834268714 219.08015246387396
7.399999999999988 4262.335420404273 219.09901376124753
7.499999999999988 4261.900344407368 214.05751677525802
7.599999999999987 4270.359966719284 221.1646387100333
7.699999999999987 4250.915986230019 214.30185974805843
7.7999999999999865 4251.834658381006 219.66311517356854
7.899999999999986 4238.837168435593 208.08318831082718
7.999999999999986 4236.439710961256 204.34611441245968
