# Rounds: 5000, repetitions: 1000
# Good arm ~ N(5.0,3.0), 19 bad arm(s) ~ N(0.5,3.0)
# Observation noise range from 0.5 to 8.0 with step size 0.1

# Observation noise | mean | standard deviation

0.5 24419.559656242483 2967.7552276417337
0.6 24516.8546847349 2510.8838259729587
0.7 24532.87660263234 2493.2845600600494
0.7999999999999999 24738.11473034419 1391.5233176035633
0.8999999999999999 24702.90972884127 1555.95981706339
0.9999999999999999 24786.95604481554 1033.6911618478932
1.0999999999999999 24783.349414793713 510.6245194471325
1.1999999999999997 24780.136668893294 771.9174758154373
1.2999999999999996 24818.684470142613 266.8724204471471
1.3999999999999995 24809.898794659297 263.81702149973626
1.4999999999999993 24794.398626835384 238.03081826178877
1.5999999999999992 24778.21562365046 237.59555137276485
1.699999999999999 24784.690072679758 213.4398402082227
1.799999999999999 24755.959757467877 226.50606225599608
1.8999999999999988 24744.97323649775 235.07998777888653
1.9999999999999987 24731.916183212626 236.2589757834798
2.0999999999999988 24713.31017338058 251.51580900994742
2.199999999999999 24696.450226627712 212.53746006832628
2.299999999999999 24671.02046948462 220.70045533697748
2.399999999999999 24659.298658894422 224.1102808764506
2.499999999999999 24633.36891074496 220.75344209152397
2.599999999999999 24617.699719022392 211.0054548131729
2.6999999999999993 24601.5849698436 221.16364135577658
2.7999999999999994 24588.621696065806 218.3733984725079
2.8999999999999995 24557.029455266475 227.23611591923768
2.9999999999999996 24541.26014698564 219.6387295173595
3.0999999999999996 24514.847059814427 224.5332590481969
3.1999999999999997 24491.994333804974 218.3721509923085
3.3 24458.316056556716 228.16402317030673
3.4 24427.949238538193 220.26247912166485
3.5 24416.49917514756 224.18305472110714
3.6 24385.809850570324 231.19227513878783
3.7 24359.27100294056 228.49273646983437
3.8000000000000003 24330.04707491936 224.06607789393067
3.9000000000000004 24307.619474793388 228.12478646950464
4.0 24270.478311417053 231.1576855010991
4.1 24245.253034379555 229.7729451861627
4.199999999999999 24209.123339553003 229.35894304516677
4.299999999999999 24193.89814652263 231.71879125502238
4.399999999999999 24145.12064175466 223.6031328039633
4.499999999999998 24122.856613784694 226.12725676741186
4.599999999999998 24096.817775006682 236.40226187773706
4.6999999999999975 24071.30162212537 222.88912885564318
4.799999999999997 24038.65534706172 237.23188952579426
4.899999999999997 23992.81587283294 228.2877373558343
4.9999999999999964 23971.072697200012 235.99678893056904
5.099999999999996 23924.672100889013 233.49167101055508
5.199999999999996 23925.660304888188 238.2536110914138
5.299999999999995 23865.125011405707 239.88461214996133
5.399999999999995 23826.9371637086 229.12080357187355
5.499999999999995 23806.797685454385 229.48335238969287
5.599999999999994 23764.198434404152 250.5323519094444
5.699999999999994 23732.148020150562 237.33740506169715
5.799999999999994 23709.33228958467 247.15984054865265
5.899999999999993 23665.875502729206 231.53389530932472
5.999999999999993 23630.801471124723 230.281405021984
6.0999999999999925 23601.414836605596 243.7795659739816
6.199999999999992 23547.509934974318 240.68554177554842
6.299999999999992 23506.965121025383 248.13845087717908
6.3999999999999915 23476.64834340061 245.24483029978697
6.499999999999991 23441.02857723201 254.17055723938694
6.599999999999991 23400.981544832546 243.88295864548235
6.69999999999999 23382.18980781239 250.67972618591727
6.79999999999999 23319.88047868444 256.85524393460787
6.89999999999999 23288.31410097565 244.62353027568966
6.999999999999989 23247.60929138829 253.74558164690018
7.099999999999989 23205.716383721367 249.04896690872147
7.199999999999989 23178.668863128805 251.92798474950573
7.299999999999988 23139.03507770822 256.5850999179834
7.399999999999988 23095.16303580573 257.9979531944235
7.499999999999988 23059.209642113474 252.80184940628536
7.599999999999987 23005.76769731642 268.4865880411426
7.699999999999987 22969.791812705596 264.52982240137607
7.7999999999999865 22917.021512910058 264.8357573144262
7.899999999999986 22876.16396619812 255.85158322507942
7.999999999999986 22841.21064156765 264.91598679196795
