# Rounds: 500, repetitions: 1000
# Good arm ~ N(5.0,3.0), 19 bad arm(s) ~ N(5.0,3.0)
# Observation noise range from 0.5 to 8.0 with step size 0.1

# Observation noise | mean | standard deviation

0.5 2505.6348122650943 67.04416946799611
0.6 2505.0597373681226 64.80782028309645
0.7 2504.0709816887825 66.90341745082274
0.7999999999999999 2505.697874189261 68.3035713145367
0.8999999999999999 2507.1245998989007 66.21040982023509
0.9999999999999999 2502.052481632052 67.56564218518264
1.0999999999999999 2508.0893160905175 65.91076882296234
1.1999999999999997 2507.730580900645 66.11354235725562
1.2999999999999996 2505.1646634158647 69.32653875074422
1.3999999999999995 2507.084695542165 65.65374303852221
1.4999999999999993 2503.7973875448006 66.09303676300293
1.5999999999999992 2503.747150380739 68.54050598625909
1.699999999999999 2505.5578472096295 68.85172935154128
1.799999999999999 2505.0802389913965 64.38231084413385
1.8999999999999988 2504.136579411536 66.88448921297186
1.9999999999999987 2503.783659416053 68.38174588057585
2.0999999999999988 2503.5641451301894 68.7039680002155
2.199999999999999 2508.1638732626175 68.31703599406792
2.299999999999999 2505.633243572495 67.74412756687187
2.399999999999999 2505.9336724616214 66.39601505899068
2.499999999999999 2504.106036870436 65.40036107225494
2.599999999999999 2502.4776375009646 69.67211909957986
2.6999999999999993 2503.479934980528 66.75716993218327
2.7999999999999994 2505.872732444104 67.24305846031628
2.8999999999999995 2505.3982744552836 65.2969899512981
2.9999999999999996 2507.3428387459194 68.88906939802143
3.0999999999999996 2505.0880127231735 64.14297576879595
3.1999999999999997 2508.256572012068 70.86318784838565
3.3 2504.232350968692 67.62659495769118
3.4 2505.6053353499206 65.82842970987572
3.5 2508.8760336708087 67.70651863201543
3.6 2507.965887777988 67.08808326441826
3.7 2503.5824476114735 68.1142262757683
3.8000000000000003 2505.123813587881 66.34915606344184
3.9000000000000004 2504.0963156494795 66.51746585290626
4.0 2506.8259713669872 66.6238176110705
4.1 2505.832452959992 70.7716310045216
4.199999999999999 2501.358424156216 68.84156714427748
4.299999999999999 2509.3940091109425 67.1061676442891
4.399999999999999 2505.383775247385 69.00554896980621
4.499999999999998 2503.176796296746 67.83074254357122
4.599999999999998 2506.803101029714 66.51339896058907
4.6999999999999975 2505.5384375606163 68.61388403405762
4.799999999999997 2505.175266068489 68.63638233641912
4.899999999999997 2504.978074126054 65.9397228522804
4.9999999999999964 2501.878490578856 67.3397345027377
5.099999999999996 2505.302595205558 69.01066839534566
5.199999999999996 2505.8109032392294 67.56250350339607
5.299999999999995 2501.651559185841 68.47701210518589
5.399999999999995 2500.177440167742 68.6966742688242
5.499999999999995 2504.5358214615944 70.585592219283
5.599999999999994 2507.234610328575 67.65931555497737
5.699999999999994 2506.041626408125 66.01893081334677
5.799999999999994 2503.657920974416 64.25459262916061
5.899999999999993 2500.612902382096 67.34282161689931
5.999999999999993 2504.157842390154 66.6997764610747
6.0999999999999925 2504.9085968568934 66.70142691087106
6.199999999999992 2503.9223801483854 70.38689626708597
6.299999999999992 2504.1831536584295 66.27786131322604
6.3999999999999915 2502.9190850274626 67.63995806838203
6.499999999999991 2506.872683570663 66.28169153997578
6.599999999999991 2504.982956463374 67.57243397782617
6.69999999999999 2505.3659519859143 65.7464859513454
6.79999999999999 2505.5247083022055 69.50890952854807
6.89999999999999 2506.379526043166 67.49127343071144
6.999999999999989 2505.043441803804 67.04821921702033
7.099999999999989 2513.554086296358 67.6782233981766
7.199999999999989 2502.9912104576383 65.22124941414279
7.299999999999988 2505.449686052402 69.28521973747914
7.399999999999988 2505.0271476872526 67.01120327186776
7.499999999999988 2506.522559566774 67.57964256797125
7.599999999999987 2503.4264585945552 67.71658077054968
7.699999999999987 2505.8071615497192 67.24397962615909
7.7999999999999865 2506.030047645159 67.39827245133165
7.899999999999986 2503.234267589211 67.28813134482597
7.999999999999986 2502.223798276148 69.60118336253097
