# Rounds: 500, repetitions: 1000
# Good arm ~ N(5.0,2.0), 19 bad arm(s) ~ N(4.9,2.0)
# Observation noise range from 0.5 to 8.0 with step size 0.1

# Observation noise | mean | standard deviation

0.5 2458.5366257784312 45.57735498556022
0.6 2460.005088845139 46.06739881798875
0.7 2459.4044598227433 42.30098215804928
0.7999999999999999 2457.211601663787 44.8250165048192
0.8999999999999999 2456.4775256515027 45.77963219340801
0.9999999999999999 2458.6271924789244 43.82765178957545
1.0999999999999999 2456.145614169418 44.43932224393793
1.1999999999999997 2457.7252843967926 44.8005772068805
1.2999999999999996 2459.764737518803 46.39780973097219
1.3999999999999995 2460.97149148385 45.128622951946596
1.4999999999999993 2458.2810880034303 44.47027365412396
1.5999999999999992 2454.6212018806164 44.73996480982302
1.699999999999999 2459.757377304053 45.87742068507882
1.799999999999999 2457.386996430779 43.21595887299272
1.8999999999999988 2457.3644775777675 44.84033989149899
1.9999999999999987 2458.4152664831 44.75821896397555
2.0999999999999988 2459.7521239196535 44.0602122787189
2.199999999999999 2457.229250388877 45.22233924891464
2.299999999999999 2455.3992898614533 44.14316771239215
2.399999999999999 2458.3867802144755 45.15558703294109
2.499999999999999 2458.425924161588 45.82707108829221
2.599999999999999 2460.7650740246368 43.70831672227799
2.6999999999999993 2455.28153352576 45.90712811652363
2.7999999999999994 2459.4396087734776 45.60671454038001
2.8999999999999995 2456.652836239491 45.15732479517763
2.9999999999999996 2458.642509651407 44.28050250376847
3.0999999999999996 2457.3675006072895 44.78372200896724
3.1999999999999997 2456.8309153603604 45.016238907605796
3.3 2458.0342720259646 45.12621203439567
3.4 2455.3795475521474 45.941711695945365
3.5 2457.6945322125334 44.22596063361479
3.6 2456.4999412014827 42.971364515042325
3.7 2459.823513142736 44.49873641276508
3.8000000000000003 2459.841230645675 43.14066925477284
3.9000000000000004 2459.866688301715 44.219635432885376
4.0 2456.173124218293 44.81360768892771
4.1 2456.763134424005 44.793802997652044
4.199999999999999 2460.2838668020795 45.43915052649348
4.299999999999999 2458.852001215206 47.25137710059091
4.399999999999999 2456.04665233628 45.74579858342288
4.499999999999998 2457.9437945257737 44.68716258931888
4.599999999999998 2459.0588075342357 45.50284541060095
4.6999999999999975 2459.271470291719 46.00905995553986
4.799999999999997 2456.2308370309406 45.291118214757404
4.899999999999997 2454.7017784920276 46.1282221017755
4.9999999999999964 2457.754588625111 43.35421034756912
5.099999999999996 2457.0015667994585 44.744136090260845
5.199999999999996 2455.4121599864475 44.15322576957411
5.299999999999995 2456.5762173556836 43.018558425535076
5.399999999999995 2458.420977181132 43.63057954924302
5.499999999999995 2457.688303865742 44.579350966673246
5.599999999999994 2457.3102006986005 44.10123251542201
5.699999999999994 2460.584681129005 45.08650662265486
5.799999999999994 2458.0640543214417 46.14242501223502
5.899999999999993 2458.5238670181852 45.46465984106492
5.999999999999993 2458.6033949927496 45.05567910887324
6.0999999999999925 2459.5788186566156 42.37183540982649
6.199999999999992 2457.67732861266 45.16652715872842
6.299999999999992 2455.8165611790387 43.75973533416564
6.3999999999999915 2454.234104573016 44.92679425470039
6.499999999999991 2456.543706372545 45.082226387308175
6.599999999999991 2459.8403588245064 46.01498246850932
6.69999999999999 2455.855945770937 46.02260461658857
6.79999999999999 2458.7868889438 45.25415080601516
6.89999999999999 2456.0865821230136 43.39758427006032
6.999999999999989 2460.140369121375 44.12693608459382
7.099999999999989 2457.042773427475 45.4779479597057
7.199999999999989 2458.894651848665 44.60538871268137
7.299999999999988 2456.397456734988 43.99028987297336
7.399999999999988 2458.4048607150553 44.810590244867555
7.499999999999988 2456.0419835011558 43.82296672099586
7.599999999999987 2458.6748715177755 45.52874198635461
7.699999999999987 2454.9691578898487 44.858759600391224
7.7999999999999865 2458.532968362602 47.10932236312364
7.899999999999986 2458.2131971350645 44.176134268880276
7.999999999999986 2458.783223035123 44.10336316508427
