# Rounds: 1000, repetitions: 1000
# Good arm ~ N(5.0,5.0), 16 bad arm(s) ~ N(0.0,5.0)
# Observation noise range from 0.5 to 8.0 with step size 0.1

# Observation noise | mean | standard deviation

0.5 4132.209977414336 1622.0018198673954
0.6 4252.8052753438205 1506.3030965177368
0.7 4202.388329127242 1550.1351059144538
0.7999999999999999 4304.330693684744 1426.2216285145973
0.8999999999999999 4361.014420290531 1327.088388329528
0.9999999999999999 4420.674954318215 1228.3341175304622
1.0999999999999999 4538.16735875723 1009.9999453850178
1.1999999999999997 4485.8237934360795 1074.4409703089332
1.2999999999999996 4546.789840160884 981.1501415097302
1.3999999999999995 4549.417859241565 943.4467728714363
1.4999999999999993 4652.844043679612 714.2014069297387
1.5999999999999992 4588.483268220581 815.433705604983
1.699999999999999 4641.507173310556 643.3164471502911
1.799999999999999 4665.373215593155 563.0642361471367
1.8999999999999988 4670.652309621308 532.623259162319
1.9999999999999987 4690.663148800001 418.68661209876933
2.0999999999999988 4660.164505052478 523.3099026151729
2.199999999999999 4686.116880955544 376.4516357091199
2.299999999999999 4646.603816398954 429.54875483274685
2.399999999999999 4656.101814634523 389.8222309530531
2.499999999999999 4662.297914323382 343.46947590310157
2.599999999999999 4662.232700441928 286.03789861355716
2.6999999999999993 4639.940212412491 306.49921380786816
2.7999999999999994 4658.646698918619 213.6850876209297
2.8999999999999995 4625.688050020341 274.49698740906774
2.9999999999999996 4620.648430848783 236.60169476937824
3.0999999999999996 4621.6644339885825 216.03639996436775
3.1999999999999997 4600.237541577802 239.48810448211015
3.3 4580.9263917140715 234.78962313990718
3.4 4569.170979913319 219.1830113908581
3.5 4538.972667107664 233.03618070197695
3.6 4548.130616637025 214.50609161792394
3.7 4522.359143770071 261.5405401919499
3.8000000000000003 4519.379110912232 218.71933039795488
3.9000000000000004 4504.620421450542 214.08425725323028
4.0 4479.920330382451 259.1198477654035
4.1 4462.2558223257365 221.64189410569892
4.199999999999999 4455.982866189783 225.84161169900833
4.299999999999999 4431.511317266047 215.07348850012926
4.399999999999999 4418.839753612244 214.86214174142407
4.499999999999998 4389.322861479147 229.92907768606796
4.599999999999998 4384.389256772502 218.0727359518279
4.6999999999999975 4353.6141356696535 244.88470773883512
4.799999999999997 4343.926316997789 229.70789882999873
4.899999999999997 4330.006490762317 228.54667921151707
4.9999999999999964 4309.802906887494 231.23521938469364
5.099999999999996 4294.654187087809 224.4544195200038
5.199999999999996 4256.088697800891 239.70393558750945
5.299999999999995 4244.90381131914 244.24035397397918
5.399999999999995 4226.896469751569 239.28764967189701
5.499999999999995 4211.401012706073 238.20932043951902
5.599999999999994 4197.593395040245 239.23815673897647
5.699999999999994 4167.014532453867 243.0736464076102
5.799999999999994 4147.329394031594 241.68236608020996
5.899999999999993 4128.065839407293 245.34371261088592
5.999999999999993 4106.888006293138 246.60605661926587
6.0999999999999925 4081.8475576511278 244.28972514290467
6.199999999999992 4068.7587225371803 249.68106793975673
6.299999999999992 4040.539571127608 249.96852179571997
6.3999999999999915 4030.3748000503874 243.0629722204346
6.499999999999991 3990.1559048358185 258.11819442822286
6.599999999999991 3976.6842989346387 250.47554205712265
6.69999999999999 3953.3293199042473 260.6796150278808
6.79999999999999 3929.171537871322 265.1475803583278
6.89999999999999 3915.715087370328 266.2528038371132
6.999999999999989 3880.1203004249337 275.1995946096972
7.099999999999989 3866.0786980864996 275.1202571180973
7.199999999999989 3852.4124809204445 269.9650032347113
7.299999999999988 3813.885847178479 283.50124523807756
7.399999999999988 3783.1338382196495 293.0163633772027
7.499999999999988 3757.942204879623 277.8306108092038
7.599999999999987 3750.480972302927 277.06278343407604
7.699999999999987 3732.373129065922 290.6861704295045
7.7999999999999865 3706.485489809343 286.3516198749516
7.899999999999986 3665.8515867218584 279.38281900247955
7.999999999999986 3641.6345809950694 290.27607935906525
