# Rounds: 1000, repetitions: 1000
# Good arm ~ N(5.0,2.0), 16 bad arm(s) ~ N(4.9,2.0)
# Observation noise range from 0.5 to 8.0 with step size 0.1

# Observation noise | mean | standard deviation

0.5 4914.581059480963 67.38584932966388
0.6 4915.952102802779 65.0587808131766
0.7 4916.5612158075 66.21243710198102
0.7999999999999999 4913.225196019232 65.7636425317121
0.8999999999999999 4915.489255758388 64.68123508602706
0.9999999999999999 4914.090896975422 64.0894779266931
1.0999999999999999 4912.434564933256 67.55652641076757
1.1999999999999997 4917.732887455539 63.29299714046267
1.2999999999999996 4913.869472775748 65.87154075243184
1.3999999999999995 4913.510343100258 64.62926890574943
1.4999999999999993 4916.833645552093 63.773378481717735
1.5999999999999992 4913.179010294144 64.97515794712855
1.699999999999999 4911.074939265239 62.76179167407756
1.799999999999999 4911.6578438219785 62.54287341546043
1.8999999999999988 4909.9076142212825 64.50226273411697
1.9999999999999987 4911.571197786362 66.60974251421017
2.0999999999999988 4912.421698110463 63.77647348306339
2.199999999999999 4913.857267399927 61.481175842352044
2.299999999999999 4911.942399809308 63.690137839392854
2.399999999999999 4913.063123995267 61.27543837551657
2.499999999999999 4909.967396151431 64.42894743747368
2.599999999999999 4912.968853527264 63.05370853311455
2.6999999999999993 4916.406785157193 62.014599127203
2.7999999999999994 4907.715397937295 63.06267786931399
2.8999999999999995 4911.436209291376 64.31463444946156
2.9999999999999996 4914.22360912109 61.99027285239642
3.0999999999999996 4912.904534089015 64.98589269735717
3.1999999999999997 4911.038474509957 64.25151459640908
3.3 4910.791454507508 63.55298796433828
3.4 4914.147182498363 63.13349430854417
3.5 4911.20878553242 62.219591772693725
3.6 4911.309052430598 63.85415587349156
3.7 4911.785442045923 62.36401890967851
3.8000000000000003 4909.572868226809 63.97432916770666
3.9000000000000004 4914.15269391987 63.887379946278855
4.0 4910.130173013416 64.96738502320537
4.1 4909.571237741527 64.24953783729501
4.199999999999999 4912.700670269026 64.23033806950183
4.299999999999999 4913.44354828579 62.81232271875838
4.399999999999999 4909.936518099431 62.936073522878765
4.499999999999998 4916.185258939212 65.04868176158159
4.599999999999998 4911.3645907672635 63.934294688285966
4.6999999999999975 4910.822290102457 63.052213648155984
4.799999999999997 4910.990058306544 62.98278343867732
4.899999999999997 4909.677185790899 62.95508877803512
4.9999999999999964 4911.385646043756 61.19516303275105
5.099999999999996 4912.564785334954 63.467324965746876
5.199999999999996 4911.5386965924845 65.09012633097375
5.299999999999995 4913.783076533344 62.88679501927794
5.399999999999995 4911.896440277259 62.92930353923739
5.499999999999995 4911.94137069665 65.54221856780175
5.599999999999994 4906.353633367263 62.97522248796452
5.699999999999994 4912.262656716678 64.83943339887456
5.799999999999994 4912.202423868418 64.06789575597956
5.899999999999993 4912.223651276846 62.744308200998454
5.999999999999993 4911.778124851258 62.999651832409796
6.0999999999999925 4913.877226149031 60.70296296218156
6.199999999999992 4912.215662628529 62.80558442371715
6.299999999999992 4910.733495109346 66.26294734109187
6.3999999999999915 4909.800633498529 62.56725680162675
6.499999999999991 4907.700952353628 60.99550925163757
6.599999999999991 4911.260469719986 61.04675737689258
6.69999999999999 4909.583420403831 64.42597266439381
6.79999999999999 4910.826466013265 62.81910960115862
6.89999999999999 4910.871835276281 65.42409116727902
6.999999999999989 4909.1642329071365 63.564458864341084
7.099999999999989 4909.381819398747 63.88474520880714
7.199999999999989 4911.758032101534 61.61133389315482
7.299999999999988 4910.858304114895 63.744482276435
7.399999999999988 4907.253812274573 64.10723736072885
7.499999999999988 4911.912079361915 61.363374407462416
7.599999999999987 4908.877887386139 63.19856982301893
7.699999999999987 4909.005369529922 63.60061514799333
7.7999999999999865 4912.33249384819 66.01785892410658
7.899999999999986 4908.791922872036 62.459471561481834
7.999999999999986 4912.174233253873 63.66264974449349
