# Rounds: 1000, repetitions: 1000
# Good arm ~ N(5.0,4.0), 16 bad arm(s) ~ N(2.0,4.0)
# Observation noise range from 0.5 to 8.0 with step size 0.1

# Observation noise | mean | standard deviation

0.5 4217.106562343889 1154.0091606702028
0.6 4287.265732240205 1096.0406749329027
0.7 4302.751768460349 1073.1160028962245
0.7999999999999999 4367.488199218302 1012.5020796420907
0.8999999999999999 4461.687631821494 905.8889655981715
0.9999999999999999 4505.139936449825 843.5627343834036
1.0999999999999999 4472.802003799437 869.2040620731983
1.1999999999999997 4560.197242423447 760.7513428986263
1.2999999999999996 4562.969106176777 729.6400677836447
1.3999999999999995 4583.657299373637 685.1390462019971
1.4999999999999993 4623.298325361564 592.3003971141042
1.5999999999999992 4577.682855201137 647.1938825452426
1.699999999999999 4629.672397734132 545.5399356680811
1.799999999999999 4649.637206375691 509.650510769808
1.8999999999999988 4659.481905222821 444.4808939333156
1.9999999999999987 4650.94813794091 424.674355299675
2.0999999999999988 4624.947813471988 449.0696257257962
2.199999999999999 4630.91929790853 415.29369136709846
2.299999999999999 4636.875320722486 349.92723814105346
2.399999999999999 4620.50178370904 380.4060933701138
2.499999999999999 4626.236590053473 284.6689314700748
2.599999999999999 4611.628030669817 296.3885823862804
2.6999999999999993 4600.598306154708 295.68309926861184
2.7999999999999994 4597.092801496256 248.99714027951288
2.8999999999999995 4585.318832812292 263.9480196233993
2.9999999999999996 4578.126303092337 234.5899462762801
3.0999999999999996 4565.93367844037 222.26157447370753
3.1999999999999997 4549.92987543102 221.0830585647657
3.3 4524.551559414497 235.77460796677954
3.4 4500.122277392791 249.9680192860038
3.5 4504.648686894464 204.21566501884934
3.6 4485.368957035038 218.18384611563977
3.7 4478.178818267816 204.56693568288995
3.8000000000000003 4443.733251392195 209.26178931382313
3.9000000000000004 4434.844463184773 203.80811207157805
4.0 4407.729995009884 218.54782710527462
4.1 4401.644428790289 206.67976714718563
4.199999999999999 4378.973080006689 242.96516814304536
4.299999999999999 4355.716171964316 218.87206941721928
4.399999999999999 4344.0095151570895 221.14291606984307
4.499999999999998 4331.809312110839 207.6436525637659
4.599999999999998 4320.041443720237 214.3354434939808
4.6999999999999975 4277.5263923565235 219.63893144748408
4.799999999999997 4258.923483228505 226.68644906144212
4.899999999999997 4245.926456460834 218.23079541928237
4.9999999999999964 4231.31392506382 222.69053380918677
5.099999999999996 4194.098231831022 227.2539698933712
5.199999999999996 4192.736595767194 230.03617726294806
5.299999999999995 4170.487406249647 241.813544216887
5.399999999999995 4165.1434039676415 228.51034446472028
5.499999999999995 4133.486527044965 226.62556327680062
5.599999999999994 4114.281804596801 227.70467572290437
5.699999999999994 4076.665034524348 226.71244265041005
5.799999999999994 4069.3540401887294 226.73086858730463
5.899999999999993 4046.901217457474 232.8920017541712
5.999999999999993 4031.8294887362276 253.59560225004665
6.0999999999999925 4007.343182185303 245.48059669909634
6.199999999999992 3990.6428899342714 244.77659806420718
6.299999999999992 3968.1897251499004 242.97849032813434
6.3999999999999915 3952.889203427808 241.72752796613685
6.499999999999991 3937.381506777816 263.63249162169325
6.599999999999991 3911.929758597906 244.4598611663962
6.69999999999999 3883.234572237806 262.29886627714666
6.79999999999999 3856.2651986721603 259.18348035729196
6.89999999999999 3826.186708075805 264.243159141634
6.999999999999989 3822.8275720006195 253.49463090488686
7.099999999999989 3822.9348038775074 256.4069422475953
7.199999999999989 3784.281769542392 261.7407072226338
7.299999999999988 3770.444797403239 274.42475096719676
7.399999999999988 3757.780788496086 257.87520026410755
7.499999999999988 3709.9844439875205 284.3958845776804
7.599999999999987 3702.1598669265836 278.0865707246567
7.699999999999987 3690.748573772111 265.77742789554753
7.7999999999999865 3678.7921112970307 271.5081844420438
7.899999999999986 3646.0433146573178 277.51896107501113
7.999999999999986 3626.2988796216646 274.83516317448493
