# Rounds: 50, repetitions: 1000
# Good arm ~ N(5.0,2.0), 1 bad arm(s) ~ N(2.8,2.0)
# Observation noise range from 0.5 to 4.0 with step size 0.1

# Observation noise | mean | standard deviation

0.5 241.51663353776928 28.39598279982343
0.6 241.36334569559807 27.82332947997638
0.7 244.19094584985478 24.131751984505275
0.7999999999999999 241.4904239839739 25.337494704644687
0.8999999999999999 242.75855342061985 24.417027546177067
0.9999999999999999 242.93836021382288 22.954219217535133
1.0999999999999999 242.58047106374093 24.145655449774814
1.1999999999999997 241.79703875888458 23.009054801154964
1.2999999999999996 242.10252745099615 20.921941260100745
1.3999999999999995 241.8847430020711 20.72848382035571
1.4999999999999993 242.1181650184522 21.052282470606233
1.5999999999999992 240.89339166843726 21.18110742617195
1.699999999999999 240.83149719989098 20.13882448815779
1.799999999999999 239.14307415743644 20.31729360087495
1.8999999999999988 238.36775004861713 21.17672439636892
1.9999999999999987 238.72069295803277 21.434886596467468
2.0999999999999988 238.25200554621907 19.950749061317943
2.199999999999999 237.72068064785412 19.470210322269306
2.299999999999999 236.7904241553024 21.047013466702523
2.399999999999999 236.8121748435994 20.654979819813576
2.499999999999999 236.41110788143916 20.63426925774217
2.599999999999999 234.953672726846 20.208151995812784
2.6999999999999993 233.2846748001192 21.009000721003382
2.7999999999999994 232.73725677917673 20.716089769326512
2.8999999999999995 232.51446334246648 19.76203431366248
2.9999999999999996 231.1949030894109 20.847971748563026
3.0999999999999996 231.79148185266993 19.86770646930189
3.1999999999999997 230.40001912574635 20.523269342732778
3.3 230.3576558674696 20.651181363493755
3.4 228.14705515284766 20.56895166375099
3.5 228.11129589867923 20.468693139619088
3.6 227.35778867545392 20.534738723619792
3.7 226.0793304221099 21.65869881006952
3.8000000000000003 225.5882431415471 21.38118382293289
3.9000000000000004 224.8112601249634 20.810869973470485
4.0 223.89401805894013 20.27852412785347
