# Rounds: 50, repetitions: 1000
# Good arm ~ N(5.0,5.0), 1 bad arm(s) ~ N(4.1,5.0)
# Observation noise range from 0.5 to 4.0 with step size 0.1

# Observation noise | mean | standard deviation

0.5 236.00340108953642 40.715222004920975
0.6 233.55820975269876 41.604298893464836
0.7 234.3019892496685 39.572765668576594
0.7999999999999999 234.35732064460623 40.93852198824319
0.8999999999999999 233.63359522972274 40.74676342744173
0.9999999999999999 233.92893513348687 39.46970411288556
1.0999999999999999 235.80382561294957 39.81118996267353
1.1999999999999997 233.0341733347832 41.6553981783271
1.2999999999999996 233.0656450920599 38.42629346588158
1.3999999999999995 232.87858487642396 41.973702996054286
1.4999999999999993 232.02717190882694 38.7847919948669
1.5999999999999992 234.9465569619116 39.54986666842481
1.699999999999999 234.91222842524095 39.035291998280606
1.799999999999999 233.98440416282455 37.89258251660765
1.8999999999999988 234.462147449016 39.37278775929461
1.9999999999999987 233.12675822842374 39.6197691896149
2.0999999999999988 232.8653817011097 39.61729832115707
2.199999999999999 233.22039602147663 37.84579748376516
2.299999999999999 233.25721268094247 40.55654925812445
2.399999999999999 235.05057039993508 37.47465775590738
2.499999999999999 232.38076762103256 39.6485096404551
2.599999999999999 234.24821153695652 39.03113299578644
2.6999999999999993 230.49016070962995 38.23284474611574
2.7999999999999994 233.0780909128025 39.35242020108042
2.8999999999999995 231.52994594982994 37.8411638472604
2.9999999999999996 232.39075355146682 37.49460405448446
3.0999999999999996 232.78557129098294 39.34002015171749
3.1999999999999997 232.30065491821068 37.99829278520736
3.3 231.0762962510067 37.16996345190145
3.4 230.56149427905018 37.91664143173264
3.5 230.96240443792942 38.6730192170602
3.6 228.94905119980783 36.911215029388444
3.7 232.48437225815138 37.45534486931932
3.8000000000000003 231.05407574566047 38.4497049155642
3.9000000000000004 229.62213409317275 40.16836036018666
4.0 231.3074971911111 36.932338735291005
