# Rounds: 50, repetitions: 1000
# Good arm ~ N(5.0,3.0), 1 bad arm(s) ~ N(4.0,3.0)
# Observation noise range from 0.5 to 4.0 with step size 0.1

# Observation noise | mean | standard deviation

0.5 236.84617180176804 27.45195881494129
0.6 235.8163869742596 28.840458201121546
0.7 235.2855083272069 28.625281272536785
0.7999999999999999 235.19021229188775 28.681242750162912
0.8999999999999999 236.7114325120223 28.27548645234745
0.9999999999999999 235.2253448967517 29.114661160286733
1.0999999999999999 236.33027278745513 27.62945920751946
1.1999999999999997 235.66105906662668 28.609562929206493
1.2999999999999996 234.48092765099472 29.157304100876523
1.3999999999999995 234.5681751421253 28.132261481477933
1.4999999999999993 235.34046177306908 28.02561466482913
1.5999999999999992 235.24436021822316 26.620470952969743
1.699999999999999 236.8272014059286 27.80050480621445
1.799999999999999 234.2253279037695 27.342944646906442
1.8999999999999988 234.69534583583467 27.7587533506131
1.9999999999999987 233.84234848336985 27.206220349666822
2.0999999999999988 233.23474025431383 26.196315680726922
2.199999999999999 234.2397854486442 26.343629584568983
2.299999999999999 233.62319585530702 27.00869847025535
2.399999999999999 233.74056125258886 26.374785625220685
2.499999999999999 234.42267167371662 26.32503032910898
2.599999999999999 231.9939616723197 26.366324703017053
2.6999999999999993 232.93246403988044 25.702089106059788
2.7999999999999994 231.71682659369543 25.71423702738349
2.8999999999999995 231.99839012657057 26.327667202124886
2.9999999999999996 229.7349787021089 24.779637598081955
3.0999999999999996 230.47504824839706 25.287500672489593
3.1999999999999997 231.17162785673335 25.75294213300618
3.3 230.62695880983156 24.484773703800993
3.4 230.2277946264246 24.42645425295416
3.5 229.3163463511949 24.617544804470977
3.6 228.266657696081 24.37218568112188
3.7 228.82100435153657 24.068182859503715
3.8000000000000003 229.29001790863236 23.419157409115606
3.9000000000000004 228.603081619887 23.59963837415351
4.0 228.7191891720235 23.004921304792227
