# Rounds: 50, repetitions: 1000
# Good arm ~ N(5.0,0.0), 1 bad arm(s) ~ N(2.7,0.0)
# Observation noise range from 0.5 to 4.0 with step size 0.1

# Observation noise | mean | standard deviation

0.5 249.39489999999975 5.066730281527298
0.6 249.61569999999966 4.879698245277537
0.7 249.57660000000013 5.060353704991362
0.7999999999999999 249.4432 5.210439755187847
0.8999999999999999 249.36040000000006 4.6581659857018805
0.9999999999999999 248.92799999999994 5.040728612506842
1.0999999999999999 248.44729999999998 5.262646497548372
1.1999999999999997 247.88379999999992 5.124474392344811
1.2999999999999996 247.5801999999998 5.137766499618742
1.3999999999999995 247.30419999999992 4.52121042462124
1.4999999999999993 246.7430000000001 4.866213212656327
1.5999999999999992 246.25080000000014 4.743711854883482
1.699999999999999 245.1905 5.191008217708422
1.799999999999999 244.81099999999998 5.296197570777442
1.8999999999999988 244.07040000000003 5.187804656803982
1.9999999999999987 243.87260000000018 5.173116118005674
2.0999999999999988 242.9802 5.569034216280428
2.199999999999999 241.9704999999999 5.546095827600606
2.299999999999999 241.60709999999995 5.343265862754735
2.399999999999999 240.5790000000002 6.233995644985796
2.499999999999999 239.6222 6.326869402511507
2.599999999999999 238.62629999999996 6.506537738562912
2.6999999999999993 238.34109999999998 6.241148349680744
2.7999999999999994 237.16579999999988 6.420781634411557
2.8999999999999995 236.35850000000013 6.5004864490339465
2.9999999999999996 235.75590000000003 6.701175340262385
3.0999999999999996 234.7853000000001 6.669558975444075
3.1999999999999997 233.65599999999966 7.291998164922756
3.3 232.35419999999985 7.63284630414517
3.4 231.91949999999983 7.609045098914635
3.5 230.9419999999998 7.887410680777784
3.6 230.0979 8.042537410419525
3.7 229.02150000000003 8.445560682704546
3.8000000000000003 228.4464999999999 8.17409956225478
3.9000000000000004 227.20679999999996 8.789355296409777
4.0 226.29599999999996 8.307632680900186
