# Rounds: 50, repetitions: 1000
# Good arm ~ N(5.0,3.0), 1 bad arm(s) ~ N(1.0,3.0)
# Observation noise range from 0.5 to 4.0 with step size 0.1

# Observation noise | mean | standard deviation

0.5 241.13353813292608 41.32246891220722
0.6 238.36850687554025 42.36948976758301
0.7 239.45549881939615 40.23601575889737
0.7999999999999999 241.45898010404076 35.891479991445074
0.8999999999999999 242.317148615932 37.75399552781282
0.9999999999999999 241.82652871436318 33.433658492617624
1.0999999999999999 239.9652004313657 33.86824265559004
1.1999999999999997 240.93959525784862 31.421148331336354
1.2999999999999996 240.07821890453752 32.64082757162211
1.3999999999999995 240.29150620741103 30.655580947506724
1.4999999999999993 239.62877767955095 30.4150062504077
1.5999999999999992 242.21501090090146 27.23718351569678
1.699999999999999 238.85919462369182 29.64444064698174
1.799999999999999 239.81915067286806 28.687512817748782
1.8999999999999988 241.00359198599932 26.941059774423888
1.9999999999999987 239.8935480349803 27.521169393604055
2.0999999999999988 238.97347776748475 24.421402095248247
2.199999999999999 238.8248394146443 26.869431066275457
2.299999999999999 239.7130606284513 25.18750871198893
2.399999999999999 238.29261556187438 24.827539669626066
2.499999999999999 236.903599187844 26.680228389603787
2.599999999999999 235.9053004739009 26.24324056980141
2.6999999999999993 235.30752878236243 24.87469832911115
2.7999999999999994 236.7012548795386 25.364363459052587
2.8999999999999995 236.13360087285983 25.450218472502684
2.9999999999999996 234.20056692772414 26.892573154688723
3.0999999999999996 233.06940214404284 26.038383711038577
3.1999999999999997 232.1509774774638 25.8350608311878
3.3 230.8675832893753 26.49338599288074
3.4 230.5394844470786 26.74015528140809
3.5 229.97014478916256 27.61186463802857
3.6 229.38710224311714 26.713976517610394
3.7 228.27696478896266 25.964895134250693
3.8000000000000003 226.76231465854767 26.275810186272572
3.9000000000000004 226.47069211646004 26.86030660210213
4.0 224.929620906186 28.058418855967915
