# Rounds: 50, repetitions: 1000
# Good arm ~ N(5.0,2.0), 1 bad arm(s) ~ N(4.1,2.0)
# Observation noise range from 0.5 to 4.0 with step size 0.1

# Observation noise | mean | standard deviation

0.5 239.84262975519624 21.916796535751505
0.6 240.82325581004494 21.195064376479692
0.7 240.23376165322878 21.652316145918707
0.7999999999999999 240.0666931954318 21.4461366381872
0.8999999999999999 239.35924749960043 21.118120999425532
0.9999999999999999 240.2411780133548 21.432253188677937
1.0999999999999999 239.87113619964126 20.868127929809027
1.1999999999999997 238.5902169843304 20.984807317993603
1.2999999999999996 237.0193994171426 19.5611937175827
1.3999999999999995 239.03597191700143 19.948439938720544
1.4999999999999993 236.94064766689743 19.57859269033835
1.5999999999999992 237.19582333372142 20.720829539942734
1.699999999999999 236.66130555279267 19.263826796514213
1.799999999999999 236.66579980562517 19.781711675114412
1.8999999999999988 238.2218499720891 18.85823721122516
1.9999999999999987 237.34626648631652 19.182933762393972
2.0999999999999988 236.65836826881875 19.227547838960025
2.199999999999999 235.3704891083348 18.39670408821079
2.299999999999999 235.71353860444944 17.96590927542117
2.399999999999999 235.2331164236942 18.95265583573237
2.499999999999999 234.61589431744395 18.00238097527031
2.599999999999999 234.06127694629666 18.562870377436212
2.6999999999999993 234.69465966364214 18.20658163426809
2.7999999999999994 233.0422682376899 18.1600393307692
2.8999999999999995 233.42299260325228 17.916781018680485
2.9999999999999996 233.82883149350528 18.37150360378579
3.0999999999999996 232.25264934886533 18.16865906976957
3.1999999999999997 233.20395136029555 17.211803583356033
3.3 231.5934554889027 16.91590083080807
3.4 232.29796859156184 17.13091810572476
3.5 231.8019676878254 17.63012492510256
3.6 231.61810193539006 17.222119072142977
3.7 231.14912446644666 16.88969157838332
3.8000000000000003 229.8672358366666 16.693306547462853
3.9000000000000004 230.8635312881067 16.789315008778853
4.0 230.31254273063482 16.444866458947384
