# Rounds: 50, repetitions: 1000
# Good arm ~ N(5.0,5.0), 1 bad arm(s) ~ N(0.7,5.0)
# Observation noise range from 0.5 to 4.0 with step size 0.1

# Observation noise | mean | standard deviation

0.5 219.83771744468123 75.25911355847076
0.6 222.11998736780907 71.80515177694146
0.7 220.48697861194557 71.70173411112508
0.7999999999999999 220.58594445702633 73.0632430025096
0.8999999999999999 222.62638647449933 69.7813337595264
0.9999999999999999 225.40796791547024 67.07284411942769
1.0999999999999999 222.49949841847075 68.39353940381886
1.1999999999999997 225.55313836386856 65.36212368213832
1.2999999999999996 225.28243221906897 66.36742587314374
1.3999999999999995 224.92920237442362 66.93085739418504
1.4999999999999993 227.23609297312046 58.927751881040265
1.5999999999999992 226.5074158705507 57.030772603958624
1.699999999999999 229.59529079508116 55.53734065436153
1.799999999999999 226.69414012911514 60.236600347018594
1.8999999999999988 227.02157466383187 57.54862150842223
1.9999999999999987 226.48981949077628 54.73239564297241
2.0999999999999988 228.39142792843788 54.79756454371618
2.199999999999999 230.14729039478473 49.68261493991403
2.299999999999999 224.81683258430135 53.120580779058926
2.399999999999999 230.92389982847206 48.14737150519842
2.499999999999999 227.11554494559138 54.01348478089533
2.599999999999999 226.36502903598125 47.80734348122083
2.6999999999999993 229.4367139145123 48.59592985534529
2.7999999999999994 226.17279495199872 49.866028784749616
2.8999999999999995 225.79008527105648 46.81779980244783
2.9999999999999996 224.8647016822114 48.232855094105034
3.0999999999999996 222.17464149031224 48.59757673806633
3.1999999999999997 223.60307059082234 49.579861972192234
3.3 224.89803268549832 46.924309067910855
3.4 222.74196198033138 46.23209633568169
3.5 221.51069738476224 46.01224703457358
3.6 223.2175012292151 46.64070292427106
3.7 224.43199288089326 47.80473932402694
3.8000000000000003 218.95216390460462 45.93441585464989
3.9000000000000004 220.37472054221965 44.06161536039777
4.0 218.5432327501595 48.55340117315873
