# Rounds: 50, repetitions: 1000
# Good arm ~ N(5.0,4.0), 1 bad arm(s) ~ N(3.1,4.0)
# Observation noise range from 0.5 to 4.0 with step size 0.1

# Observation noise | mean | standard deviation

0.5 225.84272440736058 46.827605865274506
0.6 224.96486596381246 46.4151795957667
0.7 226.0097502019577 44.77742206981132
0.7999999999999999 226.99358050465347 45.11216317869902
0.8999999999999999 226.58780679578723 45.042679568923944
0.9999999999999999 226.13117564431528 46.205124562866516
1.0999999999999999 223.95553553052426 45.064102994042244
1.1999999999999997 226.88637877391417 44.861142432040666
1.2999999999999996 226.2393927431842 44.555933041129364
1.3999999999999995 225.91954466531226 42.09955278175321
1.4999999999999993 226.39727268074637 44.0030275765349
1.5999999999999992 228.0007699377921 42.54054711001566
1.699999999999999 228.56978615219413 44.65748634976609
1.799999999999999 227.30425586701568 42.010108061776506
1.8999999999999988 224.07285719052533 43.72238167903914
1.9999999999999987 225.58798080092228 41.40913752050882
2.0999999999999988 226.61802994747362 40.549285861516466
2.199999999999999 224.37529358149746 40.424551816414784
2.299999999999999 225.430629357553 39.87406111747095
2.399999999999999 225.25593170836152 39.80666390209032
2.499999999999999 225.25023525090938 39.50661969099962
2.599999999999999 224.22860116286165 38.59511895138117
2.6999999999999993 227.01571543903475 38.38432369268321
2.7999999999999994 224.58377015661122 39.164411938041276
2.8999999999999995 223.86813599138935 39.39077076452535
2.9999999999999996 223.59223621087392 37.32865503810511
3.0999999999999996 223.4341777147478 38.40293032702732
3.1999999999999997 221.73013988817718 37.881415440428455
3.3 220.7209670860118 38.12834251197114
3.4 221.6781575615987 36.728798911624345
3.5 220.81731603601864 37.041916798562596
3.6 220.24305417617472 38.93884716925469
3.7 220.42533151737697 37.682463401173116
3.8000000000000003 220.39827971303822 36.822242666535594
3.9000000000000004 219.08664129209518 37.64545941589717
4.0 218.2867463240253 35.62924586837796
