# Rounds: 50, repetitions: 1000
# Good arm ~ N(5.0,1.0), 1 bad arm(s) ~ N(1.4,1.0)
# Observation noise range from 0.5 to 4.0 with step size 0.1

# Observation noise | mean | standard deviation

0.5 249.18548773669596 8.148385961216201
0.6 248.76278807932502 8.104896403836532
0.7 249.36711931539102 8.21822933775795
0.7999999999999999 248.9009724231772 8.080093558165462
0.8999999999999999 249.14014720141122 7.983910881386418
0.9999999999999999 248.09501505436478 8.453688799192308
1.0999999999999999 248.33762647247622 8.149768210509592
1.1999999999999997 247.7418015013487 8.266584399992894
1.2999999999999996 247.86430771583744 8.361235915773698
1.3999999999999995 247.37954358986934 8.812633409871511
1.4999999999999993 246.99676097774918 8.435881691062194
1.5999999999999992 246.67009997559876 8.234011961587191
1.699999999999999 245.96144093976216 8.639989946796037
1.799999999999999 245.55401408383713 8.94028002199682
1.8999999999999988 245.27566209617828 9.03351731203253
1.9999999999999987 244.2659873003206 9.135251992825149
2.0999999999999988 243.88666410574322 8.993412400872819
2.199999999999999 242.9524279591784 8.95883939510091
2.299999999999999 242.23373025895606 9.33129334473649
2.399999999999999 242.41733951211452 9.371408386066868
2.499999999999999 241.1121877061902 9.487950140812163
2.599999999999999 240.2847890083739 9.672380468492534
2.6999999999999993 239.17305554491983 9.774755858221557
2.7999999999999994 238.40290622107344 9.819891486054516
2.8999999999999995 237.87010146598408 9.862144537862825
2.9999999999999996 237.62802545903196 9.896352583034691
3.0999999999999996 236.74440377384397 10.458027923386604
3.1999999999999997 235.72628095487855 10.036227878712776
3.3 234.36159777193896 10.54070294308674
3.4 233.47524597460756 10.462328556288087
3.5 232.45157172641527 11.082502522075023
3.6 231.92430621535095 10.907197112181553
3.7 231.24078206974573 11.306569463735858
3.8000000000000003 229.99387343604585 10.979213883775456
3.9000000000000004 228.34972261560384 11.621823453214326
4.0 227.97267109359512 11.430333019800848
