# Rounds: 50, repetitions: 1000
# Good arm ~ N(5.0,1.0), 1 bad arm(s) ~ N(0.3,1.0)
# Observation noise range from 0.5 to 4.0 with step size 0.1

# Observation noise | mean | standard deviation

0.5 249.5497414102752 7.434954250803954
0.6 249.064496677279 7.651769878425966
0.7 248.7627503166686 7.731937533657474
0.7999999999999999 248.68126973052108 7.612749443526702
0.8999999999999999 248.5900171300083 7.845835500807627
0.9999999999999999 248.09083343707087 7.60913637650277
1.0999999999999999 248.75576329673152 7.853328351348244
1.1999999999999997 248.30923494878164 7.980319897293979
1.2999999999999996 247.93488200743758 7.94696920979721
1.3999999999999995 247.2806923974643 8.226356908146522
1.4999999999999993 247.04036198695783 8.362176506902381
1.5999999999999992 246.90369759684515 8.256700965979961
1.699999999999999 246.54751772149132 8.469375440195785
1.799999999999999 246.07802560757352 8.913155037559767
1.8999999999999988 245.40134870792312 8.550684302878958
1.9999999999999987 245.11273211579055 8.710082233998211
2.0999999999999988 244.82167411683363 8.80995030177807
2.199999999999999 243.61485732212753 8.74760823486538
2.299999999999999 243.18486227936285 8.928835167825781
2.399999999999999 242.4108809038803 9.192348294698807
2.499999999999999 241.10741493905934 9.077342877955456
2.599999999999999 240.7788891578983 9.155230061639278
2.6999999999999993 240.40958342539105 9.09941151294033
2.7999999999999994 239.54845723425575 9.751455513229617
2.8999999999999995 238.8499221153519 9.160564172359004
2.9999999999999996 238.48876092131925 9.666987206366393
3.0999999999999996 237.24972579686346 9.742062733829172
3.1999999999999997 236.47388502576362 10.299746405516418
3.3 234.9190189284256 9.549285618661456
3.4 234.53318732825707 9.80668307788524
3.5 233.29174887645422 9.782836145200351
3.6 233.0103383192014 9.94930778636843
3.7 232.18833477140328 10.18538564988039
3.8000000000000003 230.33069339555362 10.7600990155087
3.9000000000000004 229.81030839137046 10.207662270989076
4.0 228.54861394824485 10.437896960319074
