# Rounds: 5000, repetitions: 1000
# Good arm ~ N(5.0,3.0), 16 bad arm(s) ~ N(2.0,3.0)
# Observation noise range from 0.5 to 8.0 with step size 0.1

# Observation noise | mean | standard deviation

0.5 23575.90393528524 4008.517928177741
0.6 23992.256598105243 3336.198523538274
0.7 24070.28590119506 3152.7997366136983
0.7999999999999999 24085.092446044255 2969.2712622713407
0.8999999999999999 24369.96669414772 2376.588182217798
0.9999999999999999 24521.441539472937 1928.7657854964195
1.0999999999999999 24604.60839669871 1510.6929484506722
1.1999999999999997 24668.81661718429 1257.8687901098947
1.2999999999999996 24683.612217893828 1102.0238701831688
1.3999999999999995 24749.663223487136 747.9076178604903
1.4999999999999993 24679.530293660915 1175.1909336476115
1.5999999999999992 24736.917863017687 714.7690148765857
1.699999999999999 24723.288990264955 602.9022486307836
1.799999999999999 24741.911423594094 311.7678342809484
1.8999999999999988 24727.84608222543 280.2511492019051
1.9999999999999987 24714.219979980542 252.3696113702468
2.0999999999999988 24687.131780577256 251.32610973699968
2.199999999999999 24674.75335317026 294.8969611455973
2.299999999999999 24661.068066870565 230.63762290351536
2.399999999999999 24652.67683382725 241.73844377109847
2.499999999999999 24633.433757253126 224.22846207365023
2.599999999999999 24601.863938247934 236.83090849104647
2.6999999999999993 24595.699246506054 233.29510774460005
2.7999999999999994 24561.981784733878 255.46562429287695
2.8999999999999995 24536.944952142563 229.28526094309396
2.9999999999999996 24521.718048727013 233.69597015383647
3.0999999999999996 24487.697468739956 228.11190069543906
3.1999999999999997 24467.80901982979 232.86279849972985
3.3 24437.085565140267 230.50838469855782
3.4 24412.377233323477 227.92397509923188
3.5 24394.521915076726 228.501048227531
3.6 24358.21571515946 236.1772554905664
3.7 24337.479627726112 237.8107354871256
3.8000000000000003 24302.32495862114 234.88525422208417
3.9000000000000004 24285.56403129169 227.89098790027725
4.0 24260.932568698052 229.6167617350082
4.1 24216.128644272867 238.63724837854502
4.199999999999999 24184.51875963133 239.46724175617845
4.299999999999999 24157.461818855085 241.0002817583028
4.399999999999999 24136.859000069213 235.7824515908505
4.499999999999998 24101.09874083315 242.68285237844668
4.599999999999998 24094.040288020235 231.05469078565815
4.6999999999999975 24052.85596734692 235.42769757492744
4.799999999999997 24021.0678141554 238.18111566103428
4.899999999999997 23987.873698022846 248.0403105768257
4.9999999999999964 23944.416605936804 254.60906760160196
5.099999999999996 23918.070307206057 242.94289763951053
5.199999999999996 23884.811710148108 239.60579893544073
5.299999999999995 23858.13941728305 248.30249470072908
5.399999999999995 23813.5183173765 248.1537948757811
5.499999999999995 23786.281553971097 244.50670020054352
5.599999999999994 23751.98348006582 247.47104159671605
5.699999999999994 23715.32998200869 247.57409427520048
5.799999999999994 23676.610149611428 258.1734565695461
5.899999999999993 23646.29397025268 261.58541951129973
5.999999999999993 23631.554045778485 255.3529801632788
6.0999999999999925 23578.980113674465 257.3329858315076
6.199999999999992 23543.695048437337 250.30555812940094
6.299999999999992 23513.9608821048 263.8626311552061
6.3999999999999915 23478.030851078038 265.94682943582393
6.499999999999991 23450.245093956968 258.2096600253216
6.599999999999991 23408.180690266836 278.42119851342557
6.69999999999999 23370.917933989804 262.0092893378819
6.79999999999999 23338.260664237587 268.3204793477474
6.89999999999999 23289.44280242085 259.21229634162046
6.999999999999989 23264.916740313354 260.88579468913196
7.099999999999989 23230.699129333534 269.40441836127525
7.199999999999989 23186.336283240787 275.0445194736303
7.299999999999988 23156.07898031301 269.19747354585684
7.399999999999988 23106.95768286138 266.91456683772634
7.499999999999988 23075.263441850122 273.4899071139402
7.599999999999987 23047.9249456045 275.4476150293352
7.699999999999987 22983.197374151136 286.38886093983643
7.7999999999999865 22961.784868744176 279.3724521423625
7.899999999999986 22912.43084775703 290.44272982570175
7.999999999999986 22876.54211142811 290.5069072819724
