# Rounds: 5000, repetitions: 1000
# Good arm ~ N(5.0,0.0), 16 bad arm(s) ~ N(0.0,0.0)
# Observation noise range from 0.5 to 8.0 with step size 0.1

# Observation noise | mean | standard deviation

0.5 24924.795000000016 1.1976683219528519
0.6 24924.684999999994 1.590063930571125
0.7 24924.685000000023 1.6057251798963985
0.7999999999999999 24924.53500000001 1.9780514876230526
0.8999999999999999 24924.409999999993 2.1809760788822508
0.9999999999999999 24924.064999999984 3.4223511636720687
1.0999999999999999 24923.370000000014 3.54339606248807
1.1999999999999997 24920.33499999998 6.078628523336886
1.2999999999999996 24912.264999999992 8.304440904644839
1.3999999999999995 24896.145000000008 10.335414640729065
1.4999999999999993 24873.649999999994 9.811919984068982
1.5999999999999992 24855.19999999999 7.054059806931006
1.699999999999999 24844.91000000001 5.13012847969896
1.799999999999999 24838.414999999968 5.669649012057055
1.8999999999999988 24829.335 8.42934332132868
1.9999999999999987 24816.064999999988 9.673900938057935
2.0999999999999988 24798.840000000026 10.225407520434599
2.199999999999999 24781.069999999978 9.785236371741494
2.299999999999999 24764.774999999998 9.352103337583339
2.399999999999999 24749.000000000033 10.064854758082761
2.499999999999999 24734.229999999974 10.801563487466845
2.599999999999999 24716.78 11.211927011326221
2.6999999999999993 24698.080000000005 11.416827227559503
2.7999999999999994 24680.225 11.574037036977828
2.8999999999999995 24661.26 12.392173577139971
2.9999999999999996 24643.11499999996 12.515126983111415
3.0999999999999996 24622.830000000038 12.796673585539944
3.1999999999999997 24603.33999999999 13.506547553939418
3.3 24583.445000000003 13.42151675899976
3.4 24562.739999999987 13.637388986839756
3.5 24541.290000000005 14.368101556654677
3.6 24521.53 14.692684403300168
3.7 24497.805000000004 14.707933175613014
3.8000000000000003 24477.185000000016 15.918673913965936
3.9000000000000004 24454.190000000035 15.211024793723686
4.0 24430.735000000008 15.41662892617729
4.1 24408.079999999998 16.862619842359884
4.199999999999999 24382.96499999997 17.521151953161272
4.299999999999999 24359.149999999983 17.37179551109438
4.399999999999999 24334.25 17.41093451370835
4.499999999999998 24310.79000000002 17.937325543336993
4.599999999999998 24285.72999999999 18.535389412166662
4.6999999999999975 24261.24999999998 18.74269961315039
4.799999999999997 24235.245000000014 20.100223729948784
4.899999999999997 24208.109999999964 19.74380200766087
4.9999999999999964 24184.025000000023 19.87005773001664
5.099999999999996 24156.47000000003 20.215037663772463
5.199999999999996 24128.224999999995 21.532255177129386
5.299999999999995 24101.07 21.630371540335968
5.399999999999995 24074.02999999998 21.87092676219814
5.499999999999995 24045.600000000017 22.494354758383153
5.599999999999994 24016.90499999996 22.890389794517425
5.699999999999994 23988.390000000014 22.636702947212004
5.799999999999994 23960.73000000003 23.35942556577023
5.899999999999993 23931.700000000008 24.991690310672894
5.999999999999993 23900.635000000002 24.664348868460127
6.0999999999999925 23872.91499999998 24.3355705705659
6.199999999999992 23840.845 24.693536517593895
6.299999999999992 23812.085000000003 25.119888212008064
6.3999999999999915 23782.049999999996 26.94203729069817
6.499999999999991 23750.809999999972 26.309429603966795
6.599999999999991 23718.05999999998 25.715709161866425
6.69999999999999 23685.895000000004 27.288617474024615
6.79999999999999 23655.440000000028 27.807006844132466
6.89999999999999 23622.10500000001 28.18667173441133
6.999999999999989 23590.974999999955 28.900858717945376
7.099999999999989 23559.619999999984 28.64307989769995
7.199999999999989 23527.120000000003 28.77296445421447
7.299999999999988 23493.705000000013 30.099899982873332
7.399999999999988 23460.244999999995 29.896634990978384
7.499999999999988 23425.42499999998 30.778103688607388
7.599999999999987 23390.83000000002 30.71489059893435
7.699999999999987 23357.91499999997 31.258676873467905
7.7999999999999865 23322.610000000048 32.011914386094745
7.899999999999986 23288.720000000023 33.54231188643218
7.999999999999986 23253.45499999997 33.998439212247185
