# Rounds: 5000, repetitions: 1000
# Good arm ~ N(5.0,3.0), 16 bad arm(s) ~ N(4.0,3.0)
# Observation noise range from 0.5 to 8.0 with step size 0.1

# Observation noise | mean | standard deviation

0.5 22997.757852525036 2308.1302159797374
0.6 23122.533937377768 2207.1373924424165
0.7 23380.79724688146 2113.5674417780083
0.7999999999999999 23266.65089447761 2125.454188351203
0.8999999999999999 23630.374769035945 1925.2438246935853
0.9999999999999999 23663.74211778813 1896.6820922962406
1.0999999999999999 23881.566432560874 1706.745990711693
1.1999999999999997 23949.023493380053 1610.584361954835
1.2999999999999996 23975.86793934464 1531.5198752075494
1.3999999999999995 24007.627150953205 1456.9959143559233
1.4999999999999993 24164.936135780834 1223.1915291809448
1.5999999999999992 24202.07167693039 1122.2975912881907
1.699999999999999 24208.46388278168 1052.377665119976
1.799999999999999 24250.62848697633 950.4592075068254
1.8999999999999988 24268.797798853997 850.8862278159485
1.9999999999999987 24216.4881544831 894.3698897221742
2.0999999999999988 24245.600173138882 742.9946998764188
2.199999999999999 24238.650634659978 666.5539154427698
2.299999999999999 24243.735981124213 597.8168233098473
2.399999999999999 24199.19304156666 554.4462843459128
2.499999999999999 24155.27511558923 575.1031941793788
2.599999999999999 24146.06158053218 464.03966819907174
2.6999999999999993 24104.534816802905 495.87503130320346
2.7999999999999994 24075.643384848066 470.8040550686674
2.8999999999999995 24046.45117979438 415.91077242471306
2.9999999999999996 23986.458115366444 454.3181290120125
3.0999999999999996 23947.97138401453 484.2702634964459
3.1999999999999997 23925.60595481891 407.13481300674124
3.3 23885.65814816024 379.6276941702478
3.4 23832.087674065115 429.0519385411125
3.5 23803.655632827966 356.9527300890734
3.6 23767.775738002692 360.6503551919093
3.7 23723.224520483982 358.44585590311857
3.8000000000000003 23656.41381058166 400.8518020785851
3.9000000000000004 23638.762070573266 343.07673973809295
4.0 23575.717648567963 352.01499238995655
4.1 23543.587807207015 352.57177163428946
4.199999999999999 23498.700311852455 365.7588823910339
4.299999999999999 23467.538406669893 349.49556591845453
4.399999999999999 23429.251219597005 363.15100971248233
4.499999999999998 23357.720374306617 356.89226468067795
4.599999999999998 23319.028183031005 373.06342430584084
4.6999999999999975 23256.372473349085 389.6094653361826
4.799999999999997 23208.313712705385 371.82384943604836
4.899999999999997 23185.81269741021 365.5028838701479
4.9999999999999964 23148.36106843174 365.8251043557555
5.099999999999996 23087.159733806315 383.8900338646671
5.199999999999996 23046.26889300867 394.6265465991594
5.299999999999995 22989.515869681538 372.8764555821192
5.399999999999995 22961.995263722903 399.80039530555894
5.499999999999995 22914.860002539135 386.2646619239502
5.599999999999994 22881.638920163652 404.5505993807496
5.699999999999994 22844.49937380251 399.1665151090211
5.799999999999994 22813.044205223832 391.5138162469451
5.899999999999993 22772.687067825093 375.82017765492753
5.999999999999993 22708.17029447394 386.13750085317344
6.0999999999999925 22691.72051104896 379.5975310948661
6.199999999999992 22652.600953677786 392.42097134726714
6.299999999999992 22613.492915945146 396.59023547936164
6.3999999999999915 22556.131765612623 414.92953326225603
6.499999999999991 22522.303430554428 404.8118225715874
6.599999999999991 22504.835824070342 404.85349195528715
6.69999999999999 22449.433102532374 400.88414226580954
6.79999999999999 22430.300121768636 399.6819346190703
6.89999999999999 22385.67835454528 403.98416855807756
6.999999999999989 22337.492842924166 407.5358222148185
7.099999999999989 22329.50343870909 390.05299486033607
7.199999999999989 22268.67781510719 416.1532035896111
7.299999999999988 22268.711321937248 393.1021926781722
7.399999999999988 22228.83313780449 390.4735426948953
7.499999999999988 22213.38514379589 381.45791315739
7.599999999999987 22155.495687908668 397.6555242041782
7.699999999999987 22119.658442306645 419.08579000262176
7.7999999999999865 22098.73082112205 401.80417254157686
7.899999999999986 22088.959618117373 410.46494421569116
7.999999999999986 22030.020366127635 412.5149885670401
