# Rounds: 100, repetitions: 1000
# Good arm ~ N(5.0,3.0), 1 bad arm(s) ~ N(0.7,3.0)
# Observation noise range from 0.5 to 4.0 with step size 0.1

# Observation noise | mean | standard deviation

0.5 488.2656956589839 60.65649017931414
0.6 485.52671806330187 69.97072407562294
0.7 483.19499038577885 68.4994800465549
0.7999999999999999 490.01243489743047 58.87672043398172
0.8999999999999999 488.611253630628 57.38687674868334
0.9999999999999999 491.11124519235307 54.34322276939997
1.0999999999999999 490.37297758402343 46.32789204890368
1.1999999999999997 490.7281036544517 46.69679845773543
1.2999999999999996 489.65745383517515 46.357050927931546
1.3999999999999995 492.1803319343259 40.33090595693366
1.4999999999999993 491.98799354141215 42.12429546869637
1.5999999999999992 492.71728057619424 33.74559317554081
1.699999999999999 490.7904848275149 35.830205078752606
1.799999999999999 490.446689563485 34.03236042243014
1.8999999999999988 488.51678446250816 34.804395526786905
1.9999999999999987 489.35227933401774 32.55419851419156
2.0999999999999988 490.7010448696772 33.33875468355542
2.199999999999999 488.1362819293993 32.174245804617755
2.299999999999999 487.2454667477246 32.44539478811624
2.399999999999999 485.0127375897297 34.70317520449022
2.499999999999999 487.05901089414726 33.31347001536959
2.599999999999999 485.90501984095476 32.83028507279651
2.6999999999999993 486.95845563369295 33.27308456905785
2.7999999999999994 485.37005762890516 34.51053257219982
2.8999999999999995 483.82687200036986 33.79213127319244
2.9999999999999996 484.6509681388677 33.63132270798491
3.0999999999999996 482.86973654780513 33.15633970883909
3.1999999999999997 482.2685565282603 32.08057181690577
3.3 481.33747590455937 33.75318118742691
3.4 476.9299458998565 34.01735113093592
3.5 478.75577043222717 34.20551119856247
3.6 475.9561438190079 33.10580253595581
3.7 478.485059824549 34.24312443440443
3.8000000000000003 475.16855682105364 33.078507053791256
3.9000000000000004 474.4083288362174 34.535244525765236
4.0 474.1781336963987 35.123321663796716
