# Rounds: 100, repetitions: 1000
# Good arm ~ N(5.0,1.0), 1 bad arm(s) ~ N(4.3,1.0)
# Observation noise range from 0.5 to 4.0 with step size 0.1

# Observation noise | mean | standard deviation

0.5 492.51570654852713 20.01759319761968
0.6 493.00802633306444 18.97119767652363
0.7 494.30945880818143 16.718923233886883
0.7999999999999999 493.7701711598575 16.76779373771067
0.8999999999999999 493.4155892884939 16.535840874398648
0.9999999999999999 492.61918246135326 15.35367264589054
1.0999999999999999 492.48664120297855 15.556824227742904
1.1999999999999997 490.8570259118016 15.04153018769817
1.2999999999999996 490.7444670597123 15.343811113877942
1.3999999999999995 489.1639599768398 15.529366113122531
1.4999999999999993 488.0316329137479 15.582451995457392
1.5999999999999992 487.69266537473993 15.715487213629215
1.699999999999999 487.22573159052746 15.027807300120733
1.799999999999999 485.5369353856118 14.516961190639277
1.8999999999999988 485.4205926114837 15.438727381103213
1.9999999999999987 483.8949345636512 14.404797532930466
2.0999999999999988 484.1887840821861 15.217829467449079
2.199999999999999 481.82125325988653 14.686189672792665
2.299999999999999 480.8461608193159 14.915407251964904
2.399999999999999 480.14710526982094 14.957227033586445
2.499999999999999 480.6347785532395 15.052282756559883
2.599999999999999 479.7077694117218 14.868290495671316
2.6999999999999993 478.968555577179 14.868830877064527
2.7999999999999994 477.8562126188944 14.547731947152204
2.8999999999999995 476.27929456865206 14.514146794271014
2.9999999999999996 475.5432901424075 14.36015581443585
3.0999999999999996 475.787235585771 14.447003629099394
3.1999999999999997 474.33143091464467 14.206474693614501
3.3 474.32047844247955 14.222847532923966
3.4 473.33878511119303 14.301860548990462
3.5 472.3509299359092 15.005000300376897
3.6 472.66120003223153 13.981397351401252
3.7 471.5427723033663 14.102558717382356
3.8000000000000003 470.812305882008 14.160647640555258
3.9000000000000004 469.73599710267194 14.07608250108087
4.0 470.11510805779346 13.899729975168315
