# Rounds: 100, repetitions: 1000
# Good arm ~ N(5.0,4.0), 1 bad arm(s) ~ N(0.4,4.0)
# Observation noise range from 0.5 to 4.0 with step size 0.1

# Observation noise | mean | standard deviation

0.5 473.2117550002795 99.32548748552229
0.6 466.34378630920907 113.60467263151088
0.7 469.4919222043122 103.61875000948132
0.7999999999999999 477.966117197821 89.09478667811872
0.8999999999999999 475.91852764590084 91.30973020408275
0.9999999999999999 473.4066931601513 94.20299236518089
1.0999999999999999 473.50752141852587 92.55921095122952
1.1999999999999997 480.844756144218 77.46298196019296
1.2999999999999996 478.4797835881934 83.10670646779712
1.3999999999999995 482.1903462483744 72.64990056656335
1.4999999999999993 484.31654768230254 68.12964665906557
1.5999999999999992 485.68537562737737 61.091293246600124
1.699999999999999 483.7734072441217 62.31686915414553
1.799999999999999 485.5589111364729 58.28581453517188
1.8999999999999988 484.77340237873983 58.56208574620835
1.9999999999999987 485.03740518698754 57.910334001626445
2.0999999999999988 486.2147182842225 50.21338187324296
2.199999999999999 482.01002391653634 47.435728843787274
2.299999999999999 485.1157437099756 47.74490531467297
2.399999999999999 484.62633037257433 43.174016350193014
2.499999999999999 483.8024419142079 47.7817498597832
2.599999999999999 483.9837838352885 46.48625391336025
2.6999999999999993 481.7518503403818 50.19015832722718
2.7999999999999994 480.2872915111525 47.938421889490684
2.8999999999999995 480.30431623349085 46.780928152780675
2.9999999999999996 480.2887918068219 46.18441912651649
3.0999999999999996 477.63715557779636 43.010401986991006
3.1999999999999997 477.4418160572305 44.40845918313405
3.3 479.1149533462299 46.84316810076775
3.4 478.90519492866525 44.042191018323045
3.5 477.94405379972613 46.39747358135868
3.6 475.73786488830285 46.313554199326035
3.7 475.585040300415 47.936549449046446
3.8000000000000003 475.1305636234594 45.72178770582819
3.9000000000000004 473.26618555912506 44.918624121132744
4.0 470.0227520388218 47.033337923951095
