# Rounds: 100, repetitions: 1000
# Good arm ~ N(5.0,3.0), 1 bad arm(s) ~ N(4.0,3.0)
# Observation noise range from 0.5 to 4.0 with step size 0.1

# Observation noise | mean | standard deviation

0.5 473.2674401473199 49.65723966698699
0.6 468.3714454762843 51.79246829034935
0.7 469.60945674001573 51.47953944011931
0.7999999999999999 471.60658622672304 49.50522639392636
0.8999999999999999 472.5414444516686 49.709622333667106
0.9999999999999999 471.39879840023593 48.494084029169954
1.0999999999999999 472.7904140947636 48.7201942217364
1.1999999999999997 472.15163001239836 49.030543519439775
1.2999999999999996 471.02501284789014 49.026108292310795
1.3999999999999995 472.23654225433546 48.85467655331677
1.4999999999999993 472.8197721505439 45.69996352274841
1.5999999999999992 474.0923959536715 45.21521772384104
1.699999999999999 475.6927524384463 45.66613510816704
1.799999999999999 473.2792821509702 45.122522669402166
1.8999999999999988 472.01080746739933 44.65821728547736
1.9999999999999987 470.6158969108039 46.00198048332263
2.0999999999999988 471.36366863186583 42.066508681787305
2.199999999999999 470.9509629193288 42.20692979754953
2.299999999999999 471.2018609207326 43.17680509096067
2.399999999999999 471.36344014696664 41.812851060553534
2.499999999999999 471.9254237839539 41.51238144052002
2.599999999999999 468.0746802216808 40.99693753434605
2.6999999999999993 470.1844976737852 41.64238585833441
2.7999999999999994 467.7365620505911 41.8341379857451
2.8999999999999995 468.0880099411675 40.36627440037124
2.9999999999999996 466.1872896848633 40.05321890447581
3.0999999999999996 464.6990707437962 41.43203376070602
3.1999999999999997 467.10613283860533 39.74544502307623
3.3 465.47967183783385 38.82480534636775
3.4 464.7727593876568 39.87629692038664
3.5 464.0476895450189 40.32523786791477
3.6 462.82720911391266 38.71048891354325
3.7 464.2820701311887 38.22901649924966
3.8000000000000003 463.336051964524 37.43598647176873
3.9000000000000004 463.33758728063424 38.294599104653415
4.0 463.5037970096012 37.69385718951896
