# Rounds: 100, repetitions: 1000
# Good arm ~ N(5.0,2.0), 1 bad arm(s) ~ N(0.0,2.0)
# Observation noise range from 0.5 to 4.0 with step size 0.1

# Observation noise | mean | standard deviation

0.5 499.25169233395076 26.185420902857246
0.6 497.43126590263176 30.27511546967596
0.7 496.6802407179457 21.336178120152105
0.7999999999999999 497.11796565219333 20.834343553047134
0.8999999999999999 496.93993299586157 20.781140601809934
0.9999999999999999 497.5880577831566 21.23842995878902
1.0999999999999999 497.6510071309709 20.337859159239077
1.1999999999999997 496.887581419299 20.209254607074133
1.2999999999999996 495.9458330711149 21.272733179761985
1.3999999999999995 496.15273963437136 21.36742328634471
1.4999999999999993 495.8109522476036 20.243605129324994
1.5999999999999992 494.72769365299143 20.120862163463734
1.699999999999999 495.44965562542995 21.940094692893634
1.799999999999999 494.25232020532025 22.311150717889795
1.8999999999999988 494.55363338756007 20.931893888647835
1.9999999999999987 492.63424230707244 21.073947548556703
2.0999999999999988 493.9312670408217 20.881814003694757
2.199999999999999 491.87733614135453 21.703618188888793
2.299999999999999 491.43622707291723 20.56627013262275
2.399999999999999 490.0732092811376 21.9234197920666
2.499999999999999 490.4861123639267 21.286749164338733
2.599999999999999 490.61677225707786 21.849592952532273
2.6999999999999993 488.08053698888176 21.200541044112793
2.7999999999999994 486.3313791968583 21.588811161660665
2.8999999999999995 486.6539876568742 22.352159493223546
2.9999999999999996 487.10008795419236 22.12002120861504
3.0999999999999996 484.8364594356166 21.523113883685017
3.1999999999999997 484.4127388305561 21.754597524032626
3.3 483.66221935166254 22.409038017828216
3.4 482.5441904763621 23.083102105778636
3.5 481.39952878053185 21.93015588398036
3.6 481.3738971017165 23.42514251955325
3.7 480.54331374244566 23.102451971043767
3.8000000000000003 479.00916593932027 22.488331933366204
3.9000000000000004 478.8082273604812 22.377680595010744
4.0 476.782421869782 22.38086985480582
