# Rounds: 100, repetitions: 1000
# Good arm ~ N(5.0,1.0), 1 bad arm(s) ~ N(0.0,1.0)
# Observation noise range from 0.5 to 4.0 with step size 0.1

# Observation noise | mean | standard deviation

0.5 499.32133218001127 10.358345438277997
0.6 498.66312491328415 10.325953902775977
0.7 498.327116610467 10.333567391172759
0.7999999999999999 498.79024348847594 10.032609076735675
0.8999999999999999 498.44308928164804 10.335791124636946
0.9999999999999999 498.7431257091349 9.629749755166808
1.0999999999999999 497.95102674445826 10.39312089209959
1.1999999999999997 498.04190753096674 10.817686869429615
1.2999999999999996 497.95444162319774 10.659482156016411
1.3999999999999995 497.23973312666584 10.926297119147916
1.4999999999999993 497.5392290808929 11.164202756264087
1.5999999999999992 496.3783939317659 11.287012586939984
1.699999999999999 496.56130666704894 10.93999787735231
1.799999999999999 496.4660806792239 10.92014456408221
1.8999999999999988 494.99836945518314 11.226030518917879
1.9999999999999987 494.6401994991176 11.363517562362246
2.0999999999999988 494.1827523526054 11.37604652789029
2.199999999999999 493.40229546812463 11.409444666739313
2.299999999999999 492.5165046428106 11.636111691356906
2.399999999999999 492.15293905225377 10.932186815956994
2.499999999999999 491.225725528807 11.017494059663994
2.599999999999999 490.24578583921107 11.78194095610692
2.6999999999999993 489.5491108847462 11.67288377666957
2.7999999999999994 489.59718744335606 11.94649769100796
2.8999999999999995 488.4060785109319 11.778240838662743
2.9999999999999996 487.8762903938327 11.690676911902568
3.0999999999999996 486.34317236145284 11.72633269364673
3.1999999999999997 485.31945780058817 12.298794484751566
3.3 484.5277182793658 12.022452231860663
3.4 483.2715287531768 12.81697660194367
3.5 482.9715988320365 12.345623834443904
3.6 481.37563568514304 12.668028033326573
3.7 480.67016516677774 12.021762710965797
3.8000000000000003 479.37360616562074 12.341506358999222
3.9000000000000004 478.8905173014274 12.714796195226095
4.0 477.4944724278646 12.851082359374354
