# Rounds: 100, repetitions: 1000
# Good arm ~ N(5.0,1.0), 1 bad arm(s) ~ N(1.7,1.0)
# Observation noise range from 0.5 to 4.0 with step size 0.1

# Observation noise | mean | standard deviation

0.5 499.35976391701143 10.672070487093668
0.6 499.7722300376886 10.780786728796024
0.7 499.44312544053946 10.91593608287788
0.7999999999999999 498.9777070810715 10.887685122383429
0.8999999999999999 498.9579320342494 10.982136724770433
0.9999999999999999 497.7085871434815 11.247173237990436
1.0999999999999999 498.2591161561128 10.858515536211081
1.1999999999999997 497.8882226194529 10.795663897340187
1.2999999999999996 497.16472930479074 11.24482754739353
1.3999999999999995 497.27932414012895 10.67879552408365
1.4999999999999993 496.99595030144576 11.397520429571102
1.5999999999999992 495.8696206788285 11.31389805182171
1.699999999999999 495.27735013341396 11.421534240851695
1.799999999999999 494.43425633815434 11.08849039015589
1.8999999999999988 494.01432851179595 11.14479461956422
1.9999999999999987 493.24500824399564 11.775672741374851
2.0999999999999988 492.5960318029526 11.82265495120483
2.199999999999999 491.90491280303286 11.417528428850293
2.299999999999999 491.32091968581767 11.958098860772758
2.399999999999999 490.57538669263937 11.940989396688476
2.499999999999999 489.5232381591669 11.119394434595613
2.599999999999999 489.1383785484783 12.004245832873323
2.6999999999999993 488.30526975105676 11.810339978477247
2.7999999999999994 487.2317861953098 12.284376710676348
2.8999999999999995 486.4529053976783 12.028425331029794
2.9999999999999996 485.49143056720345 12.83286902313384
3.0999999999999996 484.2012201389761 12.519139650844421
3.1999999999999997 483.11668473800904 12.850495074501426
3.3 482.8086054125304 12.405001706788617
3.4 481.25772143101904 12.888214228739319
3.5 479.99116294508224 12.876027911887773
3.6 478.1785632723754 13.292834300562959
3.7 478.00123773634095 13.084811785258728
3.8000000000000003 476.40192831501986 12.698510721375492
3.9000000000000004 476.71071800533747 12.530881141776828
4.0 475.4144710062758 14.090754899737238
