# Rounds: 100, repetitions: 1000
# Good arm ~ N(5.0,5.0), 1 bad arm(s) ~ N(0.6,5.0)
# Observation noise range from 0.5 to 4.0 with step size 0.1

# Observation noise | mean | standard deviation

0.5 448.56452196242503 141.124392168892
0.6 449.49700004129784 133.31697007950717
0.7 450.7664816834222 132.69681583163347
0.7999999999999999 456.55052736156716 123.4198849476741
0.8999999999999999 460.0510068923244 127.25693857637229
0.9999999999999999 461.04152791770315 118.71570928365286
1.0999999999999999 462.3857517657754 112.91813368475648
1.1999999999999997 460.20974512759886 114.65561044416974
1.2999999999999996 461.12174324215573 112.4219875926166
1.3999999999999995 469.39605370239553 106.93112634412286
1.4999999999999993 467.2731510098466 96.97917530595431
1.5999999999999992 470.23346940588436 91.37782911916979
1.699999999999999 470.44871041912484 90.53170778932126
1.799999999999999 470.73245706558305 84.21303975972617
1.8999999999999988 472.3191465181142 86.76044655007577
1.9999999999999987 469.6939285875969 86.5291390488483
2.0999999999999988 474.541079769976 77.38722909265462
2.199999999999999 474.61456745018876 74.7907581721568
2.299999999999999 473.41630674509264 72.27177740649906
2.399999999999999 475.02234091705026 69.10532816921561
2.499999999999999 476.8320181605035 69.99597886480838
2.599999999999999 476.07684775733986 64.89476447505714
2.6999999999999993 476.19611896219345 73.94393510074374
2.7999999999999994 474.1184934525052 67.18865561902562
2.8999999999999995 476.4265149692056 64.3118872904672
2.9999999999999996 472.37193171165126 64.65212723799117
3.0999999999999996 475.281667903671 61.378153468666746
3.1999999999999997 469.24801498260837 62.21866632006794
3.3 471.79662631793184 61.56484558636985
3.4 470.1625462358264 61.769435016331016
3.5 470.13523352871437 58.560785766158055
3.6 471.0496269535361 61.58059218842929
3.7 466.4158778355046 62.894570713932666
3.8000000000000003 470.0978067142986 60.64532858629525
3.9000000000000004 467.49893049663524 57.9351695071786
4.0 462.95404997404773 63.05308655053234
