# Rounds: 100, repetitions: 1000
# Good arm ~ N(5.0,2.0), 1 bad arm(s) ~ N(2.7,2.0)
# Observation noise range from 0.5 to 4.0 with step size 0.1

# Observation noise | mean | standard deviation

0.5 486.74142762010143 49.87891083435593
0.6 490.5091991191223 42.553143082497925
0.7 491.0785224682085 38.43772519447238
0.7999999999999999 487.80057510324224 43.120327252467376
0.8999999999999999 490.33371963379994 35.73495729832637
0.9999999999999999 491.47864839959817 34.84634356557287
1.0999999999999999 489.45343937545414 34.19295666594469
1.1999999999999997 490.48158585562436 31.22382909282038
1.2999999999999996 491.8213785351402 30.00365067571691
1.3999999999999995 490.2761808666345 29.257980593908936
1.4999999999999993 491.53328496242085 26.25237294838094
1.5999999999999992 492.36431403906306 27.055086616935153
1.699999999999999 490.6487481206229 27.12284721455336
1.799999999999999 490.4121607610659 25.654340365929436
1.8999999999999988 490.7515996986849 24.24613034306594
1.9999999999999987 488.342438766936 24.81625175201847
2.0999999999999988 487.7517156458672 24.43055572790129
2.199999999999999 486.5684943557884 24.683102000271514
2.299999999999999 485.42365694254556 24.21672610661607
2.399999999999999 484.70904461801575 25.514983160484327
2.499999999999999 484.5851460318991 23.922679529397566
2.599999999999999 483.25965160655204 25.6726675584824
2.6999999999999993 482.83079570596044 24.777410682934878
2.7999999999999994 482.11790251499883 25.374691422256706
2.8999999999999995 481.4865443296457 24.7639515119113
2.9999999999999996 479.7278263556635 24.748504806636678
3.0999999999999996 479.6209161632148 24.926922129335097
3.1999999999999997 478.0592312175051 24.42649058123662
3.3 475.70036019929205 25.656300729616234
3.4 475.9718976323345 25.439437931423928
3.5 474.6980905897312 25.92074240542289
3.6 471.87628375099274 26.84374931444302
3.7 473.81074232590527 26.102182322549524
3.8000000000000003 471.0704114102931 25.21837916740643
3.9000000000000004 468.3793283180851 26.511466894503922
4.0 468.7291702671144 26.24341113037769
