# Rounds: 100, repetitions: 1000
# Good arm ~ N(5.0,3.0), 1 bad arm(s) ~ N(4.7,3.0)
# Observation noise range from 0.5 to 4.0 with step size 0.1

# Observation noise | mean | standard deviation

0.5 489.88029811933507 33.3754475820571
0.6 489.7833253215373 32.834017073605736
0.7 489.6583664416624 31.74260588880688
0.7999999999999999 491.92744758277115 32.29649563452967
0.8999999999999999 489.6978715772215 32.745452720185796
0.9999999999999999 489.93885266402566 33.45401232773613
1.0999999999999999 490.7192628766503 33.07543985956858
1.1999999999999997 489.4611514027396 31.16567243783857
1.2999999999999996 489.99605580021324 33.66125699307519
1.3999999999999995 488.39731141242316 31.025020709906595
1.4999999999999993 490.783605242105 31.69166085004053
1.5999999999999992 488.1191268209312 32.9188320876929
1.699999999999999 488.82621869641633 31.86682687526139
1.799999999999999 489.3301613728673 32.08620854908135
1.8999999999999988 489.50119126596167 29.83899022891942
1.9999999999999987 487.9499591694996 33.2651743028245
2.0999999999999988 488.4375268192666 32.68204578482514
2.199999999999999 488.25547312346185 32.38977292916516
2.299999999999999 488.44506078954436 32.22360713516257
2.399999999999999 487.82881660821295 30.909990987644097
2.499999999999999 487.13722594773765 31.069186765559596
2.599999999999999 487.36027865928435 32.342695222347956
2.6999999999999993 486.64115262544783 31.285382813912634
2.7999999999999994 488.67268589796305 30.33340992068165
2.8999999999999995 488.1596175300539 32.67985721204649
2.9999999999999996 487.46729948909973 33.908019525194845
3.0999999999999996 486.7199490035956 30.879784023982275
3.1999999999999997 486.66983579300194 30.047545060392405
3.3 486.3612815448666 30.595970065504435
3.4 487.622471799503 31.055421007963727
3.5 486.12047743862547 31.582667641600256
3.6 486.67203593797166 31.094577352798126
3.7 485.8987682065805 29.284592924209832
3.8000000000000003 485.9043519314922 31.5731762683024
3.9000000000000004 486.57987631913943 29.805670449012638
4.0 486.7313579657016 30.62490402212951
