# Rounds: 100, repetitions: 1000
# Good arm ~ N(5.0,5.0), 1 bad arm(s) ~ N(1.7,5.0)
# Observation noise range from 0.5 to 4.0 with step size 0.1

# Observation noise | mean | standard deviation

0.5 443.37039682681115 124.98734276675764
0.6 445.0028337870401 121.93224782826762
0.7 439.2927153213302 127.94869374005042
0.7999999999999999 445.31116534231705 119.86648402265027
0.8999999999999999 443.39837387192705 121.48029532975056
0.9999999999999999 446.4524634000295 119.14136151675527
1.0999999999999999 447.0441373580115 118.40492469734536
1.1999999999999997 454.6249127838591 111.30069590746413
1.2999999999999996 454.5253757009334 105.32182832471136
1.3999999999999995 449.9270356167053 109.73643708117876
1.4999999999999993 455.4738024038451 101.17369805267256
1.5999999999999992 453.02478441715095 107.7740084137739
1.699999999999999 462.74893969399903 92.96677375128431
1.799999999999999 462.5901973331462 92.08366342575384
1.8999999999999988 466.2082577843069 92.01390258782088
1.9999999999999987 464.4415378417856 86.62499155782213
2.0999999999999988 466.6870456979492 82.9499219783758
2.199999999999999 463.13441804831314 83.72258868623555
2.299999999999999 463.055720856547 86.63985514275684
2.399999999999999 462.3551176629682 83.01256078851314
2.499999999999999 466.57280171743486 79.92832039981771
2.599999999999999 465.6176062386165 70.77789172026962
2.6999999999999993 466.71396354650835 75.90120632266502
2.7999999999999994 467.73947023602943 72.09231466393055
2.8999999999999995 460.69690902577554 78.31789462040514
2.9999999999999996 464.83482503759046 71.57944642414283
3.0999999999999996 463.74099615661027 73.26541862508842
3.1999999999999997 465.07995056082865 73.61705783035258
3.3 463.5185453053507 71.31802604560731
3.4 464.81357266949925 65.9193163370972
3.5 464.9609165399371 67.76611152330945
3.6 458.35264479196263 70.60687708792544
3.7 462.7461587540102 70.22847061374536
3.8000000000000003 459.84180839446617 67.5641516078604
3.9000000000000004 457.9133990762216 66.62643574075321
4.0 458.0719012272095 69.43424909893145
