# Rounds: 100, repetitions: 1000
# Good arm ~ N(5.0,1.0), 1 bad arm(s) ~ N(1.0,1.0)
# Observation noise range from 0.5 to 4.0 with step size 0.1

# Observation noise | mean | standard deviation

0.5 498.98206419731366 10.655290184496886
0.6 498.9939775245377 10.699602903254831
0.7 498.7438501137658 10.263494829446035
0.7999999999999999 499.19160933885274 10.859890317459914
0.8999999999999999 498.8510906951434 10.679509258047224
0.9999999999999999 498.58721961624747 10.945503331154177
1.0999999999999999 498.86948010352995 10.48653825690332
1.1999999999999997 497.6401297764327 10.936083877149585
1.2999999999999996 497.02936694331373 11.217004558319276
1.3999999999999995 497.3979895553245 10.565113903653835
1.4999999999999993 496.40285995799616 11.297766303391105
1.5999999999999992 496.3259292627605 11.138343259380129
1.699999999999999 496.0869599229584 10.861221271992962
1.799999999999999 496.40074911008315 11.232508146992265
1.8999999999999988 494.92578450549354 10.951092306804865
1.9999999999999987 494.34454788276605 11.37520263266894
2.0999999999999988 492.7800465786312 11.042783648471142
2.199999999999999 492.6885551727314 11.068260974887348
2.299999999999999 491.65097475331373 11.53207469972758
2.399999999999999 491.32768490282615 10.919127484721642
2.499999999999999 490.7598002701226 11.743529058785498
2.599999999999999 489.8735955891398 11.95979489363835
2.6999999999999993 489.14022734607045 12.134079196178037
2.7999999999999994 488.3947662950202 11.959654996895052
2.8999999999999995 487.4373609188117 12.25724105279396
2.9999999999999996 486.4994475296046 12.087728392000114
3.0999999999999996 485.6963391273047 12.669548923193227
3.1999999999999997 484.65770709528243 11.886799717644575
3.3 483.79845871474504 12.56238024390637
3.4 483.63178424651926 12.472816172376985
3.5 481.5595805066462 12.83915010151832
3.6 479.6113059075526 12.294871419534193
3.7 479.19959830822273 12.670057911273178
3.8000000000000003 478.0165358038227 12.616799541178043
3.9000000000000004 476.51376985313124 12.544368173171092
4.0 476.6139959725217 12.762615804945225
