# Rounds: 100, repetitions: 1000
# Good arm ~ N(5.0,1.0), 1 bad arm(s) ~ N(2.3,1.0)
# Observation noise range from 0.5 to 4.0 with step size 0.1

# Observation noise | mean | standard deviation

0.5 498.96511165181005 10.813143547538447
0.6 499.1454844783723 10.955674875874504
0.7 499.5783876755166 10.933973874673356
0.7999999999999999 498.42289713391125 10.744572328408834
0.8999999999999999 498.62593311892886 11.340274537380878
0.9999999999999999 498.1128304585908 12.50426063218998
1.0999999999999999 498.3011872602726 11.560278702361465
1.1999999999999997 497.31980345498613 11.853984271578902
1.2999999999999996 496.6773092814397 11.155742235707322
1.3999999999999995 496.14257485830814 11.098777995540635
1.4999999999999993 495.63695455225667 11.578370742265593
1.5999999999999992 494.8343805422264 11.3292139789667
1.699999999999999 495.0787217248769 11.440420212287995
1.799999999999999 493.51205791694616 11.681896175361727
1.8999999999999988 492.967570543328 11.574493129649458
1.9999999999999987 492.26168449942935 11.418970785548993
2.0999999999999988 491.86725615273633 11.898699414626881
2.199999999999999 491.08244540891195 12.445278132614034
2.299999999999999 490.36450763715135 11.989965248648199
2.399999999999999 489.5264363667934 11.866024319231986
2.499999999999999 488.086680445504 12.152487611706034
2.599999999999999 488.0326697642243 12.43129185961114
2.6999999999999993 486.6568479909856 12.683293566200234
2.7999999999999994 485.4255063505504 12.512306510501991
2.8999999999999995 485.38447956779595 13.144921108377813
2.9999999999999996 483.5521962117101 12.74849498302232
3.0999999999999996 483.97942788063796 13.011915226535871
3.1999999999999997 481.86679679840427 13.128535628859488
3.3 480.7037478450293 13.56970788444434
3.4 479.4491551298462 13.899118236621087
3.5 478.9617913572912 13.637726156331766
3.6 478.2716176231424 13.26919754000039
3.7 476.2100790597286 13.847562932024891
3.8000000000000003 474.832233957114 14.102835768260146
3.9000000000000004 474.63210535309173 13.777531462112785
4.0 472.22392393040184 13.89696222843832
