# Rounds: 10, repetitions: 1000
# Good arm ~ N(5.0,2.0), 4 bad arm(s) ~ N(4.0,2.0)
# Observation noise range from 0.5 to 4.0 with step size 0.1

# Observation noise | mean | standard deviation

0.5 47.00673416663864 7.3046884803316114
0.6 46.58436328104444 7.268330770590161
0.7 46.77285562357779 7.428938963402533
0.7999999999999999 47.10793360449455 7.152464810672394
0.8999999999999999 46.62106845601167 6.888260502309274
0.9999999999999999 46.74530153716345 7.15737023802739
1.0999999999999999 46.887281606029006 7.155684066941927
1.1999999999999997 46.6958683837846 7.232669495264173
1.2999999999999996 46.66761346672378 7.19401366946336
1.3999999999999995 46.24061882389178 6.639729366950874
1.4999999999999993 46.40629750383503 6.94946272887846
1.5999999999999992 46.73800262142868 7.1904045638305245
1.699999999999999 46.73070075227828 7.366197471964818
1.799999999999999 46.159934395649216 7.250981225927643
1.8999999999999988 46.584988204802364 7.155282738738311
1.9999999999999987 46.387522346521536 6.990249385391585
2.0999999999999988 46.54553025090939 7.111038366961618
2.199999999999999 46.18294465052609 6.93590222742833
2.299999999999999 45.9473762733887 7.020585101478184
2.399999999999999 46.62365746847525 6.795117357995871
2.499999999999999 46.360409550507896 6.874241068099012
2.599999999999999 46.25787702866389 6.87445819886658
2.6999999999999993 46.56422528079601 6.813987096322672
2.7999999999999994 45.65748022751801 6.80125695734128
2.8999999999999995 46.26879068613888 6.623220755257407
2.9999999999999996 46.28299789920751 7.052605654187917
3.0999999999999996 46.3429412748981 7.067955173184882
3.1999999999999997 46.46100068044558 6.868767911032204
3.3 45.97265723982359 6.883183167375527
3.4 46.3249306789079 6.677284152696035
3.5 45.9822374914015 6.522860613968663
3.6 46.375848368265984 6.881627906259612
3.7 46.32709454028334 7.005269650860899
3.8000000000000003 45.95990811467461 7.067080422220409
3.9000000000000004 46.2839381123628 6.96457768179694
4.0 46.15257632284096 6.787216669239402
