# Rounds: 10, repetitions: 1000
# Good arm ~ N(5.0,5.0), 4 bad arm(s) ~ N(2.0,5.0)
# Observation noise range from 0.5 to 4.0 with step size 0.1

# Observation noise | mean | standard deviation

0.5 32.84801048769455 18.832780645415305
0.6 31.288435941523566 19.87910919096888
0.7 32.93244997761383 19.591648354784045
0.7999999999999999 31.63482208469063 19.040575814069925
0.8999999999999999 32.463015327058756 19.674760441116124
0.9999999999999999 32.576164205849985 19.211704528723757
1.0999999999999999 32.166977078547056 18.9782418209726
1.1999999999999997 33.11427853459143 18.759895980855195
1.2999999999999996 32.333400028854825 19.494438142465484
1.3999999999999995 31.33162152247646 18.328513872602663
1.4999999999999993 32.559938327678296 19.45754900933527
1.5999999999999992 33.180393794564665 19.905635027451552
1.699999999999999 32.9705977850075 20.1361590798967
1.799999999999999 31.514672614987866 18.43836555284114
1.8999999999999988 32.43557584147687 19.363430525182334
1.9999999999999987 31.239682743525524 18.042699563199037
2.0999999999999988 31.36710355071028 18.693479666315415
2.199999999999999 32.01386839886328 18.829211956178366
2.299999999999999 31.278298462632076 18.462094152522884
2.399999999999999 31.9018815394275 18.61938705275165
2.499999999999999 30.914281245960172 17.788722737898198
2.599999999999999 30.204411566311432 17.997949757198832
2.6999999999999993 31.100750180189916 18.886980327942958
2.7999999999999994 30.994080791039202 17.33780449896974
2.8999999999999995 30.620170898802005 18.22820474822348
2.9999999999999996 30.194967540504944 18.06105485166905
3.0999999999999996 32.067118676630194 18.96186325366872
3.1999999999999997 30.243434516925696 18.068048387313176
3.3 29.928701137887053 17.87457976896463
3.4 30.303827635117468 18.585556223951162
3.5 31.14286588928017 18.554509598740776
3.6 30.547332968455645 18.08222300173164
3.7 29.572525308168544 18.1846293441735
3.8000000000000003 30.303089984468134 17.26893653903664
3.9000000000000004 30.367861349280886 17.743810867009497
4.0 29.367878061821152 18.08008164237798
