# Rounds: 10, repetitions: 1000
# Good arm ~ N(5.0,3.0), 4 bad arm(s) ~ N(3.8,3.0)
# Observation noise range from 0.5 to 4.0 with step size 0.1

# Observation noise | mean | standard deviation

0.5 45.23530128580127 10.370281118119976
0.6 45.02395887821306 10.292186778180957
0.7 45.35557856378799 10.69965203928218
0.7999999999999999 45.09899368244313 10.7712796958467
0.8999999999999999 45.02499869671072 10.783779513908536
0.9999999999999999 45.52727823974674 10.670701361752661
1.0999999999999999 45.44771242678294 10.333576758841497
1.1999999999999997 44.69476033663979 10.552139177498283
1.2999999999999996 45.534078152813514 10.738849593669814
1.3999999999999995 45.133306926112034 10.445992122197708
1.4999999999999993 45.204172009117684 10.793177021856092
1.5999999999999992 44.96478718026896 10.47005010957835
1.699999999999999 45.28690341675821 10.559336387785882
1.799999999999999 44.608858484758564 10.580966975558308
1.8999999999999988 44.71957806901119 10.318037518116526
1.9999999999999987 44.31767442200401 10.402069227758403
2.0999999999999988 44.63877774875568 10.78699599069262
2.199999999999999 45.01413897876958 10.003953717029002
2.299999999999999 44.4513579592874 9.75959106706412
2.399999999999999 44.235927968404 10.4086852078354
2.499999999999999 44.738983313906836 10.136568584915441
2.599999999999999 43.95951274858498 10.33037023362266
2.6999999999999993 44.701078300918255 10.441734097449974
2.7999999999999994 44.654061991621504 10.070556585527559
2.8999999999999995 44.485058674450045 10.417148570351296
2.9999999999999996 44.22137719663576 10.27739116893644
3.0999999999999996 44.336247855204945 9.700077013182513
3.1999999999999997 44.115568091544674 10.437078932296417
3.3 44.948877987025895 10.064173030934686
3.4 44.5713995325404 10.00963291637128
3.5 44.45092029054479 10.382631136965243
3.6 44.05909652770778 10.201042145696322
3.7 43.6726498870487 10.32412133149489
3.8000000000000003 44.25018770269227 10.261616060578932
3.9000000000000004 44.447875930245814 10.135285616214132
4.0 43.90167755863248 9.881181814853628
