# Rounds: 10, repetitions: 1000
# Good arm ~ N(5.0,0.0), 4 bad arm(s) ~ N(0.3,0.0)
# Observation noise range from 0.5 to 4.0 with step size 0.1

# Observation noise | mean | standard deviation

0.5 39.833100000000016 5.3933145868039585
0.6 39.447700000000005 5.368757609379281
0.7 39.1939 5.554413046784899
0.7999999999999999 39.08580000000005 5.652618017383674
0.8999999999999999 38.921300000000016 6.058116628712846
0.9999999999999999 37.86380000000006 6.250209170473811
1.0999999999999999 38.05650000000003 6.0676283557798625
1.1999999999999997 37.21050000000003 6.455722740801849
1.2999999999999996 36.86269999999997 6.714851296785224
1.3999999999999995 36.26109999999997 7.051695058153961
1.4999999999999993 35.53259999999994 7.199108584012627
1.5999999999999992 34.98269999999996 7.302918822863449
1.699999999999999 34.005100000000006 7.69938988456847
1.799999999999999 33.135600000000046 8.15948956184821
1.8999999999999988 32.73610000000004 7.927098187588908
1.9999999999999987 31.885400000000025 8.323662066073473
2.0999999999999988 30.625799999999995 8.879111046325141
2.199999999999999 30.22160000000002 8.799827862544234
2.299999999999999 29.02310000000001 9.017329350679127
2.399999999999999 27.960900000000002 9.156906143459155
2.499999999999999 26.781200000000005 9.127874048465236
2.599999999999999 26.20310000000001 9.174854677233247
2.6999999999999993 25.328899999999976 9.323271860682192
2.7999999999999994 24.652099999999997 9.253185236826663
2.8999999999999995 24.628599999999988 9.381817549949501
2.9999999999999996 23.322000000000045 9.016261363168681
3.0999999999999996 22.612299999999976 9.00732872058526
3.1999999999999997 22.081200000000027 9.089031689737766
3.3 21.33390000000001 8.91270088284282
3.4 20.896800000000013 9.130877432245084
3.5 20.779300000000028 8.80488088718058
3.6 19.702999999999996 8.734104165601357
3.7 19.402199999999986 8.420392994283457
3.8000000000000003 18.83820000000001 7.966794246782725
3.9000000000000004 18.9369 8.196228800891147
4.0 18.60319999999999 8.391378014663898
