# Rounds: 10, repetitions: 1000
# Good arm ~ N(5.0,2.0), 4 bad arm(s) ~ N(0.4,2.0)
# Observation noise range from 0.5 to 4.0 with step size 0.1

# Observation noise | mean | standard deviation

0.5 36.141263890302284 11.745373401782569
0.6 35.59203669430887 11.911322863629568
0.7 35.88599308299926 11.669721417102332
0.7999999999999999 34.85796992114504 11.824244267306636
0.8999999999999999 35.04943049985863 11.926737524283542
0.9999999999999999 34.39768478455165 11.549664970945143
1.0999999999999999 34.29791335874483 12.020718610530428
1.1999999999999997 34.35555563838825 11.928135994342162
1.2999999999999996 33.12087643296371 12.094060286553601
1.3999999999999995 31.675783416154957 12.142490650738617
1.4999999999999993 32.21698685248449 11.970317121094777
1.5999999999999992 32.75281418218248 12.393722040874978
1.699999999999999 30.978971989180824 12.325467694720839
1.799999999999999 30.436693668433072 12.252145169919272
1.8999999999999988 29.244907424511933 12.24010798360566
1.9999999999999987 29.177151733153057 12.583244567118875
2.0999999999999988 28.986736531443263 12.327638256940988
2.199999999999999 28.052253518599414 12.919230468324203
2.299999999999999 27.69756509067154 13.128078986073264
2.399999999999999 26.688029310181033 12.718447914582072
2.499999999999999 25.567665843009035 12.56481303343778
2.599999999999999 25.4184973564396 12.414895555299653
2.6999999999999993 24.681549746209942 11.77788787712283
2.7999999999999994 24.58383902724844 12.238833544572802
2.8999999999999995 23.461372520235663 11.999063655906275
2.9999999999999996 23.09162869090246 11.9900752734087
3.0999999999999996 22.224995278067222 11.334527333039782
3.1999999999999997 21.797456044155158 11.784265089069763
3.3 21.411228898922143 12.200895586356268
3.4 21.244991996249652 11.6480627492524
3.5 20.428623873577738 11.36040873757933
3.6 20.333423717239334 11.299901116784158
3.7 19.806636177344288 11.41695043753339
3.8000000000000003 19.574624842985784 10.913574949159017
3.9000000000000004 19.70018126794984 11.145049886632261
4.0 18.704417161382835 11.192895117763918
