# Rounds: 10, repetitions: 1000
# Good arm ~ N(5.0,3.0), 4 bad arm(s) ~ N(2.9,3.0)
# Observation noise range from 0.5 to 4.0 with step size 0.1

# Observation noise | mean | standard deviation

0.5 39.780384292049625 12.551822002534825
0.6 39.6073360499695 11.981735534157025
0.7 38.767525957385736 11.997842750827758
0.7999999999999999 39.0922617730963 11.714230086228303
0.8999999999999999 39.567880712769174 11.909668152594378
0.9999999999999999 39.12465268330983 12.166163946418951
1.0999999999999999 39.0382162672566 11.336346207606628
1.1999999999999997 39.16580414664145 11.738468440967452
1.2999999999999996 39.135159621482536 11.676967995993715
1.3999999999999995 39.29514310663549 11.927825675062428
1.4999999999999993 39.334619991833094 11.803188633149157
1.5999999999999992 38.60378560271076 11.099029564605436
1.699999999999999 38.58891600683422 11.127166832115641
1.799999999999999 38.765775495382684 11.658421243698093
1.8999999999999988 38.34260087381311 11.43091766989594
1.9999999999999987 38.36291322235826 11.326516205574448
2.0999999999999988 37.95480953466131 11.196903286429368
2.199999999999999 38.44348084090378 11.780274366842281
2.299999999999999 38.54859122928583 11.322813726644657
2.399999999999999 38.12316251585672 11.33631357771342
2.499999999999999 37.424421950409354 11.010092152894284
2.599999999999999 37.572528826577745 11.0522200855683
2.6999999999999993 37.546239262189864 11.233147809687376
2.7999999999999994 38.410283166586154 10.940027382396865
2.8999999999999995 37.86544186154611 11.190581521138068
2.9999999999999996 37.91870104918504 10.930385141975398
3.0999999999999996 37.80264693384277 10.913848948136655
3.1999999999999997 37.20232743321125 10.922609342366995
3.3 37.50489560949674 10.895814994005253
3.4 37.162205933020395 10.898290788954306
3.5 37.87528140801726 11.170299936743987
3.6 36.68503403590108 10.842130003919747
3.7 37.41385104268098 10.711178734102402
3.8000000000000003 36.685079975929895 10.819854413928981
3.9000000000000004 36.52199214261245 10.936972225130772
4.0 36.699790823106774 10.6518054701965
