# Rounds: 10, repetitions: 1000
# Good arm ~ N(5.0,2.0), 4 bad arm(s) ~ N(2.8,2.0)
# Observation noise range from 0.5 to 4.0 with step size 0.1

# Observation noise | mean | standard deviation

0.5 40.331216134034634 9.389346771208954
0.6 40.29373865877596 9.63048302790583
0.7 40.874176200072256 9.48910833094376
0.7999999999999999 40.512625336239125 9.865396975331887
0.8999999999999999 40.03464336671645 9.687671007101402
0.9999999999999999 40.11238085033725 9.288014286036725
1.0999999999999999 39.94271982758265 9.367599319824619
1.1999999999999997 40.22797914073896 9.30166918260573
1.2999999999999996 39.46787382312332 8.90763819149605
1.3999999999999995 38.90774882808113 8.875101213811105
1.4999999999999993 39.57018548452163 8.958840189710173
1.5999999999999992 39.20757087464609 8.974077919351023
1.699999999999999 38.825480347948464 9.191840881039475
1.799999999999999 38.84035298881794 8.998578573971614
1.8999999999999988 38.6423686738019 9.378364546882759
1.9999999999999987 37.859008451925064 8.968626029057436
2.0999999999999988 38.04609530743469 8.923371602397626
2.199999999999999 37.824650807044236 8.609657628963209
2.299999999999999 37.687906541350586 8.381155782320544
2.399999999999999 37.74638749812748 8.57016429779883
2.499999999999999 37.84039302053994 8.662399928957464
2.599999999999999 37.14857237033834 8.464993926506683
2.6999999999999993 37.214269207801664 8.253954671524074
2.7999999999999994 36.955977484206585 8.118389875174184
2.8999999999999995 37.6627836527672 8.334535768646882
2.9999999999999996 36.23977867349292 8.210134609998782
3.0999999999999996 36.92627999943287 8.087276056786445
3.1999999999999997 36.57771199072464 7.943907262556844
3.3 36.66963300566196 7.949359053975837
3.4 36.542677021641 7.864898454136937
3.5 36.19385782947134 7.898539408742932
3.6 36.29789038171468 7.743080863479504
3.7 36.26737051628334 7.505671255305431
3.8000000000000003 35.83979679596913 7.788216416154951
3.9000000000000004 36.00047102575242 7.914196543820137
4.0 35.85958519213848 7.597080749729594
