# Rounds: 10, repetitions: 1000
# Good arm ~ N(5.0,0.0), 4 bad arm(s) ~ N(3.7,0.0)
# Observation noise range from 0.5 to 4.0 with step size 0.1

# Observation noise | mean | standard deviation

0.5 47.68620000000004 4.241421839338687
0.6 47.3416999999999 4.148059486977918
0.7 47.123300000000036 4.112096356658773
0.7999999999999999 46.613699999999966 4.056194648315696
0.8999999999999999 46.42910000000003 3.9590551028379557
0.9999999999999999 46.18470000000003 3.858142191673495
1.0999999999999999 45.66990000000005 3.770018173301966
1.1999999999999997 45.67770000000001 3.5803955007711123
1.2999999999999996 45.565900000000056 3.6304114198086554
1.3999999999999995 45.25389999999999 3.519453273072577
1.4999999999999993 45.12389999999999 3.437408117254118
1.5999999999999992 45.039400000000036 3.2975417239849127
1.699999999999999 44.76640000000003 3.271754180163219
1.799999999999999 44.59870000000002 3.1579298331075707
1.8999999999999988 44.59870000000004 3.1856642583245853
1.9999999999999987 44.38160000000003 2.998211251848447
2.0999999999999988 44.27759999999996 2.9293513512959386
2.199999999999999 44.3192 2.9416976297615762
2.299999999999999 44.15150000000001 2.7400155903635692
2.399999999999999 44.20219999999997 2.846720741305524
2.499999999999999 44.014999999999986 2.6672850259035776
2.599999999999999 43.86939999999999 2.511352331022175
2.6999999999999993 43.9357 2.5487038669491247
2.7999999999999994 43.89929999999999 2.5661010082193534
2.8999999999999995 43.779700000000034 2.445374770412037
2.9999999999999996 43.7797 2.4715230802758756
3.0999999999999996 43.6718 2.4025813528696798
3.1999999999999997 43.54699999999998 2.2692157985392893
3.3 43.574299999999965 2.3027314394175704
3.4 43.4976 2.3204479564770932
3.5 43.45730000000004 2.2295285392897553
3.6 43.511899999999976 2.198996128685538
3.7 43.50799999999998 2.2005222785280463
3.8000000000000003 43.536599999999936 2.2221247215847866
3.9000000000000004 43.336399999999934 2.0985325536857613
4.0 43.35850000000006 2.0675740887843825
