# Rounds: 10, repetitions: 1000
# Good arm ~ N(5.0,5.0), 4 bad arm(s) ~ N(0.3,5.0)
# Observation noise range from 0.5 to 4.0 with step size 0.1

# Observation noise | mean | standard deviation

0.5 24.866544476821048 22.431845779308457
0.6 24.54507862624649 23.023294378400283
0.7 25.537175538683723 22.575867975250127
0.7999999999999999 24.195701783697398 21.913756912325006
0.8999999999999999 24.707805103745677 22.129946379770434
0.9999999999999999 23.914108230627686 22.647202145735474
1.0999999999999999 24.880882974791902 22.33309348251469
1.1999999999999997 24.56039096923839 22.38295025120225
1.2999999999999996 24.952004052384794 22.4662583160915
1.3999999999999995 23.20270075692529 22.47619013508065
1.4999999999999993 23.98885796033582 21.80464992427733
1.5999999999999992 23.440495917377078 20.719802116222148
1.699999999999999 23.20788743087178 21.751741519124103
1.799999999999999 22.350077291841497 21.125448095514216
1.8999999999999988 23.085487151969527 21.920022134860247
1.9999999999999987 23.215372037848653 22.11753118996299
2.0999999999999988 21.62789304979093 21.22917316714225
2.199999999999999 22.729268616140768 21.764424312771396
2.299999999999999 21.40664880691808 21.704202693192176
2.399999999999999 22.872354746194638 21.2783725445108
2.499999999999999 21.967299544548197 21.550033198450805
2.599999999999999 21.43324874292275 20.643266556320828
2.6999999999999993 21.255081000212982 21.255184861907114
2.7999999999999994 21.26140486253911 21.155092387931287
2.8999999999999995 21.297923354930962 20.650443342813034
2.9999999999999996 19.697018160329907 21.171984894689487
3.0999999999999996 20.213370240651244 20.42929278441572
3.1999999999999997 19.880255760163674 21.002902457960136
3.3 19.873485441581753 20.533529063648054
3.4 20.122061467144388 19.95468163197912
3.5 19.685790769914426 19.641320413461603
3.6 17.505093403308635 19.86460261126624
3.7 18.89138546506087 20.504756343463967
3.8000000000000003 18.002885167672186 20.03019354518979
3.9000000000000004 18.90042198637129 19.48523278517117
4.0 17.046789600868934 19.340175143217003
