# Rounds: 10, repetitions: 1000
# Good arm ~ N(5.0,2.0), 4 bad arm(s) ~ N(4.9,2.0)
# Observation noise range from 0.5 to 4.0 with step size 0.1

# Observation noise | mean | standard deviation

0.5 54.03532755442137 6.687627322278386
0.6 54.05609371277145 6.709140061382835
0.7 54.073846434956224 6.692746180434569
0.7999999999999999 53.94098981435264 6.704891338350782
0.8999999999999999 53.75794745733935 6.629219752169051
0.9999999999999999 54.49567598170979 6.509842493602585
1.0999999999999999 54.064664008938834 6.6393461331347625
1.1999999999999997 54.335077636694926 6.529617095924561
1.2999999999999996 54.13463120486356 6.959797529140492
1.3999999999999995 53.91892450035819 6.6290862910403545
1.4999999999999993 53.86496242974363 6.637278491667073
1.5999999999999992 53.98345514971731 6.630588273705594
1.699999999999999 54.50134232425045 6.4763397462441175
1.799999999999999 53.709099584903214 6.712770919403994
1.8999999999999988 54.28390141527423 6.514646427717506
1.9999999999999987 54.19262464498255 6.720947698307959
2.0999999999999988 54.22403067395361 6.647139123202026
2.199999999999999 54.09720823872642 6.656347787997612
2.299999999999999 54.01646826874191 6.478431712763584
2.399999999999999 53.98906837807488 6.768071669822077
2.499999999999999 54.27876819060341 6.858709490935981
2.599999999999999 54.1960478490783 6.347222406483177
2.6999999999999993 54.12753238649286 6.551881618980307
2.7999999999999994 54.03526927023149 6.650313083290955
2.8999999999999995 54.251374196988564 6.675199840743469
2.9999999999999996 54.26332473074948 6.5838023863666395
3.0999999999999996 54.03473582494024 6.5993007855276975
3.1999999999999997 53.851139794273564 6.524851389821566
3.3 53.96577001881886 6.565617861870283
3.4 54.616447945790505 6.663606750493172
3.5 54.1172987676286 6.596492410923011
3.6 54.10439080012282 6.617615118192101
3.7 54.07834061903777 6.368943268584727
3.8000000000000003 54.20386599833908 6.76736960438375
3.9000000000000004 54.22820958978988 6.9544766441122245
4.0 54.051604309302824 6.432108352919556
