# Rounds: 10, repetitions: 1000
# Good arm ~ N(5.0,4.0), 4 bad arm(s) ~ N(3.1,4.0)
# Observation noise range from 0.5 to 4.0 with step size 0.1

# Observation noise | mean | standard deviation

0.5 41.0739172076576 13.527616671551291
0.6 39.94440901376438 14.9268878228999
0.7 40.48808279532172 14.198161677739128
0.7999999999999999 40.332404688613764 14.778552895500022
0.8999999999999999 40.06609644602914 14.439637099059464
0.9999999999999999 40.28714507536376 14.26576700320296
1.0999999999999999 39.200439532632025 14.262421236564949
1.1999999999999997 39.572049207867906 14.27341140809133
1.2999999999999996 40.563663656879925 14.278531822761346
1.3999999999999995 39.949459201134836 14.366535627373064
1.4999999999999993 39.313806614123635 14.00669402250485
1.5999999999999992 39.50093188897021 14.509153521574131
1.699999999999999 39.19071762259184 13.5908424464737
1.799999999999999 40.15774463629364 14.727071796385898
1.8999999999999988 39.96278857544827 14.586905861045867
1.9999999999999987 40.22946553295882 14.527870386149102
2.0999999999999988 39.896579188190785 13.984589846540853
2.199999999999999 39.103340498281355 14.096321945341423
2.299999999999999 38.65116186252799 14.379084358626505
2.399999999999999 39.17199267961921 14.357824350266297
2.499999999999999 39.506364895181335 14.139277362211894
2.599999999999999 38.736216148508255 13.994123539828589
2.6999999999999993 38.89190744338959 13.962139459358799
2.7999999999999994 38.81336307298345 14.399258386753496
2.8999999999999995 39.941017051895365 13.9051325815531
2.9999999999999996 39.52916555635957 13.750837288292827
3.0999999999999996 38.72549069757541 14.036240627317904
3.1999999999999997 39.16676468028984 13.72344642088784
3.3 37.845377657067964 13.58950522037323
3.4 38.89403376763844 14.041646825658946
3.5 38.60314593361106 14.05135976251213
3.6 37.820653269850645 13.212395430697047
3.7 38.51318558332548 13.740643717957164
3.8000000000000003 38.49822170790499 13.105275577791506
3.9000000000000004 37.897917604654836 13.719241885321793
4.0 39.265379332497616 14.034450854446076
