# Observation noise, mean, std-dev of cumulative reward over 10.0 rounds. (1000 repetitions) 
# 10 bandits with mean 3.5 and std 3.0
# target ratio 0.4
0.01 28.0090494332 6.71474465463
0.11 28.1072602248 6.52512270879
0.21 27.42654157 6.85601782751
0.31 27.5089597352 6.5562040521
0.41 26.9906112526 6.82271288236
0.51 26.5780740351 6.61706368969
0.61 26.9093581049 5.95487216563
0.71 26.3338844079 5.85192405847
0.81 25.8404965204 5.8850521803
0.91 25.3880546046 5.57678212638
1.01 24.5537610716 5.58759492496
1.11 24.2321319659 5.5465699532
1.21 23.7364455231 5.19492697919
1.31 23.3699812877 5.14574323988
1.41 22.5345103748 5.01724637362
1.51 22.2311559605 5.09534139404
1.61 22.008053544 4.97666331479
1.71 21.5986025775 4.9858770258
1.81 21.7487477511 4.79479837034
1.91 21.3390775857 4.71324939009
2.01 21.425631655 4.816585988
2.11 21.0306579006 4.79830982182
2.21 20.911068138 4.82837322585
2.31 20.7716335786 4.75432433307
2.41 20.5978129107 4.75051228882
2.51 20.4800501311 4.6539719786
2.61 20.4159419668 4.85771416128
2.71 20.2902068092 4.74539422369
2.81 20.1936725581 4.74533500721
2.91 20.0434675404 4.57194965151
3.01 20.0730669991 4.73892808374
3.11 19.9027534329 4.64239951417
3.21 20.0566632654 4.61526327717
3.31 19.7985929721 4.66154440907
3.41 19.7537778338 4.74387725957
3.51 19.8038809101 4.77735148661
3.61 19.9342993175 4.68009171771
3.71 19.6600310266 4.68025167127
3.81 19.9157941488 4.64484073774
3.91 19.868705476 4.48124695445
4.01 19.7989106012 4.78493915891
4.11 19.6729120858 4.79209796103
4.21 19.4756919567 4.63129650759
4.31 19.4903762885 4.55215541229
4.41 19.3521099981 4.65655896008
4.51 19.4146242337 4.6535602073
4.61 19.3568438481 4.58708464623
4.71 19.5342854679 4.5239227031
4.81 19.4325100252 4.68559977912
4.91 19.4398078743 4.73579557696