# Observation noise, mean, std-dev of cumulative reward over 10.0 rounds. (1000 repetitions) 
# 4 bandits with mean 3.5 and std 3.0
# target ratio 0.4
0.01 15.4128414672 6.42342556515
0.11 15.2044988749 6.40825201019
0.21 14.83390586 6.46983339939
0.31 15.7807852174 6.28898742128
0.41 15.2495285022 6.22270807275
0.51 15.3147623596 6.07756131242
0.61 14.9977493783 6.15989090901
0.71 14.8128115829 5.91177518994
0.81 14.8288876638 5.70830503231
0.91 14.789909265 5.46210182915
1.01 14.8820920745 5.57002332581
1.11 14.2733908251 5.4337068236
1.21 14.3425235957 5.2629992302
1.31 13.9910853065 5.52507489189
1.41 13.9480997469 5.20000693037
1.51 14.0673123738 5.3197854231
1.61 13.6958998554 5.160224684
1.71 13.5921390451 5.26711156292
1.81 13.3374306504 5.05736983321
1.91 13.4669821498 5.0539726626
2.01 13.0374386166 4.86227661328
2.11 13.1566446167 5.15299648894
2.21 12.9710732906 4.88045858367
2.31 12.8480232024 4.96633596032
2.41 12.993890549 4.83617008435
2.51 12.9623449049 4.90193390684
2.61 12.7688806803 4.93013770545
2.71 12.6054160118 4.62366007363
2.81 12.9058591804 4.96514667694
2.91 12.8840315453 4.93366471208
3.01 12.6990546753 4.9276559436
3.11 12.6700950453 4.77008550945
3.21 12.9117300498 4.84833980312
3.31 12.3548611196 5.01582611184
3.41 12.6991705891 4.91117398387
3.51 12.7465646173 5.00515683201
3.61 12.7279143276 4.79575996613
3.71 12.35315594 5.01992876626
3.81 12.5744761532 4.83102951438
3.91 12.6203716505 4.76149690674
4.01 12.5692631649 4.65284898232
4.11 12.4322018313 4.84576802084
4.21 12.4694727128 4.77339394561
4.31 12.3351720387 5.03508578499
4.41 12.3394808148 4.98347321224
4.51 12.1675222511 4.7433528642
4.61 12.3489769344 4.77028227898
4.71 12.4723182859 4.91522063075
4.81 12.475702145 4.70283891214
4.91 12.4142888681 4.81433782501