# Observation noise, mean, std-dev of cumulative reward over 10.0 rounds. (1000 repetitions) 
# 10 bandits with mean 3.5 and std 3.0
# target ratio 0.3
0.01 23.8445816334 9.37462137623
0.11 24.7214403991 8.66036635451
0.21 24.7333179371 8.69318424871
0.31 25.1124236234 8.71655919128
0.41 25.1529285202 8.27169192538
0.51 25.027104007 8.39541269009
0.61 24.8360098869 7.83613367067
0.71 24.520721303 7.64417611146
0.81 24.3217297164 7.58411107204
0.91 24.1601852705 7.25344247218
1.01 23.3343982885 7.22995505193
1.11 22.2503296981 7.30433575044
1.21 22.0835834738 6.9967943118
1.31 21.138364798 6.51066616005
1.41 20.6353417738 6.26371036721
1.51 20.3704840502 6.11336369088
1.61 19.8972384591 6.08965644326
1.71 18.8651922945 5.94409855251
1.81 18.8337361847 5.72244250858
1.91 18.5792217297 5.57269170418
2.01 17.8775202074 5.79497140748
2.11 17.8329523396 5.51404114124
2.21 17.8623261306 5.23980254734
2.31 17.1786011788 5.16110033103
2.41 17.1005693794 5.04669954015
2.51 16.8400879353 5.13808706659
2.61 16.7721439696 5.17853078323
2.71 16.7103693701 5.12479536113
2.81 16.3036336148 5.2894256143
2.91 16.4243196865 5.06747207335
3.01 16.1809725229 5.02913734301
3.11 16.0927085055 4.98927799121
3.21 16.0772194887 5.02083023304
3.31 15.9876861696 4.64059051927
3.41 15.5365465482 4.84212842405
3.51 15.5102410972 4.77051805085
3.61 15.3972152049 4.60984284466
3.71 15.3677289225 4.66797925225
3.81 15.2221755419 4.86910579353
3.91 15.0921997314 4.47011778337
4.01 15.020090549 4.73092703016
4.11 15.1059696724 4.62063777168
4.21 14.8557348765 4.52074344413
4.31 14.6627098265 4.46903149186
4.41 14.9895862224 4.76156612809
4.51 14.6329720703 4.67364683507
4.61 14.5367104459 4.67273177356
4.71 14.4205762591 4.74417030035
4.81 14.4190786482 4.5035353328
4.91 14.2818714291 4.61928526297