# Observation noise, mean, std-dev of cumulative reward over 10.0 rounds. (1000 repetitions) 
# 10 bandits with mean 3.5 and std 3.0
# target ratio 0.2
0.01 15.7799299974 10.8105403025
0.11 16.1197417911 10.5125141515
0.21 17.3400851056 9.6884997428
0.31 18.4796508436 9.50195264322
0.41 19.0140094418 9.19749166336
0.51 18.8962022 9.12914133465
0.61 18.6531884502 9.53987938402
0.71 17.8076256265 9.6576007033
0.81 18.3296213596 9.70368932496
0.91 17.4460459502 9.54264306339
1.01 16.2410401505 9.29300383129
1.11 16.1325042584 8.80573416907
1.21 14.6525817774 8.69792237711
1.31 14.3822956719 8.43767939957
1.41 13.6002421385 7.74636185335
1.51 12.9892959984 7.71556939261
1.61 12.2822198516 7.16270845207
1.71 12.0456405431 6.89794545109
1.81 11.5380560206 6.56536732511
1.91 11.486539545 6.51012040803
2.01 11.137091194 6.29627346985
2.11 10.8095708598 5.68232929022
2.21 10.3377902985 5.95831818269
2.31 10.0785507281 5.6491515759
2.41 9.82590220699 5.52766279874
2.51 9.5448731606 5.35869071139
2.61 9.3781230189 5.31380573418
2.71 9.20293622601 5.04895307531
2.81 9.03126497243 5.13193591344
2.91 9.28017304693 5.30111533687
3.01 9.02102668777 4.89815685487
3.11 8.61347674557 4.76561759904
3.21 8.4318827735 4.68759020383
3.31 8.57209727535 4.55950609974
3.41 8.07936114776 4.55053585316
3.51 8.50655678518 4.66549679527
3.61 8.12600752425 4.38491101968
3.71 8.13237208068 4.42771219742
3.81 7.91452756828 4.41994371571
3.91 7.80264948915 4.12788730802
4.01 7.90222518489 4.31823026792
4.11 7.77198847364 4.08473558784
4.21 7.95645252305 4.11979936501
4.31 7.50523178551 4.00499132055
4.41 7.63101310996 3.89129348157
4.51 7.55241063236 3.98215551225
4.61 7.64848712771 3.95507273117
4.71 7.48189282403 3.98288538428
4.81 7.3403998811 3.99294824487
4.91 7.50130150991 3.86979454416