# Observation noise, mean, std-dev of cumulative reward over 10.0 rounds. (1000 repetitions) 
# 4 bandits with mean 3.5 and std 3.0
# target ratio 0.3
0.01 23.7405161451 9.92433352865
0.11 23.5972706798 9.5555806898
0.21 24.8681555377 8.35110570669
0.31 25.0087970108 7.70119870113
0.41 24.8314750994 7.67809848719
0.51 25.0089291401 7.47839928655
0.61 24.7935069696 7.34742803336
0.71 24.1636077943 7.52048733007
0.81 23.2933752728 8.03127593606
0.91 22.301046656 8.29468065039
1.01 21.6373913839 8.09021968276
1.11 20.7510642949 8.21264312446
1.21 19.7121995143 8.34063743706
1.31 19.0180460369 7.65225492875
1.41 17.9959192692 7.75156270454
1.51 17.1847798213 7.5649743811
1.61 16.5886773977 6.96978304297
1.71 15.9318486681 6.704830561
1.81 15.5265501272 6.47695294128
1.91 15.263724122 6.37662340268
2.01 14.778142995 6.15791255427
2.11 14.3736755831 5.95150391618
2.21 14.1375198511 5.80248436375
2.31 14.0440443595 5.71866477541
2.41 13.4601186332 5.63016295003
2.51 13.7883147733 5.43641432577
2.61 13.5420716679 5.64424328298
2.71 13.2876246289 5.37052894826
2.81 12.8841955463 5.44181619104
2.91 13.0887003583 5.35877268088
3.01 12.9619260419 5.57206526238
3.11 12.8693542643 4.911543816
3.21 12.8627449824 5.30082749452
3.31 12.6288601306 5.10523029713
3.41 12.8560079378 5.11753004748
3.51 12.6334699684 4.92123848034
3.61 12.8619797731 5.16021762668
3.71 12.765945716 5.0168702474
3.81 12.551277133 5.12541115361
3.91 12.3027942647 5.01912251799
4.01 12.4925822773 4.9008371966
4.11 12.772580891 4.94285212142
4.21 12.2471661513 4.80526515197
4.31 12.2289350784 4.82644933332
4.41 12.2194744774 5.00227361544
4.51 12.1134969533 4.96026024275
4.61 12.1077078023 4.98190042208
4.71 12.3427116038 4.84610958116
4.81 12.1775481765 4.84549128727
4.91 12.3775923533 4.97833605534