# Observation noise, mean, std-dev of cumulative reward over 50.0 rounds. (1000 repetitions) 
# 2 bandits with mean 3.5 and std 3.0
# target ratio 0.2
0.01 10.3682486408 19.8888855492
0.11 9.31254526793 19.289182237
0.21 10.6698777357 19.792573384
0.31 8.71625904095 19.7556168965
0.41 9.39290789266 19.1427024571
0.51 9.34558073965 19.3541181451
0.61 10.4630353896 19.3399764454
0.71 9.89039347444 19.3892503131
0.81 10.2263055231 19.4772249013
0.91 10.2916353775 19.2395190543
1.01 9.73218707673 19.4923538084
1.11 9.62098634211 19.0138349758
1.21 10.2749102422 18.7663139665
1.31 9.76276446437 19.1265971178
1.41 9.95718884181 18.8857022807
1.51 9.16654133864 18.2656691979
1.61 10.2909760501 19.0693720677
1.71 10.8475820149 17.748329571
1.81 9.23194991692 19.0596170963
1.91 8.65171068662 17.2819721895
2.01 10.1799391162 17.8281644237
2.11 11.2574076377 18.0579810445
2.21 9.41132743145 18.5657682983
2.31 9.56785342508 18.2545780801
2.41 9.39761362691 17.1758581027
2.51 9.80327130604 17.0670962665
2.61 10.2010312031 17.9192093673
2.71 9.45144608802 17.4333418556
2.81 9.81736935317 17.5152058561
2.91 9.04738371673 17.5622638977
3.01 9.5370092672 17.5648548962
3.11 9.46928063166 17.6278673349
3.21 8.73102925837 17.4919840289
3.31 9.43357292091 16.9097174133
3.41 9.84726491073 17.3259479913
3.51 10.166595575 16.1103398919
3.61 9.42573818082 16.6196404232
3.71 9.67846726158 16.9179538299
3.81 10.1965884272 16.2271457755
3.91 8.30376334469 17.0767933526
4.01 8.55781978 17.3560346767
4.11 8.40346707383 16.6522085973
4.21 8.85029216888 17.0911110359
4.31 8.77435987037 16.8296355314
4.41 7.78736995149 17.4029108035
4.51 9.23109831496 16.579386475
4.61 9.14675100397 16.4960246048
4.71 9.23714552211 16.9732914337
4.81 8.92757670632 16.4843489286
4.91 8.28523407729 16.9321280714