# Observation noise, mean, std-dev of cumulative reward over 10.0 rounds. (1000 repetitions) 
# 2 bandits with mean 3.5 and std 3.0
# target ratio 0.3
0.01 3.08670563867 4.4086733077
0.11 3.05542897721 4.33134333623
0.21 2.84949223036 4.442525783
0.31 3.143322286 4.32234236942
0.41 3.09752912094 4.42918718151
0.51 3.26705082584 4.42332998729
0.61 2.89921839343 4.26621998872
0.71 2.96322150346 4.4169795267
0.81 3.18253195769 4.24355101094
0.91 3.1460147974 3.9675538234
1.01 2.93624282477 4.17089418414
1.11 3.0334117212 4.29544367495
1.21 2.89106564736 4.20837338535
1.31 2.90897773462 4.03448438896
1.41 2.73367219383 4.17208816876
1.51 2.83857778634 3.98810554176
1.61 2.8642982429 4.12571739991
1.71 2.9535697716 4.10380362503
1.81 3.014759731 4.05264584738
1.91 2.691505542 4.30017940765
2.01 3.15872563953 3.96113389238
2.11 2.89001921304 4.15243977713
2.21 2.88806993828 4.08407628535
2.31 2.90740756157 4.15847656254
2.41 2.66514560655 4.18570864337
2.51 2.94420130173 4.14577803414
2.61 2.56355751199 4.06962651045
2.71 2.86202659648 4.28967133138
2.81 2.8860992745 4.20604830227
2.91 2.84159410079 4.07269070098
3.01 2.81770874247 4.17028252354
3.11 2.72349300179 3.9614416855
3.21 2.83052808369 4.12344338791
3.31 2.78857943725 4.13932229516
3.41 2.7037806315 4.0109431543
3.51 2.61313607777 4.06087334411
3.61 2.71380266367 3.9619476399
3.71 2.79377652953 3.96374743485
3.81 2.80377251503 4.00478525012
3.91 2.83531201465 4.16951413155
4.01 3.01418046639 4.13427776102
4.11 2.96919129977 4.22704624637
4.21 2.49831911589 4.10341922667
4.31 2.78236988366 4.28905179866
4.41 2.76150511799 4.04864041806
4.51 2.83965501484 4.06665672393
4.61 2.72891138016 4.08718166234
4.71 2.88798438367 3.99051487259
4.81 2.711489279 4.22529863798
4.91 2.63511302841 4.20115964541