# Observation noise, mean, std-dev of cumulative reward over 10.0 rounds. (1000 repetitions) 
# 4 bandits with mean 3.5 and std 3.0
# target ratio 0.4
0.01 15.3831112281 6.76549844672
0.11 15.153098672 6.75680233653
0.21 14.880335605 6.80946488516
0.31 15.0761115499 6.79460343441
0.41 15.0188786429 6.55789111493
0.51 14.7227243296 6.61582221942
0.61 15.145329354 6.26730968769
0.71 14.6494969975 6.30167831352
0.81 14.6889540949 6.02639177105
0.91 14.986404073 5.70657838754
1.01 14.5767580754 6.12427780276
1.11 14.4029555591 5.88686347036
1.21 14.2466526817 5.68880961977
1.31 14.0716684107 5.61857903794
1.41 13.8897539653 5.51510457391
1.51 13.8805091994 5.42874379729
1.61 13.9498131805 5.37668532714
1.71 13.7845689726 5.31415079773
1.81 13.6023169253 5.4123245314
1.91 13.3890397402 5.33606090676
2.01 13.2465266731 5.2428508883
2.11 13.1239463664 5.46163322515
2.21 12.8714750005 5.18890808394
2.31 13.28807388 5.28613641602
2.41 12.7794219167 5.48132270059
2.51 12.8819545678 5.11759271935
2.61 12.8942308056 5.18179785782
2.71 12.6065900182 5.36565257417
2.81 12.7270042017 4.98720034573
2.91 12.6830499484 5.12639620955
3.01 12.6219358329 5.21688086015
3.11 12.7148093976 5.0735608367
3.21 12.35996782 5.36207497428
3.31 12.6172419449 5.41109681904
3.41 12.7473213348 5.11950709244
3.51 12.4827959694 5.15601032837
3.61 12.3390395575 5.0508634415
3.71 12.3272711557 5.20569792919
3.81 12.7805300865 5.13390195951
3.91 12.7410443656 5.10792095303
4.01 12.6397044902 5.16651211601
4.11 12.4486369057 5.14451348026
4.21 12.6693835208 4.96952966978
4.31 12.8399906991 4.96304525006
4.41 12.3997763587 5.13265658269
4.51 12.6756591869 5.04251509979
4.61 12.4680412659 5.12123674657
4.71 12.4737777042 4.91347464711
4.81 12.426147976 5.22941160262
4.91 12.4340698137 4.91056353256