# Observation noise, mean, std-dev of cumulative reward over 10.0 rounds. (1000 repetitions) 
# 2 bandits with mean 3.5 and std 3.0
# target ratio 0.2
0.01 1.84299746553 3.6187802542
0.11 2.02076314122 3.74874740423
0.21 1.79513633598 3.64344056287
0.31 2.07809728218 3.77819128494
0.41 1.76372318563 3.61280518712
0.51 1.91811440719 3.84244458736
0.61 1.88227249142 3.72285973799
0.71 1.96583534098 3.70536587194
0.81 2.00683554606 3.55527320356
0.91 1.90061469996 3.76738130255
1.01 1.91125345615 3.62139567814
1.11 2.08469322544 3.51114831766
1.21 1.90976812907 3.65910114497
1.31 1.78425603114 3.57670353953
1.41 2.00104809515 3.70723846447
1.51 1.79971979606 3.5620644357
1.61 1.84133162577 3.51928645139
1.71 1.74861620357 3.43974093704
1.81 1.56021834814 3.44461814419
1.91 1.85072637735 3.46429224717
2.01 1.70076119447 3.57621104555
2.11 1.89379977314 3.40974179538
2.21 1.78991208028 3.4143821086
2.31 1.84226072963 3.46627291534
2.41 1.73187897421 3.46355245966
2.51 1.7093594463 3.33547644277
2.61 1.63371307057 3.36496739988
2.71 1.66755439263 3.29528627237
2.81 1.76425548928 3.31441949622
2.91 1.59736374254 3.45915541769
3.01 1.80234036562 3.41835811829
3.11 1.54487638583 3.41821098091
3.21 1.58332978971 3.36207833638
3.31 1.56493448805 3.32951174256
3.41 1.69485435343 3.51441330914
3.51 1.54268778161 3.4842354338
3.61 1.67024831963 3.41278576344
3.71 1.43990536452 3.40499511228
3.81 1.50354267828 3.51222894868
3.91 1.65174795334 3.45554463184
4.01 1.74635774747 3.51961407839
4.11 1.60109448558 3.40064943953
4.21 1.48398462701 3.37552307239
4.31 1.49567525191 3.45158454228
4.41 1.66570726345 3.51552169524
4.51 1.63228894247 3.42378763473
4.61 1.75730097732 3.48732254761
4.71 1.56663168223 3.5205396817
4.81 1.44637338794 3.36945762542
4.91 1.65129406494 3.46654456098