# Observation noise, mean, std-dev of cumulative reward over 10.0 rounds. (1000 repetitions) 
# 10 bandits with mean 3.5 and std 3.0
# target ratio 0.2
0.01 10.2347292497 10.6596358653
0.11 10.5653497092 10.4792283847
0.21 9.65495793548 10.4079687459
0.31 10.108588167 10.4817885007
0.41 9.4271632115 10.3337292278
0.51 10.9792818577 10.5432356524
0.61 10.1243890476 10.4802165357
0.71 9.98198884596 9.98113946812
0.81 9.84733780885 10.0415017862
0.91 10.7446182731 10.0686569032
1.01 9.89764568193 9.72977500075
1.11 10.4364852758 10.0426174056
1.21 9.81333123862 9.73033013887
1.31 9.97518656828 9.15763701837
1.41 10.0462441376 9.31601743199
1.51 10.0907873175 8.78156726251
1.61 9.75890474055 8.85782679588
1.71 9.85838011581 8.63569091831
1.81 9.59564004369 8.27430814955
1.91 9.45344664231 8.13582554914
2.01 9.54546146744 8.02897283342
2.11 9.48689413727 7.99124420236
2.21 9.25114249118 7.69482025549
2.31 9.00262643562 7.31569884511
2.41 8.65091515702 7.13315484231
2.51 8.78077681433 7.09992711494
2.61 8.96010662487 7.20103582516
2.71 8.7996190543 7.06636812591
2.81 8.26181632508 6.75065441241
2.91 8.91787451026 6.57956549476
3.01 8.20141650132 6.28228474999
3.11 8.45649100482 6.28234959673
3.21 8.50017973216 6.62481614223
3.31 8.23826383516 6.36826023003
3.41 8.20547204253 6.17601880847
3.51 8.01834401624 5.97877813772
3.61 7.68259787813 5.99349670704
3.71 7.81235730235 5.89516860537
3.81 7.93246021474 5.96619670339
3.91 7.99277277357 5.81989182885
4.01 7.97172537238 5.75606418883
4.11 7.4830358899 5.70521922433
4.21 7.57314442874 5.54690427665
4.31 7.89560044587 5.50079036893
4.41 7.52730219975 5.31692578255
4.51 7.36616057657 5.37812703562
4.61 7.55671581509 5.40500272428
4.71 7.31251796371 5.3670765671
4.81 7.64228997989 5.3464312829
4.91 7.29694465378 5.22300815663