# Observation noise, mean, std-dev of cumulative reward over 10.0 rounds. (1000 repetitions) 
# 2 bandits with mean 3.5 and std 3.0
# target ratio 0.3
0.01 3.35620205694 3.72364387293
0.11 3.13299930155 3.74656665467
0.21 3.05102738676 3.5612351263
0.31 3.01199265763 3.69234835413
0.41 3.08390790529 3.64572892132
0.51 3.00159523271 3.61102981888
0.61 2.99160362498 3.59743641017
0.71 3.06891835296 3.61054888542
0.81 2.95686294218 3.5337674919
0.91 3.0306411418 3.56323154212
1.01 2.95897257984 3.48317041246
1.11 3.1576890829 3.50983766423
1.21 3.01528837063 3.61052257586
1.31 2.90306808501 3.6064626411
1.41 2.91283819728 3.46607493547
1.51 3.04830249866 3.44568230706
1.61 2.94495448814 3.5447208581
1.71 3.0360738483 3.52712245447
1.81 2.91162293462 3.54918301169
1.91 2.7686983978 3.38804166618
2.01 2.89669230126 3.41375478347
2.11 2.72206766893 3.50514359422
2.21 2.74423479891 3.45144142791
2.31 2.86491651672 3.4178481918
2.41 2.8042983512 3.41283310472
2.51 2.53292983395 3.42357025729
2.61 2.76640495635 3.42473498751
2.71 2.70470312234 3.40498742303
2.81 2.73178726379 3.52102873725
2.91 2.81526123824 3.45982563022
3.01 2.82849471035 3.36179117045
3.11 2.70548262898 3.45480430861
3.21 2.81517462367 3.45567307492
3.31 2.68804223781 3.51562048297
3.41 2.96942944272 3.44328078876
3.51 2.73179091586 3.31534118312
3.61 2.68382568471 3.49462625982
3.71 2.6785929499 3.30853104957
3.81 2.73136387398 3.51540234466
3.91 2.78555637935 3.4441259789
4.01 3.04103299209 3.40326065008
4.11 2.66995654718 3.37569208898
4.21 2.80197833318 3.37492857681
4.31 2.79691016269 3.58178806246
4.41 2.88721994331 3.30535355598
4.51 2.79667867384 3.40927934793
4.61 2.83892123051 3.43032899738
4.71 2.99906831505 3.41642611064
4.81 2.98927225215 3.36876619737
4.91 2.69570316643 3.64337834153