# Observation noise, mean, std-dev of cumulative reward over 50.0 rounds. (1000 repetitions) 
# 2 bandits with mean 3.5 and std 3.0
# target ratio 0.2
0.01 15.2580476526 12.0334478389
0.11 15.6407982501 11.8285637351
0.21 17.2788030876 10.8249962137
0.31 18.4066819346 9.64612882697
0.41 18.4162433686 8.30761562175
0.51 18.3191905828 7.95880089711
0.61 17.5002193439 7.3032562297
0.71 17.0538182869 6.69544750145
0.81 16.1000590571 6.29011719481
0.91 15.8249816188 5.80758972179
1.01 14.8452416924 5.66232944803
1.11 14.4990889661 5.1493997316
1.21 13.8862239836 4.98971423193
1.31 13.4126324723 4.84193346594
1.41 12.9206709921 4.76965222313
1.51 12.6614924383 4.50866106976
1.61 12.144493599 4.44470067121
1.71 11.9177703497 4.37844873929
1.81 11.8204566898 4.05944278221
1.91 11.4318517015 4.06359261558
2.01 11.3590247671 4.08772540222
2.11 11.041785025 3.93562726156
2.21 10.8698087001 3.72749086653
2.31 10.8586022244 3.94913112876
2.41 10.4556105937 3.78822378624
2.51 10.5806214676 3.73188835968
2.61 10.2420474762 3.58023356744
2.71 10.2007774956 3.70922500891
2.81 10.1902102913 3.67547856996
2.91 9.77001839392 3.57985142968
3.01 9.81031309076 3.71211037789
3.11 9.8359270745 3.39504288706
3.21 9.60105228268 3.51089807321
3.31 9.60094723192 3.63923391092
3.41 9.54794241458 3.33897758386
3.51 9.57635063924 3.59296502746
3.61 9.36100759797 3.51710923089
3.71 9.44525498848 3.46774238439
3.81 9.24000235643 3.29466374314
3.91 9.30388983063 3.44440038217
4.01 9.29525968781 3.51000231771
4.11 9.09550899207 3.43565576187
4.21 8.95967586448 3.44916458753
4.31 8.96548734622 3.30012784285
4.41 9.03303806174 3.4779936694
4.51 9.03816574361 3.44323952963
4.61 9.00994551526 3.47612065914
4.71 8.9921056881 3.43318619399
4.81 8.97409243563 3.30663402109
4.91 8.93687363703 3.42172488599