# Observation noise, mean, std-dev of cumulative reward over 10.0 rounds. (1000 repetitions) 
# 4 bandits with mean 3.5 and std 3.0
# target ratio 0.4
0.01 14.8126877786 4.52987459961
0.11 15.3374816486 4.17078017335
0.21 15.5701050002 4.06687220251
0.31 15.4435985278 3.99088908679
0.41 15.6339869904 3.66794593346
0.51 15.7403806565 3.4673603842
0.61 15.6246709497 3.43854498598
0.71 15.2272752962 3.28068519381
0.81 14.9876734873 3.19027940861
0.91 14.7602743628 3.19598728403
1.01 13.9257361538 3.37353473771
1.11 13.8123879903 3.18083996721
1.21 13.5708463011 3.23530804854
1.31 13.2380350008 3.2429788162
1.41 13.1487344344 3.23877117011
1.51 13.0174356523 3.15026919627
1.61 12.9577630876 3.26297157705
1.71 12.6886823988 3.17403925255
1.81 12.5600344034 3.0480855993
1.91 12.7659694299 3.15723626857
2.01 12.6216227686 3.20027029711
2.11 12.4178977741 3.2024176045
2.21 12.649614453 3.19093072584
2.31 12.632657927 3.12271627369
2.41 12.6668883645 3.26428609206
2.51 12.5259812602 3.14179329405
2.61 12.5577443137 3.20126875899
2.71 12.4620484459 3.19759490361
2.81 12.5080285071 3.25488344686
2.91 12.4163061855 3.17612928578
3.01 12.600250216 3.1585463751
3.11 12.6196507879 3.18397448226
3.21 12.3393180377 3.2092421454
3.31 12.4397553253 3.27517923567
3.41 12.4816263343 3.09637968564
3.51 12.4112766267 3.23991589459
3.61 12.5475091351 3.25248895036
3.71 12.4971378393 3.31633410327
3.81 12.461751481 3.07764257876
3.91 12.3390170226 3.27300287971
4.01 12.4466352057 3.20042435601
4.11 12.5621778184 3.09246539695
4.21 12.2680350509 3.28678790558
4.31 12.5707474714 3.13487479251
4.41 12.3933959206 3.17715694851
4.51 12.4772108496 3.33529083753
4.61 12.3809321749 3.30511431807
4.71 12.2918967828 3.2660305695
4.81 12.4571699117 3.18702788404
4.91 12.4597875476 3.13281711074