# Observation noise, mean, std-dev of cumulative reward over 10.0 rounds. (1000 repetitions) 
# 10 bandits with mean 3.5 and std 3.0
# target ratio 0.4
0.01 26.6771975256 7.25972044966
0.11 26.7424495331 7.29958677457
0.21 26.8281016307 7.06069932381
0.31 27.014509362 6.85039056831
0.41 26.4607572596 6.67595360126
0.51 26.3290861003 6.4709028834
0.61 26.0198702004 6.38321838571
0.71 26.0493417415 5.97885444239
0.81 25.7163515273 5.99036096635
0.91 25.3118296739 5.76887150547
1.01 24.7371103919 5.61099672588
1.11 24.0711886099 5.39676745476
1.21 23.6873517907 5.51973608859
1.31 23.0581251655 5.25449891007
1.41 22.8628149909 5.06969367786
1.51 22.4731662508 5.16744637278
1.61 22.2602336354 4.97865632122
1.71 21.9917112872 5.1120904324
1.81 21.641050442 5.12097113833
1.91 21.1849753092 5.04489483928
2.01 21.2201548554 4.75453255936
2.11 21.234815641 5.00068072618
2.21 20.8317479174 4.93428314011
2.31 20.7433806206 5.02147896657
2.41 20.4488358656 4.83252476674
2.51 20.5013954159 4.62470010904
2.61 20.582476353 4.69519001893
2.71 20.3169953043 4.70712462675
2.81 20.3029684055 4.76843249065
2.91 20.1475008025 4.85600503502
3.01 19.9933641907 4.74568666458
3.11 20.3231626635 4.64383674288
3.21 20.1389526782 4.79629752201
3.31 19.965259673 4.74971483059
3.41 20.0522937485 4.71735137522
3.51 19.750382735 4.81209565559
3.61 19.679059817 4.73287145105
3.71 19.6579200663 4.74263783007
3.81 19.7073825334 4.68174608859
3.91 19.6426552756 4.73659191551
4.01 19.6794162631 4.78191697658
4.11 19.6322944984 4.98249636884
4.21 19.5300736267 4.85022710599
4.31 19.525253132 4.70689763857
4.41 19.5613017004 4.70667737888
4.51 19.4057678797 4.63900901544
4.61 19.5033853182 4.66501132968
4.71 19.4341809487 4.76936806773
4.81 19.4778440898 4.68293127557
4.91 19.3651777955 4.73864843471