# Observation noise, mean, std-dev of cumulative reward over 10.0 rounds. (1000 repetitions) 
# 10 bandits with mean 3.5 and std 3.0
# target ratio 0.3
0.01 16.9115902838 10.9098275906
0.11 17.6132297271 10.6587503564
0.21 17.5248897422 11.0827912648
0.31 16.9470613649 10.7321482322
0.41 17.0547643766 10.6077872267
0.51 17.6845344025 10.4608536941
0.61 16.9811826349 10.1617501268
0.71 16.8626664955 10.4974269529
0.81 16.6671539811 10.5613781603
0.91 17.4562214143 9.96023484149
1.01 17.4787706829 9.89338287361
1.11 17.0163347976 9.5520990159
1.21 17.6071125768 10.0064377768
1.31 17.3064175749 9.5175998428
1.41 17.2974805294 9.24732977734
1.51 17.1338440972 9.05981250797
1.61 16.0172401801 9.19955545381
1.71 16.0115047914 8.67307182124
1.81 16.8607416632 8.92830065441
1.91 16.70782949 8.65731432047
2.01 16.6839588614 8.54826262673
2.11 16.7465556684 8.3632839203
2.21 16.3726736191 8.12353720948
2.31 15.9893825615 8.4597710274
2.41 15.7497867237 8.10338729362
2.51 15.5742368295 7.72461539922
2.61 15.9094072494 7.90179670482
2.71 15.4253768753 7.53327175117
2.81 15.4651480353 7.22960573825
2.91 15.6903110001 7.4101220401
3.01 15.6419380941 7.54310373723
3.11 15.0074028295 6.90912318789
3.21 15.3138038434 7.28628002824
3.31 14.9004938008 7.06071239583
3.41 15.2657460361 7.28468297841
3.51 14.8546173519 6.8450866374
3.61 15.0623977398 7.017246981
3.71 14.6963662233 7.01059916158
3.81 14.8317861842 6.65557316594
3.91 14.6500889579 6.63104621255
4.01 14.6802791218 6.7490006752
4.11 14.8521036954 6.36902902507
4.21 14.6876631083 6.58576317337
4.31 14.5471247477 6.65990965796
4.41 14.0439132118 6.47484897644
4.51 14.7488719366 6.57571492943
4.61 14.3135884125 6.55692655969
4.71 14.1604479656 6.59999709579
4.81 14.3867717741 6.72484551226
4.91 13.9242121753 6.57657048801