# Observation noise, mean, std-dev of cumulative reward over 10.0 rounds. (1000 repetitions) 
# 7 bandits with mean 3.5 and std 3.0
# target ratio 0.4
0.01 25.0381841101 8.46913439231
0.11 25.8358322099 7.73442098246
0.21 25.7702867173 7.71564338218
0.31 25.6206726746 7.62723789745
0.41 26.0003837708 7.23385692987
0.51 25.4467116403 7.0595254939
0.61 25.2953060422 6.99818410071
0.71 24.9339861884 6.7971585136
0.81 24.442189913 6.30332351033
0.91 23.9161108152 6.29749519981
1.01 22.9033733073 6.31799575937
1.11 22.3935858747 5.99470248797
1.21 21.862947693 5.91097731384
1.31 21.2311524996 5.9004365512
1.41 20.6439360968 5.70541222556
1.51 19.9311863242 5.57059723946
1.61 19.6105781942 5.50791161133
1.71 19.2423551738 5.26412497904
1.81 19.1925742855 5.41158033334
1.91 18.8423817447 4.99089766482
2.01 18.4513646992 5.20370242689
2.11 18.6909759757 4.96445571173
2.21 18.5145844413 5.07440931356
2.31 18.0130376243 4.70896773106
2.41 17.9651323971 5.0326623279
2.51 18.157771101 5.01005347026
2.61 17.8450597518 4.85695842351
2.71 18.0359541516 4.91910584794
2.81 17.3542941414 4.85058573403
2.91 17.8463794583 4.92897071698
3.01 17.6826480297 4.94215730505
3.11 17.9403132635 5.14854302868
3.21 17.7360794103 4.92365932308
3.31 17.3378835813 5.14352728993
3.41 17.5544580231 5.07417628156
3.51 17.5891362152 4.75789804629
3.61 17.442130227 4.7588430499
3.71 17.5528955079 4.73369258999
3.81 17.5858053686 4.82164905157
3.91 17.4082623508 4.99300237557
4.01 17.1622086589 4.85006630461
4.11 17.3997593993 5.03472094316
4.21 17.0216315014 4.8140237898
4.31 17.2240759668 5.04564311275
4.41 16.957147795 4.83284706557
4.51 17.0670295259 4.78144168189
4.61 17.360817303 4.77333959385
4.71 17.3562327787 4.79023504614
4.81 17.1753935909 4.91075650813
4.91 16.8081972055 4.87739058138