# Observation noise, mean, std-dev of cumulative reward over 10.0 rounds. (1000 repetitions) 
# 4 bandits with mean 3.5 and std 3.0
# target ratio 0.4
0.01 14.6367187174 7.25689154393
0.11 14.6705393783 7.49718762912
0.21 14.9929310376 7.08299282801
0.31 14.1770360744 7.66238067592
0.41 14.5845683902 7.07541398046
0.51 14.8701245571 7.07107448457
0.61 14.8733875236 7.18137640594
0.71 14.2968723654 6.98905684504
0.81 14.290703662 6.77201983843
0.91 14.5175351639 6.77896263505
1.01 14.2158779818 6.64581471323
1.11 14.4586937928 6.60709085629
1.21 14.1433492966 6.39113283518
1.31 13.8941354109 6.57081342855
1.41 13.7748615516 6.12587759235
1.51 14.1321461678 6.39152394576
1.61 13.75595634 6.38656387374
1.71 13.7792987462 5.95734817978
1.81 13.607107149 6.37168691865
1.91 13.3317530053 5.99478133993
2.01 13.4161909914 5.85205126261
2.11 13.1938800045 6.06931692408
2.21 12.8697401104 6.01540890931
2.31 13.3347283259 6.02099347867
2.41 13.1635415823 5.92481532823
2.51 13.0767821412 5.87096462851
2.61 13.0084905662 5.82970139688
2.71 12.653754847 5.87206815836
2.81 12.8412684605 5.71295945154
2.91 12.7191359518 5.71835647336
3.01 12.8463856838 5.87903524887
3.11 12.2191384422 6.00712009636
3.21 12.8968293063 5.78410528911
3.31 12.5476792865 5.74612387408
3.41 12.4125944327 5.69487071103
3.51 12.5312810735 5.94140190321
3.61 12.8404555496 5.94267746607
3.71 12.5465427683 5.61756774899
3.81 12.7152487508 5.78011752325
3.91 12.3990649261 6.03070091012
4.01 12.4015673749 5.85068948121
4.11 12.6639688322 5.70821076368
4.21 12.7273836018 5.86752605305
4.31 12.6106180506 5.68955568769
4.41 12.559781345 5.72376120689
4.51 12.5481818922 5.62296206428
4.61 12.750145307 5.76656339796
4.71 12.6773676764 5.74923562523
4.81 12.6831185745 5.61812659508
4.91 12.6176924356 5.65823925136