# Observation noise, mean, std-dev of cumulative reward over 10.0 rounds. (1000 repetitions) 
# 2 bandits with mean 3.5 and std 3.0
# target ratio 0.3
0.01 2.91689268273 8.70643572305
0.11 3.14266576743 8.79184414876
0.21 2.98512461927 8.20800250627
0.31 2.81178576674 8.17842101568
0.41 2.90169802313 8.62227269269
0.51 2.65041228179 8.33248988192
0.61 2.9468025768 8.69002751996
0.71 3.09803610847 8.4889345518
0.81 2.63198051129 8.6021540416
0.91 2.53736849746 8.36718486562
1.01 3.15171173407 8.16821490551
1.11 3.18417021116 8.88922646123
1.21 2.93640500694 8.31191228377
1.31 3.20542665014 8.41375030585
1.41 2.74222521082 8.35751531697
1.51 2.804014918 8.5882296294
1.61 3.2685300711 8.55855130809
1.71 3.15756986999 8.00286111142
1.81 2.62521310734 8.04780520247
1.91 2.82601190504 8.20113399955
2.01 2.44127651915 8.2958050359
2.11 2.7385916212 8.37977256918
2.21 3.01058508435 8.52140528044
2.31 2.61417375343 8.40910165135
2.41 2.76278453638 8.35300824588
2.51 3.13911897209 8.26832169173
2.61 2.45993094863 8.40158268632
2.71 2.67695834592 8.1059196682
2.81 3.16659807408 8.3679371614
2.91 3.21271939684 8.36509265171
3.01 2.58445367097 8.37006529639
3.11 2.18021205889 8.57782236477
3.21 2.45685757808 8.48580224086
3.31 2.5792155001 8.56529791273
3.41 2.89004382576 8.17082286204
3.51 3.06665113472 8.68735262115
3.61 3.09508452254 8.22595055622
3.71 3.12320746141 8.34059919939
3.81 2.72997888713 8.27289464968
3.91 3.15948361313 8.04069164444
4.01 2.83508218026 8.08864035789
4.11 2.94056314157 8.82025770072
4.21 2.73116857188 8.69745606635
4.31 2.96474135706 8.44500907228
4.41 3.11100988309 8.22442437242
4.51 2.68993508764 8.07013662971
4.61 2.86133798132 8.24768692682
4.71 2.7070922182 8.55710022477
4.81 2.52885210532 8.17458852284
4.91 2.95705155279 8.26687874524