# Observation noise, mean, std-dev of cumulative reward over 10.0 rounds. (1000 repetitions) 
# 4 bandits with mean 3.5 and std 3.0
# target ratio 0.3
0.01 17.7846927636 11.4629436458
0.11 18.0675625212 11.4866930357
0.21 18.0672053407 11.6071550946
0.31 18.1477426187 11.3858588494
0.41 18.8436647265 11.0771829259
0.51 18.4746495425 10.7594590581
0.61 18.5646605919 10.6603543866
0.71 18.2353015172 10.9248718316
0.81 18.059593486 10.365857125
0.91 18.4162237115 10.2674112262
1.01 17.6599419512 10.0847469667
1.11 17.7826682374 9.81480257937
1.21 17.311818272 9.56803406783
1.31 16.516630953 9.60358427651
1.41 16.6078746014 9.49891192406
1.51 16.8781618543 8.97942715907
1.61 15.8873999942 8.76076447996
1.71 15.7844543513 8.32826042264
1.81 15.1260020177 8.25178923102
1.91 15.7431531616 7.98942410515
2.01 14.4914707378 8.01007446389
2.11 14.728558256 7.74222517211
2.21 14.0177695979 7.66535116733
2.31 13.7926892273 7.37078802871
2.41 13.4174770845 7.40624446959
2.51 13.3766379345 7.15943259423
2.61 13.2019205563 7.10491169709
2.71 13.7752960399 7.11120792032
2.81 13.3278635405 6.98531182543
2.91 12.8779099082 7.02958341027
3.01 13.099565385 6.74568832276
3.11 12.8084317659 6.56321997989
3.21 13.0660326741 6.83396477728
3.31 12.6796925337 6.43390031211
3.41 12.8013545354 6.75320249046
3.51 12.7136202987 6.46040818713
3.61 12.51526525 6.46495056742
3.71 12.9912721042 6.5051854627
3.81 12.6032177314 6.57055226643
3.91 12.0731828057 6.43101419586
4.01 12.4847634108 6.53341169966
4.11 12.0067714669 6.32421035962
4.21 12.407192746 6.40326857495
4.31 12.4728657494 6.38914375282
4.41 12.0489270631 6.23951063649
4.51 12.0468150345 6.39363516162
4.61 12.0335621233 6.44166291932
4.71 12.5012154563 6.53417944754
4.81 12.0633660018 6.1360875743
4.91 12.0508456788 6.43055557351