# Observation noise, mean, std-dev of cumulative reward over 10.0 rounds. (1000 repetitions) 
# 7 bandits with mean 3.5 and std 3.0
# target ratio 0.3
0.01 23.9506198011 10.0024692638
0.11 23.8560871802 10.1109861525
0.21 23.859812342 10.0250139963
0.31 23.4678281458 10.1688129714
0.41 23.9791625711 9.35361789677
0.51 24.3205153362 9.20880918294
0.61 23.3490696398 9.16539361911
0.71 23.2896636415 8.99876841022
0.81 22.7432824064 8.82422963582
0.91 22.273594728 8.45876161173
1.01 22.1839423179 8.18306679763
1.11 21.2582144705 7.8658557375
1.21 20.7194957655 7.77559746616
1.31 19.9202041199 7.38431655225
1.41 19.3326092614 7.1364489035
1.51 18.5826731217 6.95331688699
1.61 18.4252902303 6.60316140232
1.71 17.9355860526 6.53907138898
1.81 17.7024741749 6.18105677702
1.91 17.3344184182 6.22387233871
2.01 16.9033498157 6.12375153155
2.11 16.5364914232 5.63424356144
2.21 16.4311819055 5.91214447527
2.31 16.5361683491 5.73078982685
2.41 16.0685676898 5.7590452518
2.51 15.7900155091 5.67793973127
2.61 15.4132325065 5.32211582384
2.71 15.5011628562 5.42998947875
2.81 15.3270816486 5.48400434361
2.91 15.2388809636 5.17114159449
3.01 14.8708725682 5.52814264106
3.11 15.2008911719 5.32537086977
3.21 14.9795892353 5.37867408859
3.31 14.8433896648 5.14420351123
3.41 14.8336845087 5.28617007793
3.51 14.6413551599 5.22976524809
3.61 14.6918981215 5.21007502633
3.71 14.6934274268 5.06185121295
3.81 14.5257111294 4.97387328179
3.91 14.5611825201 4.97460156443
4.01 14.4027146184 5.2145738921
4.11 14.4453546593 4.95285498694
4.21 14.054078671 5.02405354394
4.31 14.0968660214 4.96325103241
4.41 14.3070503434 5.02410217335
4.51 14.4412001661 5.08506973559
4.61 13.9899808277 4.99847113154
4.71 14.0358989432 5.02763991503
4.81 13.9090583239 4.78966249902
4.91 14.1198656927 4.86155440608