# Rounds: 50, repetitions: 1000
# Good arm ~ N(5.0,2.0), 4 bad arm(s) ~ N(1.7,2.0)
# Observation noise range from 0.5 to 4.0 with step size 0.1

# Observation noise | mean | standard deviation

0.5 228.19244979978347 31.440181872632696
0.6 228.64389428949707 30.10045570124427
0.7 231.0286722495143 23.821185387840092
0.7999999999999999 229.0936203584796 25.962197300492797
0.8999999999999999 230.6446552126975 23.14149825018882
0.9999999999999999 229.40033116858416 23.558079156903716
1.0999999999999999 228.52147050680279 22.818500502553018
1.1999999999999997 228.57359342590544 21.342283162534397
1.2999999999999996 227.72959265976485 22.350202775523773
1.3999999999999995 225.78309738028744 22.007910927583094
1.4999999999999993 226.19822575457852 20.573584822457192
1.5999999999999992 223.0008528222618 23.171667881766428
1.699999999999999 222.81697863495145 23.45354224850749
1.799999999999999 222.61616986769278 20.852964205414427
1.8999999999999988 219.76350787606256 21.567588589232717
1.9999999999999987 218.45429301717232 22.4379853194956
2.0999999999999988 218.34052170027942 22.944285127493945
2.199999999999999 216.58497545299312 22.97999105620104
2.299999999999999 213.90511777619528 22.80675713500444
2.399999999999999 211.77529194992064 23.77952730226319
2.499999999999999 210.01181125127002 24.336506552978467
2.599999999999999 209.08861807719052 24.264169348270926
2.6999999999999993 207.20310089629783 23.996696699518676
2.7999999999999994 205.08642038601647 24.002786199325648
2.8999999999999995 203.84746603499843 24.495541594230822
2.9999999999999996 201.85577007362306 25.05825484912199
3.0999999999999996 201.09652738626914 24.398089828594923
3.1999999999999997 198.2302612711003 24.69901200848642
3.3 195.2145063634982 25.733429746105074
3.4 192.39642070230016 25.41222661279757
3.5 191.52708936150722 25.62758815709662
3.6 188.64736359362894 26.78181682426823
3.7 187.6741183320851 25.829399485641517
3.8000000000000003 186.75116314082294 25.91062417434503
3.9000000000000004 182.60642880607932 27.25999803111304
4.0 181.96641143149898 26.452349970827434
