# Rounds: 50, repetitions: 1000
# Good arm ~ N(5.0,3.0), 4 bad arm(s) ~ N(4.5,3.0)
# Observation noise range from 0.5 to 4.0 with step size 0.1

# Observation noise | mean | standard deviation

0.5 235.62906503560308 22.95822312422574
0.6 236.3357787135632 22.60933234349418
0.7 237.16820764578875 22.368547383508442
0.7999999999999999 235.9031426892762 23.088932898879932
0.8999999999999999 235.20841139086673 22.895528142916525
0.9999999999999999 235.80359118376356 22.335758800568545
1.0999999999999999 235.80790515700107 22.172726139141268
1.1999999999999997 236.54164135430375 23.252948521901754
1.2999999999999996 235.3217063168929 21.537074406169463
1.3999999999999995 235.0987424156479 21.99937238549818
1.4999999999999993 233.92049688455143 22.89411544349527
1.5999999999999992 236.23856445191163 22.360829653328736
1.699999999999999 236.16042525037284 21.780436854984938
1.799999999999999 234.39431661356394 22.164367017370676
1.8999999999999988 236.42064895093066 22.195573193121568
1.9999999999999987 235.88319201914075 22.004738094864955
2.0999999999999988 236.86934002929328 22.07493819549002
2.199999999999999 236.07060807492618 22.284416610615825
2.299999999999999 235.99709916496798 21.437411107508638
2.399999999999999 236.64583772936794 22.078729275082466
2.499999999999999 235.4886826149794 22.036392893437917
2.599999999999999 234.77367635698246 22.903328682897676
2.6999999999999993 234.27771012544002 21.980431664574855
2.7999999999999994 235.12362975448093 21.705870890920387
2.8999999999999995 235.16856633338546 21.678733861796346
2.9999999999999996 235.96702878966863 21.98761835408123
3.0999999999999996 233.03343066430662 20.918844391138364
3.1999999999999997 235.37372564825512 22.100788302505055
3.3 235.71714867683585 22.00039321112199
3.4 235.46344024636187 21.270834128471886
3.5 234.55021846404946 21.125795201057322
3.6 234.79135378320063 21.66866538975787
3.7 235.6993296893106 21.859499770856214
3.8000000000000003 234.95428846689694 21.518792826085534
3.9000000000000004 235.29621867029752 21.229112802570477
4.0 232.81534727493857 21.83031176203117
