# Rounds: 50, repetitions: 1000
# Good arm ~ N(5.0,5.0), 4 bad arm(s) ~ N(1.6,5.0)
# Observation noise range from 0.5 to 4.0 with step size 0.1

# Observation noise | mean | standard deviation

0.5 178.06211384325383 72.10059995728257
0.6 177.73878257396748 71.41777932412283
0.7 183.7069144879943 71.44786500631565
0.7999999999999999 179.79099546441165 71.41368460590515
0.8999999999999999 181.56114559875118 69.9630962243485
0.9999999999999999 176.13196644261706 71.39033889344188
1.0999999999999999 184.00873668801333 69.21760610915088
1.1999999999999997 185.83484577057555 67.91212351373647
1.2999999999999996 182.98397417915578 67.20247094911112
1.3999999999999995 184.747728848911 66.0214188555458
1.4999999999999993 184.9512861584807 64.36981092331565
1.5999999999999992 185.82482079188838 65.05413343904915
1.699999999999999 184.59434547716876 64.14097759319517
1.799999999999999 185.31611020804377 61.88821785389488
1.8999999999999988 184.6790552685294 64.31370806061784
1.9999999999999987 183.05721699352185 62.161953283502285
2.0999999999999988 184.5692982500827 61.29971059435014
2.199999999999999 180.03451136036296 63.3889334617171
2.299999999999999 181.39358091535516 59.687028561235394
2.399999999999999 181.8079647668794 58.60310197080867
2.499999999999999 182.80927774094042 60.37490514919256
2.599999999999999 179.8310049318418 57.762621724519136
2.6999999999999993 177.09578860044087 56.786450558908165
2.7999999999999994 178.9751811707629 58.11138465866331
2.8999999999999995 183.252142518971 57.45907153893534
2.9999999999999996 177.2189688615359 56.591108936762076
3.0999999999999996 177.72515442287263 56.123754051762035
3.1999999999999997 177.14657046440522 56.53339266842823
3.3 173.32670365472288 55.903176612414214
3.4 176.39980146213807 55.82565165870943
3.5 175.8196634868538 56.04394532451519
3.6 169.8625458123864 56.98405593865332
3.7 169.66777971811507 54.81146848583794
3.8000000000000003 167.4288939522751 54.049502381970626
3.9000000000000004 167.59259202180243 54.57576106550765
4.0 167.0896898328801 53.39169438255018
