# Rounds: 50, repetitions: 1000
# Good arm ~ N(5.0,3.0), 4 bad arm(s) ~ N(1.6,3.0)
# Observation noise range from 0.5 to 4.0 with step size 0.1

# Observation noise | mean | standard deviation

0.5 209.88515973386356 52.62195071567843
0.6 215.87532339759184 46.387519783118876
0.7 210.78655310298328 51.30357935352145
0.7999999999999999 214.85665634406146 45.94834943147357
0.8999999999999999 214.18123942633255 45.392142075642646
0.9999999999999999 214.38489771992076 44.67756859477699
1.0999999999999999 215.8157632794109 43.19178165865648
1.1999999999999997 216.70799377290618 39.55032679304455
1.2999999999999996 213.70312368337187 42.286415572400436
1.3999999999999995 214.41010692352054 39.15281104711814
1.4999999999999993 214.7947562233509 37.76953438332104
1.5999999999999992 210.82788845191976 40.423825697694234
1.699999999999999 210.4417942820571 36.94519339689414
1.799999999999999 210.32224637031536 36.553376616696156
1.8999999999999988 210.71315538940837 37.93612530095638
1.9999999999999987 208.52037448378405 38.244203420355326
2.0999999999999988 207.92533510527346 34.719660346074114
2.199999999999999 206.37355021050118 37.55850685443634
2.299999999999999 204.58239806325116 36.61970419386913
2.399999999999999 201.99864122068803 35.37806477258499
2.499999999999999 203.12190102474645 35.474434668812314
2.599999999999999 201.8034995294192 36.48098304351679
2.6999999999999993 198.70566759095536 36.67384288866492
2.7999999999999994 196.98011231404703 35.72624539247833
2.8999999999999995 195.96595800078458 36.170614890252644
2.9999999999999996 196.1665069201748 33.98034883667791
3.0999999999999996 194.92008253221593 36.40993738216893
3.1999999999999997 191.37501611142537 36.92522232241239
3.3 189.4872387482126 35.0229905967396
3.4 188.59606478011668 35.5820536889805
3.5 184.79055522842444 37.80929703025775
3.6 183.70179747862178 35.558564104698206
3.7 184.1611819191474 36.13213757094998
3.8000000000000003 180.65733963308563 36.2506488018072
3.9000000000000004 177.4151152394047 37.00895460895073
4.0 178.87075064568364 36.46502126229498
