# Rounds: 50, repetitions: 1000
# Good arm ~ N(5.0,2.0), 4 bad arm(s) ~ N(3.0,2.0)
# Observation noise range from 0.5 to 4.0 with step size 0.1

# Observation noise | mean | standard deviation

0.5 226.0937644032042 29.540057464705704
0.6 223.9914639298288 31.532293440089344
0.7 223.2280906788708 30.40256582381184
0.7999999999999999 224.93953339868634 29.35294976744128
0.8999999999999999 223.6584356569832 27.640772935857424
0.9999999999999999 225.43926325728862 26.913574519160996
1.0999999999999999 224.01765141533224 26.74496054486898
1.1999999999999997 222.73711313790042 27.024550062514443
1.2999999999999996 223.18505476395697 25.82899524857285
1.3999999999999995 223.3923811236056 25.36862226900546
1.4999999999999993 220.817594846927 26.562245820199177
1.5999999999999992 219.96394322811423 26.130166237351865
1.699999999999999 218.73186009224696 23.961649113281165
1.799999999999999 218.18172079673715 24.276084331549264
1.8999999999999988 217.73648653658896 26.124874104511637
1.9999999999999987 215.14385543902372 26.196140349668376
2.0999999999999988 215.7204713148058 24.636396526452
2.199999999999999 213.36728705501832 24.461762707754136
2.299999999999999 211.32956812835667 24.63411511851474
2.399999999999999 211.85420870550107 24.17529067098212
2.499999999999999 211.36866687286403 24.589533300469427
2.599999999999999 210.1730588715869 23.57012371435583
2.6999999999999993 206.81672706940026 23.4608446110456
2.7999999999999994 207.52312935167365 24.74894625516511
2.8999999999999995 206.39688861281456 23.555073567292617
2.9999999999999996 204.482746146479 23.754897482028802
3.0999999999999996 203.38683453498462 23.05872925794732
3.1999999999999997 201.95126819819006 23.17020377391728
3.3 199.85905272612064 22.932326216756866
3.4 200.32378407404389 22.519200272177773
3.5 198.4544400432743 22.2753676155922
3.6 198.05007757616164 22.645475769333576
3.7 197.5910818547919 22.494518289253858
3.8000000000000003 196.5516427803095 22.44571934134786
3.9000000000000004 195.0406891143257 21.70013899225473
4.0 193.73519766699548 21.353409890667248
