# Rounds: 50, repetitions: 1000
# Good arm ~ N(5.0,5.0), 4 bad arm(s) ~ N(1.2,5.0)
# Observation noise range from 0.5 to 4.0 with step size 0.1

# Observation noise | mean | standard deviation

0.5 181.84307944898956 76.28166231080034
0.6 180.9572576405683 73.5556784904957
0.7 182.9242572712084 75.28393369424315
0.7999999999999999 182.83859944250526 77.14105507561695
0.8999999999999999 184.39163096731258 72.64393181310945
0.9999999999999999 181.31552095070606 77.10390025475775
1.0999999999999999 186.79085081716056 72.03295416956554
1.1999999999999997 185.16175054471827 72.75438775613273
1.2999999999999996 183.09987251054113 69.71396783296544
1.3999999999999995 185.31941857462297 70.58469442804963
1.4999999999999993 186.07168881475653 69.00921173563668
1.5999999999999992 189.12513122690106 67.94429340002104
1.699999999999999 182.79389358370094 68.62970107445295
1.799999999999999 188.0963689640148 62.61258717275791
1.8999999999999988 184.80560215439638 65.34830734213632
1.9999999999999987 184.24648921910904 66.87121798072734
2.0999999999999988 182.5588102276294 63.74498413195696
2.199999999999999 184.26163972363247 62.44884240597175
2.299999999999999 184.02647313282367 63.78386621649252
2.399999999999999 182.6007489377181 60.44655601153973
2.499999999999999 181.05253712965143 61.028469829323974
2.599999999999999 180.8739406664647 59.83071039452825
2.6999999999999993 175.32697840789422 61.85429248748286
2.7999999999999994 178.54032230664265 62.29023479747664
2.8999999999999995 178.02942282430442 58.895653862536825
2.9999999999999996 177.17309722711332 59.277719889485276
3.0999999999999996 176.11196818343294 59.68723136386105
3.1999999999999997 174.08943348111794 58.71709870862587
3.3 172.79409466014306 59.49083216933667
3.4 169.82703080067384 58.88127747759952
3.5 169.55167572775963 58.60624145439992
3.6 171.62020494258718 57.458846318579354
3.7 167.36296879431654 57.48353056486039
3.8000000000000003 166.55520591276036 56.699025572972836
3.9000000000000004 164.37466444947694 56.274743194743785
4.0 162.41301636679495 55.29083442695709
