# Rounds: 50, repetitions: 1000
# Good arm ~ N(5.0,4.0), 4 bad arm(s) ~ N(3.3,4.0)
# Observation noise range from 0.5 to 4.0 with step size 0.1

# Observation noise | mean | standard deviation

0.5 206.2703116896886 42.77104365470238
0.6 207.6376477768028 42.66153038632544
0.7 208.956118096686 42.66301202506927
0.7999999999999999 206.123329378384 41.57068619396598
0.8999999999999999 207.4652106129095 41.67030193877617
0.9999999999999999 206.9831398592216 40.78568849002031
1.0999999999999999 204.75609981880166 41.99365079290462
1.1999999999999997 205.68659486518953 40.33433845805194
1.2999999999999996 204.23783198266338 40.99328883070143
1.3999999999999995 208.04444479544478 41.4693668555889
1.4999999999999993 207.67225656460965 39.53129988394761
1.5999999999999992 204.4850255079719 38.89230376013416
1.699999999999999 204.50099987612788 37.98480671616343
1.799999999999999 204.71197529735218 38.95654275620718
1.8999999999999988 205.33901194587762 37.79085671561361
1.9999999999999987 206.07749535985428 37.053132240953715
2.0999999999999988 202.95252816050242 38.372125790497165
2.199999999999999 205.53192723200203 37.93320835006606
2.299999999999999 205.54650865118774 38.041868655380924
2.399999999999999 203.8340546635025 37.936306199133746
2.499999999999999 202.96415106305386 37.61182828111174
2.599999999999999 202.60326574918975 38.91096153610028
2.6999999999999993 201.64313139976565 37.644853913982644
2.7999999999999994 202.61123477590343 36.59800553482393
2.8999999999999995 200.62282080904788 36.649163741068136
2.9999999999999996 202.06966281916772 36.95490815989819
3.0999999999999996 201.59576250795644 37.043443493584945
3.1999999999999997 199.761126356509 35.74873094560685
3.3 201.41269210806186 36.09854623357184
3.4 199.86052927532145 33.84599059913424
3.5 201.34530023953323 35.4418421379941
3.6 198.41338985063965 34.74800003908907
3.7 198.3980857354854 35.321546263840666
3.8000000000000003 197.65023282090308 35.02878234388627
3.9000000000000004 195.89291700278613 35.13610509691562
4.0 197.93890063187453 33.22144519067891
