# Rounds: 50, repetitions: 1000
# Good arm ~ N(5.0,0.0), 4 bad arm(s) ~ N(3.6,0.0)
# Observation noise range from 0.5 to 4.0 with step size 0.1

# Observation noise | mean | standard deviation

0.5 244.41459999999992 6.749905782162325
0.6 243.67399999999992 6.5234008583528444
0.7 243.16019999999992 5.742897947625133
0.7999999999999999 241.80919999999998 6.398291451121418
0.8999999999999999 240.42739999999992 6.725363912812407
0.9999999999999999 238.96300000000005 6.750442909874828
1.0999999999999999 237.55039999999983 6.632092014175045
1.1999999999999997 236.42480000000012 6.911882455531119
1.2999999999999996 235.28380000000018 6.74086469355505
1.3999999999999995 233.44559999999993 7.358836396680735
1.4999999999999993 231.86920000000006 7.181307857385201
1.5999999999999992 230.82899999999984 7.08355389163773
1.699999999999999 229.86720000000008 7.520561348928879
1.799999999999999 227.4984000000001 7.9762809942039175
1.8999999999999988 227.06999999999996 7.943528160687785
1.9999999999999987 225.93459999999996 7.822869046591566
2.0999999999999988 224.23499999999999 7.947833859805041
2.199999999999999 222.54239999999967 8.543830480485875
2.299999999999999 221.6645999999998 8.634188789692768
2.399999999999999 220.81479999999974 8.428362727022275
2.499999999999999 219.24399999999983 8.559002308711024
2.599999999999999 218.3801999999999 8.334856795278379
2.6999999999999993 217.42259999999982 8.207402188920117
2.7999999999999994 216.5111999999998 8.720858210516202
2.8999999999999995 215.09159999999986 8.774465264657493
2.9999999999999996 214.71219999999968 8.581308175914119
3.0999999999999996 213.56279999999992 8.441053698890178
3.1999999999999997 212.43999999999997 8.76999617062819
3.3 212.15159999999997 8.728372237818597
3.4 210.6409999999997 8.522865611884212
3.5 210.0026 8.834092734086225
3.6 209.08279999999996 8.41250940412401
3.7 209.10939999999982 8.492931267914624
3.8000000000000003 208.5969999999999 8.261518243257946
3.9000000000000004 207.52039999999988 8.526873483957152
4.0 207.1759999999999 8.207961661377016
