# Rounds: 50, repetitions: 1000
# Good arm ~ N(5.0,2.0), 4 bad arm(s) ~ N(1.8,2.0)
# Observation noise range from 0.5 to 4.0 with step size 0.1

# Observation noise | mean | standard deviation

0.5 228.51063470294363 31.733124882894472
0.6 228.7271503924291 28.47875626490526
0.7 228.09131394189575 27.126867629701106
0.7999999999999999 229.11184528599932 26.31170675819655
0.8999999999999999 229.38636182238895 25.32570478714249
0.9999999999999999 229.9124934355334 23.63758901779892
1.0999999999999999 227.7252067903717 25.158090169807558
1.1999999999999997 228.17636936592174 23.830015329976714
1.2999999999999996 227.0340923795475 22.021038055567526
1.3999999999999995 226.7798777455835 22.675142821112043
1.4999999999999993 225.7372521374588 22.42606966658971
1.5999999999999992 223.46690007189144 22.60172965005999
1.699999999999999 223.3563331520558 21.792273705296985
1.799999999999999 222.3303084156768 21.425954645557557
1.8999999999999988 219.36924801965722 22.50374009943236
1.9999999999999987 218.28455441841075 22.451868130663776
2.0999999999999988 217.60550794091307 22.2325994700344
2.199999999999999 215.6119771568924 24.209297255200745
2.299999999999999 213.69930492008243 23.174433278760397
2.399999999999999 212.33604010256013 23.132700325158865
2.499999999999999 211.15659336262672 24.024159005775537
2.599999999999999 208.58680018952 23.322770980161604
2.6999999999999993 206.13142277427184 23.588649863134275
2.7999999999999994 204.46283729274037 24.443486507344936
2.8999999999999995 203.00843864200928 24.906760435307387
2.9999999999999996 202.95205886443813 24.556752043786375
3.0999999999999996 200.24505119745294 23.368431262307237
3.1999999999999997 198.2841155555939 25.67254643328249
3.3 195.69571839330203 24.477947179676637
3.4 192.68715315172906 25.405420747465293
3.5 191.98595862511414 26.428630621501377
3.6 191.30660719417182 25.40925598393339
3.7 188.34826660062706 25.559293179293718
3.8000000000000003 186.4430865505653 26.018109326344216
3.9000000000000004 185.0157292924529 25.806076090156655
4.0 181.71503394433043 26.147996936521313
