# Rounds: 50, repetitions: 1000
# Good arm ~ N(5.0,5.0), 4 bad arm(s) ~ N(3.1,5.0)
# Observation noise range from 0.5 to 4.0 with step size 0.1

# Observation noise | mean | standard deviation

0.5 194.7476546019084 51.75649123378626
0.6 198.2299422559055 49.19230129849859
0.7 196.05374646654266 49.81943314534434
0.7999999999999999 197.63483624300008 49.84958537341452
0.8999999999999999 194.53544249840238 50.69068736125621
0.9999999999999999 198.45374811547023 49.52425458765742
1.0999999999999999 195.57428218683754 49.39089094677184
1.1999999999999997 196.20825544327656 48.89804378297403
1.2999999999999996 198.5595019150623 47.02838456820939
1.3999999999999995 193.32684825451156 47.86935024124229
1.4999999999999993 195.43456618621258 48.10676264737093
1.5999999999999992 196.4609814879351 46.097264446531824
1.699999999999999 196.88969666997244 45.71920041704104
1.799999999999999 198.75286841549624 47.18238357107497
1.8999999999999988 197.72496684326688 47.48351701249984
1.9999999999999987 198.68924108829276 46.178102277299026
2.0999999999999988 197.76285411787322 46.06632828114367
2.199999999999999 196.09949189861237 47.02387056695732
2.299999999999999 195.9759466881737 46.463169403860576
2.399999999999999 194.8442228511766 45.43718233059288
2.499999999999999 196.02374863888582 46.02761493908639
2.599999999999999 194.4664837973688 43.92992777658469
2.6999999999999993 197.5440373375001 46.946748863736474
2.7999999999999994 197.01929476376534 45.2793261228281
2.8999999999999995 193.12617994420557 43.735650747248634
2.9999999999999996 195.29841210242637 43.83738239580363
3.0999999999999996 192.79568967720013 44.6444686237232
3.1999999999999997 192.70708443938778 43.60338101379756
3.3 194.10366732440744 44.58764702255236
3.4 193.7618954813947 42.41290039385493
3.5 194.33932470338445 44.09643631935259
3.6 191.96683996819922 42.25894855825392
3.7 188.52735635828873 42.90854146291246
3.8000000000000003 189.6294246772072 43.8688639617833
3.9000000000000004 192.73270391531588 42.841083527678585
4.0 190.57106426304398 41.234658489095395
