# Rounds: 50, repetitions: 1000
# Good arm ~ N(5.0,4.0), 4 bad arm(s) ~ N(0.4,4.0)
# Observation noise range from 0.5 to 4.0 with step size 0.1

# Observation noise | mean | standard deviation

0.5 199.63931982795924 70.29829513505777
0.6 200.86405719489485 67.2496564185465
0.7 202.65489645288508 67.10004385329697
0.7999999999999999 200.58144205641966 66.70552893337997
0.8999999999999999 201.0501808130373 65.34675248400862
0.9999999999999999 205.43592417729357 58.146403279187645
1.0999999999999999 204.6500059424031 57.31831048062748
1.1999999999999997 201.4069856097349 59.95126191184593
1.2999999999999996 204.4025685042539 54.91289040050037
1.3999999999999995 203.55981160365155 56.20915365583124
1.4999999999999993 200.65672640489132 56.8576860913796
1.5999999999999992 203.57674529240376 52.57995435803237
1.699999999999999 203.50282378205299 52.53332989453338
1.799999999999999 204.10249475510383 45.853585180229224
1.8999999999999988 200.08161244383686 48.819370114716776
1.9999999999999987 198.40310192854804 51.19017570973907
2.0999999999999988 197.4078773973541 50.794010737228255
2.199999999999999 196.4844096511712 51.844387588828695
2.299999999999999 197.48166950976335 48.62724895680951
2.399999999999999 197.24330572918527 46.14811467792547
2.499999999999999 198.40176334326873 46.65636195874018
2.599999999999999 191.32502414572832 47.869665159559375
2.6999999999999993 193.6779176291041 48.92366817942181
2.7999999999999994 187.85924216423015 48.97813427142173
2.8999999999999995 190.00728598176985 46.23691555203152
2.9999999999999996 187.19781207152775 47.64199905829362
3.0999999999999996 187.29536183487738 45.42600143422184
3.1999999999999997 185.59620822106564 45.86728661492374
3.3 182.54939595147275 47.49328212791902
3.4 181.66785276603167 47.93894539528655
3.5 178.95447146054903 48.20081023581361
3.6 174.01556224030492 47.54463859365976
3.7 172.4429097137698 48.48722155363248
3.8000000000000003 174.1345761310847 46.14412139253085
3.9000000000000004 168.2827396577149 50.825504176343955
4.0 167.89598870869733 47.595609451422334
