# Rounds: 50, repetitions: 1000
# Good arm ~ N(5.0,5.0), 4 bad arm(s) ~ N(3.8,5.0)
# Observation noise range from 0.5 to 4.0 with step size 0.1

# Observation noise | mean | standard deviation

0.5 212.43556017332776 41.26102223598452
0.6 214.28912790568884 41.009959753688264
0.7 214.57512565683302 42.40115711416618
0.7999999999999999 213.90412889512598 41.581263495430036
0.8999999999999999 212.50236562348528 39.21022957337271
0.9999999999999999 212.26568995057497 40.74220143350325
1.0999999999999999 213.4208249464042 40.43220163614693
1.1999999999999997 212.95515080232482 41.92998939238586
1.2999999999999996 213.70066289114038 41.12680986165252
1.3999999999999995 212.82345767787405 41.32470333622115
1.4999999999999993 212.4736495217674 40.21523906131452
1.5999999999999992 211.42146414163486 41.05820042885237
1.699999999999999 213.33120535913142 40.37520597800282
1.799999999999999 210.1520277907997 39.87884433201635
1.8999999999999988 214.69379649686894 39.3638462954247
1.9999999999999987 213.31959138323367 40.96616175951467
2.0999999999999988 213.37009153468156 40.222413185750824
2.199999999999999 211.88106898595137 39.835067621617384
2.299999999999999 213.50829833915816 40.09547943838832
2.399999999999999 213.60604293457678 41.493258959535936
2.499999999999999 212.090653475934 40.23890025185273
2.599999999999999 211.3887272127564 39.98998151529949
2.6999999999999993 211.38968825692453 39.30302630636812
2.7999999999999994 211.92256019151407 40.22916521558978
2.8999999999999995 212.3304696132165 38.42291116220815
2.9999999999999996 211.2218118826778 38.34678408195664
3.0999999999999996 212.02389903669962 38.76431290135852
3.1999999999999997 212.39992576577356 38.13600914037809
3.3 211.58799041435364 37.049953042768415
3.4 210.82837267292632 38.24836073726163
3.5 208.8496119221925 38.88355714846081
3.6 209.66188016731058 39.112908909441735
3.7 210.47557154514107 37.98580080134062
3.8000000000000003 210.2599847582027 37.66529310092596
3.9000000000000004 209.82859274902034 38.78544922851586
4.0 209.48284064815823 37.107536343338246
