# Rounds: 50, repetitions: 1000
# Good arm ~ N(5.0,3.0), 4 bad arm(s) ~ N(3.7,3.0)
# Observation noise range from 0.5 to 4.0 with step size 0.1

# Observation noise | mean | standard deviation

0.5 217.65273594492197 32.16365112744139
0.6 218.24960841263655 30.75848832255271
0.7 217.0064688209984 31.414583991767827
0.7999999999999999 216.10305447971112 30.86910496113845
0.8999999999999999 218.88612445006234 31.144664194142024
0.9999999999999999 216.6588917463511 30.696879103545484
1.0999999999999999 217.44982239687195 31.300114726861395
1.1999999999999997 216.70716365719207 29.944250209718682
1.2999999999999996 216.4555001053285 29.736555964445873
1.3999999999999995 215.34728183194719 29.42498927345859
1.4999999999999993 215.7062167231844 28.48873035625273
1.5999999999999992 216.17826651627647 29.398663925170805
1.699999999999999 215.2849560221266 28.836541403630076
1.799999999999999 214.22271861213116 29.419285737042024
1.8999999999999988 215.84699543625814 29.08965193979379
1.9999999999999987 213.72872927972108 27.006490456250592
2.0999999999999988 213.41931871014526 27.686402262592026
2.199999999999999 212.94139339036795 27.169088613938197
2.299999999999999 213.1726608656326 27.766215058289838
2.399999999999999 213.17605616477383 28.3446468893836
2.499999999999999 214.29313797146574 26.386662447398155
2.599999999999999 211.62898322572073 26.30849428495906
2.6999999999999993 212.03203148359893 26.349648951773172
2.7999999999999994 212.49009925392875 26.57565038657459
2.8999999999999995 212.7901174101443 26.515430187581128
2.9999999999999996 212.38563563646022 25.54990353505585
3.0999999999999996 210.76955056389463 26.277379255890526
3.1999999999999997 208.872350469225 26.113456522916994
3.3 211.53223929320794 24.471843378513384
3.4 211.92261884418932 26.079691816623555
3.5 210.04792072717038 26.404109748777135
3.6 207.75489430867174 24.966240872272596
3.7 210.57816674111868 25.00431071115536
3.8000000000000003 208.37537037819854 23.862048713229424
3.9000000000000004 208.10979605264765 24.584612980584414
4.0 209.07078613176563 24.585622227115184
