# Rounds: 50, repetitions: 1000
# Good arm ~ N(5.0,2.0), 4 bad arm(s) ~ N(0.1,2.0)
# Observation noise range from 0.5 to 4.0 with step size 0.1

# Observation noise | mean | standard deviation

0.5 230.56757436287015 22.39333935000289
0.6 232.00332383092697 17.509058529346778
0.7 229.67958784852345 23.864211267077916
0.7999999999999999 230.294696452392 17.676271196680567
0.8999999999999999 231.01221306761016 16.4132697629626
0.9999999999999999 230.74313835453216 17.660866102482636
1.0999999999999999 229.77286633504463 17.426621203580623
1.1999999999999997 229.52180287654375 16.30954175867532
1.2999999999999996 228.18434439094284 17.320027403963756
1.3999999999999995 227.11928751563667 16.451392207063865
1.4999999999999993 226.79243219330144 18.192944471030636
1.5999999999999992 225.55286467596946 18.05994446928084
1.699999999999999 224.89842801815945 17.708917071748008
1.799999999999999 222.39498682807104 18.461783662967907
1.8999999999999988 221.97045681971622 18.924691314611287
1.9999999999999987 220.29340551799973 19.485244158710955
2.0999999999999988 218.6111022130451 19.773852193027952
2.199999999999999 217.7036691985838 19.99413492867514
2.299999999999999 215.35526664839054 19.39407144328763
2.399999999999999 213.73286215558775 20.37179730343111
2.499999999999999 212.12981021733904 20.072202049246652
2.599999999999999 210.8951577882897 21.366754997054166
2.6999999999999993 208.18641793309962 21.42852590087136
2.7999999999999994 205.49965858976464 21.797934879317094
2.8999999999999995 203.4666866099545 21.858115052431476
2.9999999999999996 202.48298382399247 22.84698939953909
3.0999999999999996 199.41340365611285 23.140609509036743
3.1999999999999997 196.30143110361882 22.603863326275434
3.3 195.05174840408398 22.647406359350335
3.4 193.1857411728374 24.373381971122345
3.5 189.00825355686706 24.41715373290017
3.6 189.01574216359867 24.416199315244906
3.7 185.23055571622476 25.018845811779993
3.8000000000000003 181.32874308460933 24.283032679603306
3.9000000000000004 181.3079459871012 26.361217682629366
4.0 178.51896422934686 25.930209323287926
