# Rounds: 50, repetitions: 1000
# Good arm ~ N(5.0,1.0), 4 bad arm(s) ~ N(0.9,1.0)
# Observation noise range from 0.5 to 4.0 with step size 0.1

# Observation noise | mean | standard deviation

0.5 236.69647251288183 8.114371627997754
0.6 236.2915319927189 8.10400225940864
0.7 236.76013420304673 8.781937972520419
0.7999999999999999 236.4070293226139 8.478141802343682
0.8999999999999999 235.60459749153407 8.588631604733731
0.9999999999999999 236.04217892651764 8.302005707060529
1.0999999999999999 235.1522523365688 9.390889729667526
1.1999999999999997 234.83063571761585 9.204865013108456
1.2999999999999996 233.18285568073222 9.578881220461252
1.3999999999999995 233.22834504261954 9.662749213632207
1.4999999999999993 231.88238477995807 9.901529159248307
1.5999999999999992 230.27155333140269 10.340679123606124
1.699999999999999 229.8614709518556 10.513093889185775
1.799999999999999 227.9701920753717 10.746282335230534
1.8999999999999988 226.52237576613493 11.0795177878674
1.9999999999999987 225.1344706568942 11.246115492176973
2.0999999999999988 223.1422883330517 11.386496791288767
2.199999999999999 221.00047741902125 12.246104154824229
2.299999999999999 219.5348355565806 12.000504401302262
2.399999999999999 218.17135275750232 12.522359019112114
2.499999999999999 216.2818853202691 12.761624867613046
2.599999999999999 213.58375355740247 13.52509861933579
2.6999999999999993 212.05510512693752 13.438004934890014
2.7999999999999994 209.66167932727652 14.113254521555273
2.8999999999999995 207.53673645708938 14.065988979456328
2.9999999999999996 204.34421337389955 14.538081437435888
3.0999999999999996 202.9474217926821 14.889590174524342
3.1999999999999997 201.6710222090879 15.119877179039001
3.3 198.78434151616796 16.042838028920034
3.4 196.4479021903368 15.529108561499587
3.5 193.67964277587376 15.920367053396616
3.6 191.58612877416294 16.507354845642148
3.7 189.92721090030003 16.972375909094012
3.8000000000000003 187.77322314560175 16.65032531435024
3.9000000000000004 185.35126880725593 17.129399042922998
4.0 183.160451973927 16.82680240604792
