# Rounds: 50, repetitions: 1000
# Good arm ~ N(5.0,3.0), 4 bad arm(s) ~ N(2.2,3.0)
# Observation noise range from 0.5 to 4.0 with step size 0.1

# Observation noise | mean | standard deviation

0.5 208.75669255274218 50.001373434198335
0.6 212.74438436875533 47.86111391365596
0.7 212.77369491716962 46.22977602836126
0.7999999999999999 213.20323903456838 45.85095788816941
0.8999999999999999 208.77453923944938 46.286838798479856
0.9999999999999999 211.36379424475575 45.901063200895436
1.0999999999999999 212.38330693732672 42.871735544032354
1.1999999999999997 209.55491017528564 43.08359745469733
1.2999999999999996 210.13009803998187 42.30262010445196
1.3999999999999995 211.77927887133038 40.37546529558132
1.4999999999999993 210.96920562777103 39.64619071983882
1.5999999999999992 207.3339152438841 39.25134738254129
1.699999999999999 211.74121340975896 37.64051195142171
1.799999999999999 208.10605880158045 40.892667312673076
1.8999999999999988 207.78061809642742 37.3072331184082
1.9999999999999987 209.15310960340855 36.63641937302054
2.0999999999999988 204.84917838336207 38.7187784633788
2.199999999999999 206.1118852137372 38.41944771964235
2.299999999999999 202.0885293341862 37.50154639844687
2.399999999999999 203.20530087330084 36.68764579584778
2.499999999999999 202.6622743832872 36.74104313265943
2.599999999999999 200.99285930197826 35.261077465675626
2.6999999999999993 198.50184606488014 36.374863730013516
2.7999999999999994 198.72042508470068 36.199929663937766
2.8999999999999995 195.19219319129664 34.67720742231967
2.9999999999999996 193.66553970235984 36.159995938175946
3.0999999999999996 192.65097691484033 36.0265459113935
3.1999999999999997 194.03927152320338 34.90434810862461
3.3 190.10647282619513 35.37369418399947
3.4 190.61154611319972 34.866699812103064
3.5 188.7102193233709 34.75250115770019
3.6 188.47822601365064 35.37915201538191
3.7 184.8858315261241 34.76551899568334
3.8000000000000003 185.1937378307586 33.38258653749625
3.9000000000000004 181.20067384048733 34.98289031586774
4.0 182.2053994125332 33.40403741315004
