# Rounds: 50, repetitions: 1000
# Good arm ~ N(5.0,2.0), 4 bad arm(s) ~ N(1.1,2.0)
# Observation noise range from 0.5 to 4.0 with step size 0.1

# Observation noise | mean | standard deviation

0.5 230.23686217556576 25.21018462743034
0.6 231.04927495830515 23.118767409127393
0.7 231.9323207983884 23.949909103093553
0.7999999999999999 230.9052114987546 19.63293582770675
0.8999999999999999 231.49841367335938 18.527621151868924
0.9999999999999999 230.01784028239226 18.51030506490476
1.0999999999999999 229.7535514565987 18.946292343379483
1.1999999999999997 228.5013558087851 19.68718781216049
1.2999999999999996 227.79735429992982 19.849254542793428
1.3999999999999995 227.38723076831627 19.67537968072785
1.4999999999999993 227.2108801855699 20.060324508329963
1.5999999999999992 225.03471379262942 19.863130037576457
1.699999999999999 224.6901220605752 20.690802918026595
1.799999999999999 223.0223493011724 20.627787191100015
1.8999999999999988 221.7165840342766 19.554042989354798
1.9999999999999987 221.18919151761756 20.798442267964184
2.0999999999999988 218.63859354522043 20.6428398511476
2.199999999999999 217.59132140203195 21.119362930822394
2.299999999999999 214.83857306759606 20.621273757498944
2.399999999999999 213.99030946496865 21.281574109308877
2.499999999999999 211.25011319654735 22.297638145032547
2.599999999999999 211.0351811054977 21.33364834397501
2.6999999999999993 207.2076347656285 23.084198324641452
2.7999999999999994 206.07580098275952 22.642294828564474
2.8999999999999995 203.3933416198317 23.904374557076665
2.9999999999999996 200.63451329497596 22.881941951223013
3.0999999999999996 199.55512091133593 23.84978132964648
3.1999999999999997 197.24734801354126 25.061756183806505
3.3 194.07168595550465 24.618821651783726
3.4 193.1380973683917 25.09978957705173
3.5 192.33896920934907 24.695912494680293
3.6 189.897975854254 24.668555386236687
3.7 186.76138811771466 26.801806033784533
3.8000000000000003 183.99822102360753 25.245463117969685
3.9000000000000004 182.18045808150248 25.705239305421504
4.0 180.08588403375484 25.657883062851834
