# Rounds: 50, repetitions: 1000
# Good arm ~ N(5.0,2.0), 4 bad arm(s) ~ N(2.0,2.0)
# Observation noise range from 0.5 to 4.0 with step size 0.1

# Observation noise | mean | standard deviation

0.5 227.31199499613305 32.59213998928528
0.6 229.89125626780663 26.973344664266808
0.7 230.04490730435776 27.005266165327278
0.7999999999999999 229.34020700579748 27.23529483223409
0.8999999999999999 229.2263312440334 25.212155656271573
0.9999999999999999 228.2558713303005 24.969939601139195
1.0999999999999999 227.1625437909505 25.588078566693913
1.1999999999999997 228.0416276141745 24.12770150395921
1.2999999999999996 226.61146304252296 24.33423955865523
1.3999999999999995 225.500532339225 23.0318765098038
1.4999999999999993 224.11061299217076 23.44446018240619
1.5999999999999992 222.93689475970757 24.23650368862458
1.699999999999999 221.82299547176697 22.39288904113944
1.799999999999999 221.89442271799624 21.809150383993607
1.8999999999999988 219.76290062152532 23.7356172401492
1.9999999999999987 218.14335469266965 24.799925375521525
2.0999999999999988 215.94599313727807 24.21580021823803
2.199999999999999 215.7715456843806 22.954007843441183
2.299999999999999 211.9220037614894 23.692646314378713
2.399999999999999 211.94317122613634 24.05276327029171
2.499999999999999 210.94342131715214 24.79884178019738
2.599999999999999 208.00460557918123 24.423413874905368
2.6999999999999993 206.76162742468608 24.13553929688503
2.7999999999999994 204.41672574600702 25.34088706881189
2.8999999999999995 202.50648180052536 24.89500344118492
2.9999999999999996 202.26056036032733 24.835290837396848
3.0999999999999996 200.39709877124918 24.71659839938488
3.1999999999999997 198.71698181790896 25.34088193262317
3.3 196.1153974821937 25.099967414701755
3.4 194.84830412905842 26.157711248268164
3.5 193.22492983159876 24.880663534036568
3.6 191.74094855088364 25.792388908780055
3.7 188.08157332459942 25.80773760517295
3.8000000000000003 188.49661160780755 24.876683453390978
3.9000000000000004 185.32075187020993 25.936923509108116
4.0 184.59444700507765 25.18816675718026
