# Rounds: 100, repetitions: 1000
# Good arm ~ N(5.0,2.0), 4 bad arm(s) ~ N(2.6,2.0)
# Observation noise range from 0.5 to 4.0 with step size 0.1

# Observation noise | mean | standard deviation

0.5 468.07395374006194 57.56301193467648
0.6 471.78127759372506 48.66322561337458
0.7 472.9636532266391 47.762696369515055
0.7999999999999999 473.44342484798784 43.2029118530974
0.8999999999999999 471.5250066700541 41.64515046528778
0.9999999999999999 473.0858439953425 39.420885465859996
1.0999999999999999 474.319475347764 37.01811316454107
1.1999999999999997 470.9807000209294 35.43917585207828
1.2999999999999996 470.51433452982354 38.01938074002805
1.3999999999999995 470.72359533529476 33.110609004778354
1.4999999999999993 465.9293742443168 34.61714716401566
1.5999999999999992 467.5722621806604 32.63772977051044
1.699999999999999 466.29771293809614 32.6885993115986
1.799999999999999 464.85861562513657 31.030363559573612
1.8999999999999988 463.5082201943483 31.316695719043697
1.9999999999999987 461.2902306222068 30.843859318129763
2.0999999999999988 460.3617442390648 29.871320967968426
2.199999999999999 457.458375738857 31.343108201223362
2.299999999999999 455.2654021630895 30.380620465559804
2.399999999999999 452.38199426506657 29.831622436153076
2.499999999999999 450.4105091130117 30.41101870615129
2.599999999999999 450.02422990292 30.80114667725999
2.6999999999999993 443.15523174362795 32.08453524482294
2.7999999999999994 445.6014235700454 32.344946395434654
2.8999999999999995 441.5146931037687 32.01455879755854
2.9999999999999996 439.76929150293256 32.696069527263035
3.0999999999999996 438.9374921571251 33.19240972195198
3.1999999999999997 434.70697310370304 32.24788362243022
3.3 430.96635278168964 32.556760948725085
3.4 432.3164992324483 33.24382400660642
3.5 429.60716615097016 33.60824423892215
3.6 426.12412562101235 33.596327318531344
3.7 421.82210115741026 35.8487608331443
3.8000000000000003 421.30567406566104 34.89298317543426
3.9000000000000004 418.41980642851337 34.11521561681363
4.0 414.8507860535051 35.14483803597022
