# Rounds: 100, repetitions: 1000
# Good arm ~ N(5.0,3.0), 4 bad arm(s) ~ N(0.6,3.0)
# Observation noise range from 0.5 to 4.0 with step size 0.1

# Observation noise | mean | standard deviation

0.5 458.25901795175577 89.18440371373264
0.6 460.1716548719262 80.04567993050854
0.7 460.16247339568736 80.11505220096922
0.7999999999999999 464.3525561284404 65.54908392343371
0.8999999999999999 459.681992003522 73.35502974591517
0.9999999999999999 463.69119745780876 65.5614087562817
1.0999999999999999 468.28233434960856 58.382004297482816
1.1999999999999997 464.82311787138514 52.93754934501748
1.2999999999999996 465.5081840257089 58.890736558147296
1.3999999999999995 462.0650750123036 54.183176135681364
1.4999999999999993 464.74850915645794 50.664836708921115
1.5999999999999992 463.23675213718474 45.62032907469696
1.699999999999999 465.39833408823284 44.61540294014629
1.799999999999999 463.1776489934059 43.959293361198384
1.8999999999999988 462.27246559098097 42.13357384284158
1.9999999999999987 458.96978311266327 42.895880293866696
2.0999999999999988 457.51762311884363 41.493439458325554
2.199999999999999 455.9573861468694 40.50468416386364
2.299999999999999 456.5217090312927 40.28213235962614
2.399999999999999 452.6637553952979 39.12493013374111
2.499999999999999 450.5427529876336 40.41976367062528
2.599999999999999 447.7177474492544 40.318597575479615
2.6999999999999993 448.8641858777949 39.965156803122255
2.7999999999999994 446.5441725563869 39.48036973734132
2.8999999999999995 444.28100900130664 40.882956861338464
2.9999999999999996 438.3992968224646 43.63379983728004
3.0999999999999996 438.17265862320994 39.96795790896379
3.1999999999999997 435.1674903899299 41.237269581298584
3.3 429.8534795512767 41.92525801038787
3.4 429.18672343305764 42.70467592809683
3.5 426.39024947167695 41.690540630088094
3.6 423.39588797675384 41.91473797669165
3.7 421.44947770983237 43.036614130014065
3.8000000000000003 415.97550524418966 44.11585564088629
3.9000000000000004 416.58986238062096 44.016445851406694
4.0 411.34989631762187 46.621374890725185
