# Rounds: 100, repetitions: 1000
# Good arm ~ N(5.0,5.0), 4 bad arm(s) ~ N(3.8,5.0)
# Observation noise range from 0.5 to 4.0 with step size 0.1

# Observation noise | mean | standard deviation

0.5 425.79243616998326 68.98564544462222
0.6 430.0317159830214 66.3704045264377
0.7 428.4417901134268 69.96044669474189
0.7999999999999999 429.7774054408377 65.2677638939053
0.8999999999999999 428.7950757163929 67.9593557701491
0.9999999999999999 427.57038400483765 68.06170236800419
1.0999999999999999 429.855492513333 65.24324768297298
1.1999999999999997 428.27409093742557 67.17138777099976
1.2999999999999996 429.82944152336813 65.56029485598181
1.3999999999999995 429.5663817625358 67.44031349623097
1.4999999999999993 428.43670557469534 66.281133200823
1.5999999999999992 426.41392424264376 65.11702446587252
1.699999999999999 429.9146472140017 66.22210177476833
1.799999999999999 426.61339325313116 66.1070994004416
1.8999999999999988 431.14120266156397 67.18698041716338
1.9999999999999987 428.59066046967945 66.04213297859724
2.0999999999999988 429.49473655555136 62.34617479685834
2.199999999999999 427.1950535778711 63.23026778866012
2.299999999999999 430.56465528315925 63.292810033513064
2.399999999999999 429.32039028412703 65.25536818991925
2.499999999999999 428.2435784750674 62.49378265756121
2.599999999999999 426.5604263295511 61.92678520475173
2.6999999999999993 427.8427433966568 61.93650986129731
2.7999999999999994 429.15609054056654 62.521443854440356
2.8999999999999995 430.69517191178363 59.48906835329646
2.9999999999999996 427.0929145870668 60.23523534107818
3.0999999999999996 426.79371802362857 61.24063258023992
3.1999999999999997 428.40448669565797 61.80830137725017
3.3 426.1346775993171 60.229662841897344
3.4 424.31460408888074 59.94141222956701
3.5 424.0165636487858 62.17263048139933
3.6 422.62970026470464 61.293797618219415
3.7 424.9784347215475 58.71628079445101
3.8000000000000003 425.8453070380689 60.249515604973574
3.9000000000000004 425.1154168549172 60.08216907796814
4.0 424.41590614454935 58.089537403300966
