# Rounds: 100, repetitions: 1000
# Good arm ~ N(5.0,0.0), 4 bad arm(s) ~ N(4.5,0.0)
# Observation noise range from 0.5 to 4.0 with step size 0.1

# Observation noise | mean | standard deviation

0.5 493.5270000000004 3.7445016079970252
0.6 491.4804999999996 3.524243186847344
0.7 489.33700000000033 3.6422104135671187
0.7999999999999999 487.32199999999943 3.7360773913657392
0.8999999999999999 485.5225000000001 3.600167350965087
0.9999999999999999 483.58300000000014 3.9200737209876553
1.0999999999999999 481.9969999999999 3.7746839919706177
1.1999999999999997 480.6089999999997 4.162865413203808
1.2999999999999996 479.3189999999999 3.9060204807445635
1.3999999999999995 478.1014999999997 4.2245466673413095
1.4999999999999993 476.9979999999999 4.176833961500259
1.5999999999999992 475.7229999999996 4.140581531067271
1.699999999999999 475.2779999999996 3.9353784066088426
1.799999999999999 474.4649999999998 4.252394367630769
1.8999999999999988 473.7755000000002 4.234947996674166
1.9999999999999987 473.1335000000004 4.266043468704568
2.0999999999999988 472.5515000000005 4.1866006945223795
2.199999999999999 471.8900000000002 4.4284886261016325
2.299999999999999 471.34349999999966 4.299155788115907
2.399999999999999 471.0540000000005 4.491242061529889
2.499999999999999 470.34750000000037 4.389220774694412
2.599999999999999 470.06050000000033 4.231606816121534
2.6999999999999993 469.7009999999993 4.3206211089109345
2.7999999999999994 469.6380000000003 4.156107461222488
2.8999999999999995 469.06500000000017 4.25886286617836
2.9999999999999996 468.5939999999999 4.424447958755959
3.0999999999999996 468.43699999999984 4.136380137347215
3.1999999999999997 468.0185000000001 4.059727717364682
3.3 467.963 4.173013904247751
3.4 467.7970000000001 4.130599575467567
3.5 467.2450000000004 4.181502117655802
3.6 467.09550000000024 4.066160770728753
3.7 467.10550000000035 4.1582942610114975
3.8000000000000003 466.62349999999975 4.073093153591967
3.9000000000000004 466.5195000000001 4.205062698973964
4.0 466.48449999999974 3.8908416054111505
