# Rounds: 100, repetitions: 1000
# Good arm ~ N(5.0,1.0), 4 bad arm(s) ~ N(0.8,1.0)
# Observation noise range from 0.5 to 4.0 with step size 0.1

# Observation noise | mean | standard deviation

0.5 486.26615773364915 10.35612326455218
0.6 486.5418350819019 10.805598296245838
0.7 485.97798776129304 10.859722771649091
0.7999999999999999 485.56793010490804 10.825202001814512
0.8999999999999999 485.3132139332394 10.881720212718792
0.9999999999999999 485.45764485672817 11.174561747403175
1.0999999999999999 484.0793398193312 11.504473905150695
1.1999999999999997 483.96704837393355 12.004340340608197
1.2999999999999996 482.5214323132392 11.279840034500669
1.3999999999999995 482.02148396738073 11.806044674229925
1.4999999999999993 480.51273109734444 12.165354209874195
1.5999999999999992 478.89692972603285 12.433010246006562
1.699999999999999 477.6901940209744 12.53047622069851
1.799999999999999 475.3560205382614 12.771892237933411
1.8999999999999988 473.08316615545556 12.608815646259695
1.9999999999999987 472.26345113488327 13.738907763501095
2.0999999999999988 470.40147019030604 12.908239281269049
2.199999999999999 467.9985879047029 13.02466345391319
2.299999999999999 465.64974168894344 13.577072928788994
2.399999999999999 463.7671331540139 14.127294989400625
2.499999999999999 461.52143089788615 14.134583072626336
2.599999999999999 459.2035553793683 14.558303286304003
2.6999999999999993 456.9083487334587 14.539873027315227
2.7999999999999994 454.2458369676464 14.456706692133226
2.8999999999999995 451.47747488177026 15.716832384657442
2.9999999999999996 449.7252650930603 15.465983986551844
3.0999999999999996 446.7863467558876 15.484605130726086
3.1999999999999997 444.9246281588652 15.296364467700238
3.3 442.2720262250171 16.922034363510868
3.4 438.0509386632494 17.376050391723417
3.5 435.93882276466286 17.449696091556476
3.6 434.20220157419243 17.655275148993862
3.7 430.67654259744796 17.819409054895115
3.8000000000000003 427.0582893961194 18.166350063729293
3.9000000000000004 424.7059298641604 19.27330343468583
4.0 421.21708428678386 19.20183843123169
