# Rounds: 100, repetitions: 1000
# Good arm ~ N(5.0,1.0), 4 bad arm(s) ~ N(2.8,1.0)
# Observation noise range from 0.5 to 4.0 with step size 0.1

# Observation noise | mean | standard deviation

0.5 489.1293934431918 14.610781238674758
0.6 488.7549336749519 18.579536693269308
0.7 488.31230970552093 12.493670880707805
0.7999999999999999 487.5417126834844 12.339813124951005
0.8999999999999999 486.98959631534353 13.334412172330474
0.9999999999999999 485.76534111102535 12.66891926352978
1.0999999999999999 485.14119557312745 12.897404652257189
1.1999999999999997 482.41408104287643 13.192062387396449
1.2999999999999996 481.2096996821018 14.322079580638716
1.3999999999999995 479.75482396464497 14.117893620284391
1.4999999999999993 477.883410578071 13.980136091567063
1.5999999999999992 475.75016504146345 13.662702216724577
1.699999999999999 474.3906442254889 13.53689764629584
1.799999999999999 471.89356061647544 14.565605721474595
1.8999999999999988 469.4984594352574 14.396392744249386
1.9999999999999987 467.18144462676594 14.822742225353565
2.0999999999999988 465.73939923354874 15.084916532358722
2.199999999999999 463.4441820509551 15.144818210763574
2.299999999999999 461.7226132224083 15.430896836057869
2.399999999999999 459.5285398406643 15.754938695438097
2.499999999999999 456.74438551587633 16.909485271089466
2.599999999999999 454.26151896719233 16.527175555781568
2.6999999999999993 452.5158211398663 16.970258515297214
2.7999999999999994 448.90457536337783 17.612202966062807
2.8999999999999995 447.8148024866456 18.348249552986346
2.9999999999999996 444.5675144433828 18.227163444155995
3.0999999999999996 443.27948923241775 18.044973326586344
3.1999999999999997 439.3994791180166 18.47720588219107
3.3 438.381807129642 19.29970069540258
3.4 435.3378810431022 19.240593650974464
3.5 432.517819502141 19.740788987616522
3.6 430.28442882630793 20.341258033311256
3.7 428.2940696140329 20.32425021863045
3.8000000000000003 427.42193561954235 19.836435185411926
3.9000000000000004 423.8120997308903 20.166843737556924
4.0 421.1607092621679 20.36850563892357
