# Rounds: 100, repetitions: 1000
# Good arm ~ N(5.0,3.0), 4 bad arm(s) ~ N(2.1,3.0)
# Observation noise range from 0.5 to 4.0 with step size 0.1

# Observation noise | mean | standard deviation

0.5 437.03517169823476 97.76252025059077
0.6 444.22248549007907 89.29634519303947
0.7 441.6871635389878 89.38244881687548
0.7999999999999999 449.7518360959505 80.84702521141655
0.8999999999999999 445.92238022696796 80.89089586010371
0.9999999999999999 451.2268979275972 76.18994848675301
1.0999999999999999 450.3127887951065 73.57021600672829
1.1999999999999997 449.7867967541455 73.99785124748523
1.2999999999999996 455.5088285150518 64.76244666632542
1.3999999999999995 452.87949982655755 68.07741812719303
1.4999999999999993 455.4143336477147 60.521209879919105
1.5999999999999992 449.57891153913187 62.26320844946293
1.699999999999999 449.4049744748787 60.945159760254796
1.799999999999999 450.8960700098462 56.086931433906756
1.8999999999999988 450.62823430123916 56.732074304411995
1.9999999999999987 450.29743225514363 52.490774892725206
2.0999999999999988 449.2838463628978 52.22618112541599
2.199999999999999 444.6006040083287 53.69264558813722
2.299999999999999 446.77677763959815 46.985971134304684
2.399999999999999 443.54202134575866 51.66327160001632
2.499999999999999 441.26792823804425 49.938111640333
2.599999999999999 439.63942335523126 51.96412957300915
2.6999999999999993 437.8720763410746 50.69183086595161
2.7999999999999994 436.160916130759 50.87112959068166
2.8999999999999995 434.1002492518588 48.930252785299054
2.9999999999999996 431.89776583610666 50.204771634683375
3.0999999999999996 430.3873729205546 47.63035354646107
3.1999999999999997 427.8580948191526 50.0477728383081
3.3 424.70937376908074 50.29216579539975
3.4 422.4474809714996 49.39143401356975
3.5 420.8772494080512 48.83530313334457
3.6 417.8899360447598 52.23206832505732
3.7 412.21982564693667 50.38613456781707
3.8000000000000003 410.30566890372467 51.63807185271361
3.9000000000000004 410.6419094945083 49.963832829743986
4.0 408.6603999844504 51.88000504437274
