# Rounds: 100, repetitions: 1000
# Good arm ~ N(5.0,5.0), 4 bad arm(s) ~ N(3.5,5.0)
# Observation noise range from 0.5 to 4.0 with step size 0.1

# Observation noise | mean | standard deviation

0.5 414.3475330181375 80.89703730977938
0.6 416.1519217581663 76.03309343112537
0.7 416.04730252693497 79.26410172629559
0.7999999999999999 418.3725352647333 77.4599727766652
0.8999999999999999 418.2462465892439 76.18526968632494
0.9999999999999999 412.8329375455275 78.82698891475215
1.0999999999999999 420.4478984051274 76.97477868961074
1.1999999999999997 415.82241267211515 74.17831109547195
1.2999999999999996 418.24157793656786 74.8024960533095
1.3999999999999995 417.8322570876268 72.99841573255968
1.4999999999999993 415.86962561211334 73.67592786187652
1.5999999999999992 420.15323163511664 75.74132197079828
1.699999999999999 417.86636374571714 72.6327454007771
1.799999999999999 423.56754429429435 74.89400749834213
1.8999999999999988 413.7318026737603 72.35964292653216
1.9999999999999987 415.90384262642567 69.43011285522056
2.0999999999999988 420.864159387564 72.546578296661
2.199999999999999 416.6738478056814 70.83428416608594
2.299999999999999 416.8757358851006 70.3366151804393
2.399999999999999 419.7830631260105 69.15091683083934
2.499999999999999 417.9874315019841 70.10671190352303
2.599999999999999 418.2834441328289 67.58115345669077
2.6999999999999993 415.28668044345926 67.35756112003993
2.7999999999999994 417.087800370017 67.63493295196498
2.8999999999999995 417.81508923186277 66.00238366285602
2.9999999999999996 415.2991467665126 67.93159980629744
3.0999999999999996 417.8915989210819 68.57101328123372
3.1999999999999997 414.3998437333101 68.00455564523254
3.3 417.21362380193506 66.00411673768885
3.4 414.1167576525293 64.58036095003405
3.5 414.5385560131706 67.73527542674005
3.6 410.25376884158294 64.47475396614638
3.7 412.941147853405 65.77207559823135
3.8000000000000003 413.19611479484144 65.12162925026611
3.9000000000000004 411.5138942082218 64.28108735904645
4.0 410.5939649595716 62.93666760713362
