# Rounds: 100, repetitions: 1000
# Good arm ~ N(5.0,2.0), 4 bad arm(s) ~ N(2.8,2.0)
# Observation noise range from 0.5 to 4.0 with step size 0.1

# Observation noise | mean | standard deviation

0.5 464.3427965872495 61.03619412181945
0.6 466.01962807001104 58.486624897386626
0.7 468.94080441180785 51.18497154357779
0.7999999999999999 472.60028156438176 44.18788067612554
0.8999999999999999 469.7589765638932 44.160012539413316
0.9999999999999999 469.3751313708915 43.82705553033673
1.0999999999999999 468.7365257942279 43.35312490541059
1.1999999999999997 470.7063509370603 37.814942530930885
1.2999999999999996 468.8619428491735 39.57939366767962
1.3999999999999995 466.22191098954136 37.78272391846936
1.4999999999999993 469.70382745086073 30.519934143811817
1.5999999999999992 465.09379735643944 33.840228040139756
1.699999999999999 464.2619232817619 34.74690969517418
1.799999999999999 463.2166245863576 33.202414440569946
1.8999999999999988 459.28530124657175 35.10440193930404
1.9999999999999987 458.0204828918291 34.318324703748466
2.0999999999999988 455.6856196622159 31.7276558630471
2.199999999999999 453.7227460440048 33.41390182702974
2.299999999999999 454.25235685602314 30.99403188074361
2.399999999999999 452.2611344401933 32.23278553733812
2.499999999999999 449.8303667782578 32.24012964917506
2.599999999999999 448.0897654640299 31.45263377706413
2.6999999999999993 446.42046624489217 31.3916440604311
2.7999999999999994 441.86435554538303 33.470755746930394
2.8999999999999995 440.453168902382 33.56362181272291
2.9999999999999996 438.5492256205938 33.39838145010392
3.0999999999999996 435.55801614108833 33.21073618477371
3.1999999999999997 434.6902822279619 32.845935618372756
3.3 432.51772397622625 33.65673515041558
3.4 431.23216847250234 35.19019702264156
3.5 427.7551924127872 34.589506881559345
3.6 425.6127383499348 33.03880956359004
3.7 423.7161665842719 35.31351001484733
3.8000000000000003 419.50018308984727 33.411780148651566
3.9000000000000004 416.6957675387464 34.05702687635005
4.0 415.11247251708915 34.37158100237102
