# Rounds: 100, repetitions: 1000
# Good arm ~ N(5.0,3.0), 4 bad arm(s) ~ N(2.6,3.0)
# Observation noise range from 0.5 to 4.0 with step size 0.1

# Observation noise | mean | standard deviation

0.5 438.85746531113745 87.6420948418657
0.6 436.445077475775 87.28623279253948
0.7 440.73464142371444 82.84182410317915
0.7999999999999999 440.8713594820591 81.7752841342252
0.8999999999999999 444.1853544408063 77.2224112087144
0.9999999999999999 443.68168160733273 77.94610829336892
1.0999999999999999 444.9898216816975 75.83703241298254
1.1999999999999997 448.5846852409766 68.24593797061982
1.2999999999999996 448.47250209076833 67.21908215362147
1.3999999999999995 446.8592565554762 66.25945921363348
1.4999999999999993 451.5748460903303 60.78196569596252
1.5999999999999992 450.41835923500867 61.87516425485772
1.699999999999999 448.05334369205036 61.153695238734116
1.799999999999999 444.8683819188361 57.53627819486431
1.8999999999999988 446.47599412161225 60.74751609870865
1.9999999999999987 445.8595452310694 54.43893156522154
2.0999999999999988 440.8824569832765 57.37822321014406
2.199999999999999 444.4345743994345 53.88244936512914
2.299999999999999 439.8088041253908 54.59678359987559
2.399999999999999 441.53895496808855 51.752712943848074
2.499999999999999 436.86971107351945 54.524232203814286
2.599999999999999 437.8555758530059 51.870575508543645
2.6999999999999993 433.2053725612161 52.16576027363978
2.7999999999999994 433.3338100917862 52.786997884885494
2.8999999999999995 429.36458691245474 53.11968153188018
2.9999999999999996 429.489884150969 49.220840194937786
3.0999999999999996 426.11249528803694 52.70042399509356
3.1999999999999997 424.112713546701 50.70994527586495
3.3 421.1958026713931 52.728098824790585
3.4 420.017374078934 50.151324961128886
3.5 419.51652804026975 49.27398975816896
3.6 415.7052635866906 49.28689206513019
3.7 413.35338658045094 52.13536266424654
3.8000000000000003 411.43742294903666 51.64599252580016
3.9000000000000004 409.1132581675645 50.982749743675164
4.0 410.1807397581243 48.177899426085
