# Rounds: 100, repetitions: 1000
# Good arm ~ N(5.0,3.0), 4 bad arm(s) ~ N(4.7,3.0)
# Observation noise range from 0.5 to 4.0 with step size 0.1

# Observation noise | mean | standard deviation

0.5 482.3350753290922 30.51912483943319
0.6 483.41371874404774 30.860348329207
0.7 482.60654066016605 30.24898484696574
0.7999999999999999 483.28034514069475 31.689475290252233
0.8999999999999999 481.6467933348573 32.57286763300382
0.9999999999999999 481.8791964784321 31.60889342311356
1.0999999999999999 481.9143134904317 30.887138249503415
1.1999999999999997 482.23521383082976 30.393716796533784
1.2999999999999996 481.52939983342986 31.163143347447484
1.3999999999999995 480.76290764619205 31.666255674679896
1.4999999999999993 483.2157605767762 31.321743008387152
1.5999999999999992 481.46343881788846 32.04309002347116
1.699999999999999 483.5591868027172 32.23243842755334
1.799999999999999 481.82794941293577 30.610117792233126
1.8999999999999988 482.08394025923263 31.61387666103226
1.9999999999999987 482.10514526100945 30.079851489884064
2.0999999999999988 482.67843527892404 31.052641638173295
2.199999999999999 481.0661725505928 30.982518683576338
2.299999999999999 482.5862482063422 31.224837380010733
2.399999999999999 481.4179048909459 32.191530963017094
2.499999999999999 482.28064030720407 30.263305297306626
2.599999999999999 481.5110397769714 30.258223504819195
2.6999999999999993 480.98549211593047 31.22927328516693
2.7999999999999994 480.9129845481025 31.529118172491568
2.8999999999999995 480.1134200924956 30.850827766807175
2.9999999999999996 481.6603180115711 30.62304303931247
3.0999999999999996 481.73728158753875 30.256803022864545
3.1999999999999997 481.5644029759647 30.04137513804355
3.3 480.8098707018515 30.220948102824128
3.4 479.96996622293557 30.452530817807112
3.5 479.923250018073 31.1380628962361
3.6 479.7205732039812 29.721811800752537
3.7 481.83177740006454 30.025882232984344
3.8000000000000003 481.29585691900934 30.94900406773424
3.9000000000000004 480.8394914696421 30.373589586925117
4.0 481.4970910228964 30.200405371824132
