# Rounds: 100, repetitions: 1000
# Good arm ~ N(5.0,1.0), 4 bad arm(s) ~ N(2.1,1.0)
# Observation noise range from 0.5 to 4.0 with step size 0.1

# Observation noise | mean | standard deviation

0.5 489.37859531002016 11.49856243763158
0.6 489.0363260035542 11.525047334118945
0.7 488.69778492549665 11.490890257009276
0.7999999999999999 488.10589899840045 11.734645945047589
0.8999999999999999 486.61354943839785 12.162383328549616
0.9999999999999999 486.3302115059177 12.272921803559639
1.0999999999999999 485.0124624773706 12.421571611123703
1.1999999999999997 483.41512167498263 12.27689087583098
1.2999999999999996 482.33584711020853 12.404493359983404
1.3999999999999995 481.1147752768002 12.13148459340261
1.4999999999999993 479.76817472794835 13.097535183189342
1.5999999999999992 478.3414503868427 12.857661896354859
1.699999999999999 475.58884015137227 13.140697587095472
1.799999999999999 475.35395550559684 13.667218480995613
1.8999999999999988 472.3935226240931 14.469655910771074
1.9999999999999987 469.4599548844672 14.302286256548122
2.0999999999999988 468.5099036888976 14.937281829247931
2.199999999999999 466.86463820811156 14.225429710232389
2.299999999999999 464.1000407451942 14.208099537545872
2.399999999999999 461.4667082237668 15.068258055931736
2.499999999999999 459.497801719879 15.242990109800255
2.599999999999999 457.00972940043266 15.008647566107667
2.6999999999999993 454.51487311333796 15.156788606552592
2.7999999999999994 453.15010003453995 16.015297320039938
2.8999999999999995 449.053593207644 16.37961792880447
2.9999999999999996 447.64128136307266 17.064508000559858
3.0999999999999996 444.1184551555489 17.24560829825319
3.1999999999999997 442.5513768490964 17.655293007032185
3.3 440.04434355067434 17.73499444454905
3.4 438.58347558425584 17.922764492848252
3.5 434.40353996472254 17.957731119145024
3.6 431.0751394163505 18.34304389851863
3.7 430.15464169458096 18.48431814515152
3.8000000000000003 427.0382105728684 18.58703308789113
3.9000000000000004 424.51298494973474 19.033314871323633
4.0 421.4613796756037 19.6199520466553
