# Rounds: 100, repetitions: 1000
# Good arm ~ N(5.0,1.0), 4 bad arm(s) ~ N(4.6,1.0)
# Observation noise range from 0.5 to 4.0 with step size 0.1

# Observation noise | mean | standard deviation

0.5 484.77338538665464 16.411764013497546
0.6 483.94856303580775 14.914721964181938
0.7 482.8756983874978 14.638840099473487
0.7999999999999999 482.6146972864228 14.753927371043849
0.8999999999999999 482.23736376113635 13.992193082649656
0.9999999999999999 480.74088460198493 14.030646147575455
1.0999999999999999 481.3302132965002 12.993320888801517
1.1999999999999997 479.51191554703126 13.076426489906437
1.2999999999999996 479.74619129813544 12.546298547826913
1.3999999999999995 478.96782335517423 12.563153245046996
1.4999999999999993 479.0942123915981 12.54970189796691
1.5999999999999992 478.15846837846925 13.063716737677886
1.699999999999999 477.25794207436587 11.391240205909284
1.799999999999999 477.3968770236388 11.591776532827922
1.8999999999999988 477.3451585763689 11.933015661746655
1.9999999999999987 476.8458580252705 11.485958307826612
2.0999999999999988 476.2813402631682 11.6057469892397
2.199999999999999 475.8967884060103 11.250934970672713
2.299999999999999 476.13094007299196 11.037792666990349
2.399999999999999 476.61669698305565 11.427500992140722
2.499999999999999 474.8359608155907 10.945367020492158
2.599999999999999 475.76605863630823 11.234324045881092
2.6999999999999993 474.66251692696994 10.877872385551342
2.7999999999999994 475.6635522930695 11.256736734527076
2.8999999999999995 474.8474554044086 10.943620395111438
2.9999999999999996 474.51539535780455 10.908404714337493
3.0999999999999996 474.49226376266313 11.0395875282375
3.1999999999999997 474.5226307350713 10.96177210779975
3.3 473.58568236314727 10.894319490744051
3.4 473.3491541441092 11.027767546487421
3.5 473.95070610394464 11.244254319408027
3.6 473.57190119832666 10.639670892551543
3.7 473.652875384814 10.956574713017874
3.8000000000000003 473.6317311043991 10.939576775736255
3.9000000000000004 473.24832749043907 11.14178092039913
4.0 473.5519865268911 10.551659193454585
