# Rounds: 100, repetitions: 1000
# Good arm ~ N(5.0,5.0), 4 bad arm(s) ~ N(1.6,5.0)
# Observation noise range from 0.5 to 4.0 with step size 0.1

# Observation noise | mean | standard deviation

0.5 380.16928283349785 142.40529612639295
0.6 381.39265478799786 141.81391034384848
0.7 394.56092523785844 135.66879338444195
0.7999999999999999 386.0684855267364 137.01271992399109
0.8999999999999999 393.9920639529755 130.2302739490803
0.9999999999999999 382.3601029589915 134.24274516283373
1.0999999999999999 396.9533772583917 128.5618958121782
1.1999999999999997 401.6862102628768 123.09774280197486
1.2999999999999996 398.8632589256785 123.41385155660718
1.3999999999999995 404.077103838249 119.72414193605803
1.4999999999999993 404.6984643135382 117.12436515282432
1.5999999999999992 409.9755297272712 113.378751023267
1.699999999999999 409.2868782610823 112.06827869701851
1.799999999999999 408.72449389858923 110.81347040454443
1.8999999999999988 407.6683323377062 109.7232552549939
1.9999999999999987 411.10077398899176 101.85595198525212
2.0999999999999988 411.8817842686987 104.18954000645377
2.199999999999999 405.88714546287616 103.5119902569999
2.299999999999999 407.02431902156127 99.12322066753087
2.399999999999999 407.0820981308945 97.97191022944821
2.499999999999999 413.6500504296069 96.03517663528058
2.599999999999999 407.3706381111549 94.47313502928152
2.6999999999999993 402.820565403618 94.9415976464657
2.7999999999999994 407.5006555769628 95.70431709671921
2.8999999999999995 409.0563977779594 89.35452200144624
2.9999999999999996 402.71126118067514 88.77305113414188
3.0999999999999996 407.6347439405035 85.18766513982182
3.1999999999999997 402.63815513536775 89.59067687655558
3.3 397.2133847726963 88.38064613484492
3.4 399.09807614794244 85.93964907232122
3.5 397.8496973304697 88.52788084346356
3.6 389.189765348514 89.30773254271753
3.7 392.6415860618724 85.16819029161526
3.8000000000000003 389.29788769694113 83.29739238299972
3.9000000000000004 388.1572179656435 85.42512528616808
4.0 388.0036240519326 86.7582656373717
