# Rounds: 100, repetitions: 1000
# Good arm ~ N(5.0,4.0), 4 bad arm(s) ~ N(1.5,4.0)
# Observation noise range from 0.5 to 4.0 with step size 0.1

# Observation noise | mean | standard deviation

0.5 413.76662030405913 131.81478742367702
0.6 424.2480496399846 115.66444159032186
0.7 413.95134786487796 127.62682571561542
0.7999999999999999 426.37657205572333 114.25957633304984
0.8999999999999999 431.1358541662543 108.50707367347734
0.9999999999999999 425.43899896925166 110.32832762201282
1.0999999999999999 422.7811458557888 110.39689791483623
1.1999999999999997 429.59645987428644 104.90183163942486
1.2999999999999996 439.18208229696694 91.17278545547909
1.3999999999999995 432.79005979467456 98.85886780827609
1.4999999999999993 431.1046985319612 93.50226998991874
1.5999999999999992 437.19728133695537 83.33226927782908
1.699999999999999 435.4467808601578 87.97149178090498
1.799999999999999 436.0868627045912 81.50276503803764
1.8999999999999988 434.30347223202455 80.78775048695836
1.9999999999999987 434.7345835954964 77.73182235937189
2.0999999999999988 432.9232038735565 77.0080480063258
2.199999999999999 435.1841209579773 74.30426737933968
2.299999999999999 432.3388245586807 70.92284690465712
2.399999999999999 427.2290441948734 75.79701770908063
2.499999999999999 432.8287721555244 70.9989942080138
2.599999999999999 426.4926808004182 74.62245228167404
2.6999999999999993 425.1659894303099 70.01214311629859
2.7999999999999994 428.0268300625782 67.99599181683432
2.8999999999999995 420.2326689718522 69.50931650636964
2.9999999999999996 418.17990902858435 70.98027592605497
3.0999999999999996 423.2238914964735 67.83425318024837
3.1999999999999997 416.6330341306536 66.07066986680702
3.3 413.63786942606686 70.49882125373725
3.4 418.3814412408512 63.56594194028928
3.5 414.3866266926987 62.85589525633705
3.6 410.0228351094643 65.77846371253682
3.7 406.37987477884013 65.06736634040283
3.8000000000000003 407.6474972413673 66.9693112742841
3.9000000000000004 402.22622805776365 67.44425861433191
4.0 395.5774080513604 65.57655771334544
