# Rounds: 100, repetitions: 1000
# Good arm ~ N(5.0,0.0), 4 bad arm(s) ~ N(2.3,0.0)
# Observation noise range from 0.5 to 4.0 with step size 0.1

# Observation noise | mean | standard deviation

0.5 491.48379999999946 4.866905004653824
0.6 491.2624000000002 4.672834431222858
0.7 491.0382999999996 5.17487414653075
0.7999999999999999 491.07339999999994 5.029909783726997
0.8999999999999999 490.10679999999996 5.566188661572314
0.9999999999999999 488.98899999999986 5.912874181062956
1.0999999999999999 487.67679999999996 6.20190659437929
1.1999999999999997 485.5788999999997 6.847672261827804
1.2999999999999996 484.56369999999976 5.9731256926788845
1.3999999999999995 482.83840000000055 6.178206509633338
1.4999999999999993 481.7179000000001 6.09145429313935
1.5999999999999992 479.6955999999998 5.9107239232852935
1.699999999999999 477.4816000000002 6.289645544947752
1.799999999999999 475.55110000000053 6.697144954422051
1.8999999999999988 473.77450000000016 6.634429546344224
1.9999999999999987 471.4686999999995 7.00032533992991
2.0999999999999988 469.9324000000002 6.951377697398692
2.199999999999999 467.64550000000014 7.09472443896626
2.299999999999999 465.0615999999997 7.658097145629058
2.399999999999999 463.08250000000004 8.276621666852733
2.499999999999999 460.76320000000055 7.981815278189254
2.599999999999999 458.86239999999975 8.1401061152523
2.6999999999999993 455.5252000000002 9.35737385196327
2.7999999999999994 453.75939999999986 8.823753751679051
2.8999999999999995 451.47249999999997 9.268577035892314
2.9999999999999996 448.87780000000004 10.019137201888723
3.0999999999999996 446.6043999999999 9.925256236055137
3.1999999999999997 443.6424999999999 10.383655620929177
3.3 441.0235000000001 10.654415719518541
3.4 438.09670000000006 10.9829633794616
3.5 435.33189999999985 11.740840673892562
3.6 433.3339000000004 11.605172157741158
3.7 430.4097999999999 12.3396235870577
3.8000000000000003 427.2129999999997 12.697470486547964
3.9000000000000004 424.5102999999998 13.335286790458772
4.0 422.3880999999998 13.101577757267645
