# Rounds: 10000, repetitions: 1000
# Good arm ~ N(5.0,1.0), 16 bad arm(s) ~ N(0.0,1.0)
# Observation noise range from 0.5 to 8.0 with step size 0.1

# Observation noise | mean | standard deviation

0.5 49925.06640133791 97.75384081800114
0.6 49922.44296699262 98.9279410255332
0.7 49918.8202139198 98.90081737688409
0.7999999999999999 49916.90735537658 101.98392937377966
0.8999999999999999 49919.797850585535 99.39155602101648
0.9999999999999999 49912.998571147895 102.32749258395907
1.0999999999999999 49913.8711224665 102.96072246016799
1.1999999999999997 49901.29592907988 96.97987209293326
1.2999999999999996 49894.29482048568 98.18086362516692
1.3999999999999995 49882.94572870158 102.9527858583509
1.4999999999999993 49867.13127360909 99.33023539065832
1.5999999999999992 49847.62476701001 102.18751794885826
1.699999999999999 49837.15124669589 102.05410112086108
1.799999999999999 49825.953982415245 100.65693998740512
1.8999999999999988 49805.51123968852 106.18450851507419
1.9999999999999987 49792.329080268675 102.01395990679113
2.0999999999999988 49778.13304861403 100.3337766142927
2.199999999999999 49761.28918175174 103.23915619167644
2.299999999999999 49746.26655506752 97.0155481315643
2.399999999999999 49728.31774389892 103.32918855110992
2.499999999999999 49703.48995002632 98.08501173615416
2.599999999999999 49683.862461768316 98.73658768454828
2.6999999999999993 49670.473975935965 101.36717542070679
2.7999999999999994 49651.67442889204 102.20755438941693
2.8999999999999995 49626.382282771134 104.47296831591122
2.9999999999999996 49597.406351844984 105.51470989769807
3.0999999999999996 49585.02203399329 99.3746916765109
3.1999999999999997 49560.19529723163 108.53571676033991
3.3 49537.00574616722 103.47560205733991
3.4 49513.22033552003 103.37175914054507
3.5 49489.38267436905 104.29350936267399
3.6 49476.23440838821 102.80509197984742
3.7 49442.34148900705 101.89445333723206
3.8000000000000003 49411.40452058345 100.91328268223546
3.9000000000000004 49393.13208809072 103.08325152490217
4.0 49365.995411794844 99.48722884315552
4.1 49339.08241517793 103.11042897790357
4.199999999999999 49316.156326365184 102.39205464675973
4.299999999999999 49276.80718875492 106.71578773067897
4.399999999999999 49256.43077779267 103.28628692175816
4.499999999999998 49229.00131590934 103.43787543388294
4.599999999999998 49201.505420013345 106.13607300990228
4.6999999999999975 49168.713185768735 105.47820482387124
4.799999999999997 49146.81501779661 103.09350657844163
4.899999999999997 49115.62582111602 105.33595997950358
4.9999999999999964 49083.76761899105 101.87882354788155
5.099999999999996 49056.79555436181 107.22553980853115
5.199999999999996 49021.72354425789 107.10328931848358
5.299999999999995 48995.44973115985 105.9165939129981
5.399999999999995 48954.96594397674 105.85853707408431
5.499999999999995 48932.676433498884 106.39766950583866
5.599999999999994 48899.70837895075 105.56764238057706
5.699999999999994 48861.918776716644 110.13796575444006
5.799999999999994 48836.87596307605 105.70755560321216
5.899999999999993 48801.38769512564 110.35034517821376
5.999999999999993 48767.761436242254 110.73452975902244
6.0999999999999925 48734.89962161194 109.43377896478597
6.199999999999992 48698.77635659874 107.53866004485062
6.299999999999992 48661.9487054939 110.71076736404153
6.3999999999999915 48623.719471462726 106.41296394204792
6.499999999999991 48586.54955059531 106.04849082247101
6.599999999999991 48551.49738510415 107.6525361053133
6.69999999999999 48514.93549208147 109.560047112323
6.79999999999999 48477.04071899186 105.4797714783102
6.89999999999999 48446.77543827901 112.47522892603125
6.999999999999989 48395.29861379973 111.17401037080094
7.099999999999989 48374.9332594329 110.26837822317705
7.199999999999989 48330.56290650542 108.2839853816221
7.299999999999988 48296.26868664683 108.6081544677805
7.399999999999988 48261.658740754036 111.74050257372014
7.499999999999988 48213.83960393178 113.62512759382143
7.599999999999987 48174.6513219828 114.00134901866512
7.699999999999987 48140.218869542376 109.79590559871345
7.7999999999999865 48101.203038802516 109.67911989821805
7.899999999999986 48056.90935166858 114.69727431488784
7.999999999999986 48018.71847746464 112.84126205532017
