# Rounds: 10000, repetitions: 1000
# Good arm ~ N(5.0,2.0), 16 bad arm(s) ~ N(4.0,2.0)
# Observation noise range from 0.5 to 8.0 with step size 0.1

# Observation noise | mean | standard deviation

0.5 48306.00386293072 3482.7676320749747
0.6 48564.025654742334 3122.642248522281
0.7 48635.695779087684 3049.0740912860856
0.7999999999999999 49005.483671829556 2493.8952710998433
0.8999999999999999 49259.18533745304 1983.2418770400695
0.9999999999999999 49468.435292057526 1495.089282246095
1.0999999999999999 49484.88305637543 1348.5157846908737
1.1999999999999997 49508.046503974285 1172.7208928436664
1.2999999999999996 49564.1598042877 884.7622593849773
1.3999999999999995 49569.109867491614 727.5783228114208
1.4999999999999993 49578.77541540716 530.4753418404566
1.5999999999999992 49527.77235008574 591.9544879206068
1.699999999999999 49497.09169966728 543.4784451105152
1.799999999999999 49500.32908622458 259.32974804582756
1.8999999999999988 49449.22038177304 306.8172865209768
1.9999999999999987 49416.18431241395 235.3518897031656
2.0999999999999988 49361.43759651007 239.90192214255808
2.199999999999999 49310.710196028595 263.12399773084684
2.299999999999999 49267.06690980361 232.49035451325787
2.399999999999999 49214.47604678322 240.2307964014884
2.499999999999999 49171.48506703932 238.98144341275636
2.599999999999999 49108.64374421384 250.63176966165025
2.6999999999999993 49075.62491906232 235.8325548663408
2.7999999999999994 49014.98351914517 242.23487212534238
2.8999999999999995 48951.76599872434 241.0492668786265
2.9999999999999996 48908.95943354065 241.2760480331766
3.0999999999999996 48848.34619743274 240.70813959994032
3.1999999999999997 48783.83364374 247.60534818822606
3.3 48743.351469968555 250.224418934775
3.4 48682.61596128592 238.40078478242214
3.5 48609.82575545523 247.0507505337417
3.6 48556.03754890415 252.60645398372858
3.7 48499.54218419281 251.19342281062032
3.8000000000000003 48432.25590083372 254.75042550539573
3.9000000000000004 48363.42325411401 253.79064700430595
4.0 48328.647491357384 257.3421792404578
4.1 48246.023899561704 264.6036430442507
4.199999999999999 48200.87678008157 271.09154873121423
4.299999999999999 48131.89285154544 271.8085140667861
4.399999999999999 48064.188888577424 271.43977872672235
4.499999999999998 48006.55842002905 268.0656638363744
4.599999999999998 47949.83629485688 274.20346452962696
4.6999999999999975 47887.537431485485 289.13277769556765
4.799999999999997 47834.81848151632 273.55732660261424
4.899999999999997 47743.18266788883 282.58248179799574
4.9999999999999964 47675.76487703268 282.0558637333924
5.099999999999996 47637.272436257765 293.3721000715626
5.199999999999996 47559.73412478242 279.89060205432463
5.299999999999995 47503.52574866511 300.96641167116513
5.399999999999995 47430.00047017503 293.0809497179429
5.499999999999995 47379.915890748984 306.8180801216122
5.599999999999994 47314.4117651781 301.16957328146003
5.699999999999994 47250.088678447166 293.9034427734092
5.799999999999994 47187.22147588282 299.89809240042564
5.899999999999993 47117.42594611341 307.7964209186968
5.999999999999993 47055.56355885672 314.8254846454838
6.0999999999999925 46994.400900191205 303.90844817494263
6.199999999999992 46925.844302704914 308.4713398717217
6.299999999999992 46857.90687171545 322.45727522697666
6.3999999999999915 46832.99997008625 303.0806423974671
6.499999999999991 46768.72920075097 306.2613827799401
6.599999999999991 46675.84714300389 332.00933428700296
6.69999999999999 46612.28076651305 326.357875308833
6.79999999999999 46565.39655213492 311.48463316394367
6.89999999999999 46488.120243987825 335.2757597658649
6.999999999999989 46446.20191327081 326.7790530935277
7.099999999999989 46359.58838161145 327.151490330891
7.199999999999989 46307.902894234714 348.0618664930939
7.299999999999988 46242.908574034445 336.0960589573123
7.399999999999988 46200.96465677229 335.10154111216707
7.499999999999988 46133.50039295528 346.913130614933
7.599999999999987 46078.475704453806 332.83720671650644
7.699999999999987 46012.92112599785 344.1700739634642
7.7999999999999865 45956.28188778323 348.37430169335977
7.899999999999986 45909.1440622877 341.9179518850742
7.999999999999986 45828.29192296117 361.91858365271185
