# Rounds: 10, repetitions: 1000
# Good arm ~ N(5.0,2.0), 7 bad arm(s) ~ N(3.0,2.0)
# Observation noise range from 0.5 to 8.0 with step size 0.1

# Observation noise | mean | standard deviation

0.5 38.3981270662163 9.09362441793412
0.6 38.88396725620532 8.96525747001999
0.7 38.09693062074409 8.819095066941172
0.7999999999999999 38.55506438655668 8.581026511897766
0.8999999999999999 38.258391633292376 8.679040571306622
0.9999999999999999 38.21564763926096 8.604953150694474
1.0999999999999999 37.62197452580123 8.355631500146592
1.1999999999999997 38.60632765948354 8.912947875458896
1.2999999999999996 38.06065667219819 8.269058286464949
1.3999999999999995 37.472933592101256 8.396201945880986
1.4999999999999993 37.56585156363349 8.25255763946051
1.5999999999999992 37.38082812401134 8.206128778779886
1.699999999999999 37.47969122040555 7.873377773638279
1.799999999999999 37.119489471033965 7.747718159981368
1.8999999999999988 37.29134276963995 8.096758345469254
1.9999999999999987 37.221928498548486 8.069911786891396
2.0999999999999988 36.86485712224168 7.686777143454377
2.199999999999999 36.99367131923524 7.845065145500419
2.299999999999999 36.913763906114895 7.7997446904192165
2.399999999999999 36.69897852993627 7.454526652692959
2.499999999999999 37.266162806300315 7.751699216634084
2.599999999999999 37.063834877473475 7.909335170824582
2.6999999999999993 36.57186914693533 7.340982769622208
2.7999999999999994 36.097228105182936 7.581664327699528
2.8999999999999995 36.14199349080607 7.438046922131387
2.9999999999999996 36.3889570561697 7.243858396879048
3.0999999999999996 36.077938950923354 7.421851319973614
3.1999999999999997 36.08716482192393 7.327445150537117
3.3 36.65568444264821 7.462619927573959
3.4 36.24052565698319 7.012745315683344
3.5 36.071767506298464 7.1985386932599695
3.6 36.05775771063548 7.3679474508973275
3.7 36.17735371884795 7.09061163791566
3.8000000000000003 36.19091454323998 7.559686984581057
3.9000000000000004 36.02926492484069 7.068227640096209
4.0 36.480929723167264 7.214580554286961
4.1 35.934217538268726 7.193406284107816
4.199999999999999 36.112160522783824 7.175362333869445
4.299999999999999 36.073979243116845 7.066020452812774
4.399999999999999 35.974685530253105 7.289421277921248
4.499999999999998 35.776720360837274 7.579191932013196
4.599999999999998 35.56164279431797 7.2490691782814825
4.6999999999999975 35.97431073576642 6.856901036261368
4.799999999999997 35.43790883743274 6.8583170987328375
4.899999999999997 35.570674787493616 6.790196936554043
4.9999999999999964 35.892632389065795 6.853634265895034
5.099999999999996 35.926661166568515 7.14383333132006
5.199999999999996 35.558199479041946 6.952063281815115
5.299999999999995 35.40311285831531 6.825143731294163
5.399999999999995 35.647675184129604 7.192455865837034
5.499999999999995 35.69258363675211 6.84965612134747
5.599999999999994 35.859734218919584 6.920961836705299
5.699999999999994 35.884584289349505 7.078847570623862
5.799999999999994 35.6075540212205 6.716862330190539
5.899999999999993 35.589996361600626 7.246325789681806
5.999999999999993 35.56870574882312 6.925943982211256
6.0999999999999925 35.88298202634706 7.145162547180702
6.199999999999992 35.64208715599778 7.301792479474839
6.299999999999992 35.85770461700836 7.25284678804232
6.3999999999999915 35.42131182571293 7.021264678133136
6.499999999999991 35.50675466100009 7.078220760661467
6.599999999999991 35.66079165260703 6.787301091438542
6.69999999999999 35.35550467154293 6.788783778965769
6.79999999999999 35.89717903821821 7.099436222128091
6.89999999999999 35.94155477747108 6.997444090856245
6.999999999999989 35.5678339166827 7.096585385721688
7.099999999999989 35.66802012042182 6.984317052695313
7.199999999999989 35.85277299010098 7.007207184361691
7.299999999999988 35.71864133929201 6.8371816885328975
7.399999999999988 35.56291176354785 6.935275983793765
7.499999999999988 35.635329105880864 6.937527401357325
7.599999999999987 35.571455419694644 6.961876665414414
7.699999999999987 35.5999339180132 7.207697406655711
7.7999999999999865 35.47234185821387 6.98480604178265
7.899999999999986 35.30815417000348 7.1351528091913785
7.999999999999986 35.75702097354123 6.831266445839876
