# Rounds: 10, repetitions: 1000
# Good arm ~ N(5.0,3.0), 7 bad arm(s) ~ N(1.0,3.0)
# Observation noise range from 0.5 to 8.0 with step size 0.1

# Observation noise | mean | standard deviation

0.5 25.832067604043214 15.905897741399533
0.6 24.228702352886273 15.062481296688267
0.7 24.968686833442586 15.393966070960124
0.7999999999999999 24.96360987853132 15.166669396073072
0.8999999999999999 25.482377208476787 15.61352268825665
0.9999999999999999 23.62685426609201 14.411440897741457
1.0999999999999999 24.225629870120017 15.447039248136631
1.1999999999999997 23.741257020425262 15.09009567845912
1.2999999999999996 22.883640700024934 14.885914433895516
1.3999999999999995 23.95136332277884 15.488220017592788
1.4999999999999993 23.94787336030709 14.429431962872869
1.5999999999999992 22.18331000269434 14.774657316408744
1.699999999999999 22.27290407174089 14.294320618020565
1.799999999999999 23.060525768605366 14.896737258806985
1.8999999999999988 21.667280109876813 13.997244386827665
1.9999999999999987 21.52213388162576 13.983053375038883
2.0999999999999988 21.69606314691061 14.068529351069538
2.199999999999999 20.6781990596573 12.999384411837704
2.299999999999999 21.012686581203795 13.770197153361622
2.399999999999999 20.80601389759101 13.415881053042902
2.499999999999999 20.655205395835665 13.322545611291098
2.599999999999999 20.359239910673036 13.316215806834713
2.6999999999999993 19.75735490072317 12.620820940355628
2.7999999999999994 19.645507025870966 12.59827524513164
2.8999999999999995 19.52383108931926 12.888344132293485
2.9999999999999996 19.86651383194045 12.855043119499062
3.0999999999999996 19.849335074953512 12.629094471223194
3.1999999999999997 19.234738475732442 12.400043627334709
3.3 18.62534394764017 12.194143023199432
3.4 19.165442335285743 11.765545411347754
3.5 18.79962270449743 12.146636713077632
3.6 18.468945371806782 12.301785528851893
3.7 18.423660955598603 11.496057666716073
3.8000000000000003 18.14966375885625 11.56706576905522
3.9000000000000004 18.48698286054801 12.024082418081539
4.0 18.290231489827487 11.523433422962144
4.1 17.449713283111695 11.468955331595145
4.199999999999999 17.657566395756287 11.176436936666885
4.299999999999999 18.166133003431767 11.41786727465741
4.399999999999999 17.57527827278808 11.001383932101538
4.499999999999998 17.74522313450355 11.286526090594275
4.599999999999998 17.59734263374643 11.438429893397434
4.6999999999999975 17.82440248878375 11.436111116055141
4.799999999999997 17.442622662267294 11.614457916828732
4.899999999999997 17.699060890871355 11.42884306024
4.9999999999999964 17.29845737561975 11.667753601340921
5.099999999999996 17.85777885637196 11.498558691109265
5.199999999999996 17.485786418173326 11.722949566486916
5.299999999999995 17.27561315304228 11.33899395615803
5.399999999999995 17.978941784715108 11.315036786009331
5.499999999999995 17.424772733995724 11.366019971892328
5.599999999999994 17.106795282375835 11.270377968510688
5.699999999999994 17.08407524999173 11.273810858530489
5.799999999999994 17.25484892408335 11.063906127715795
5.899999999999993 16.816194712352544 10.780510613924504
5.999999999999993 17.431029295669237 11.150358332529546
6.0999999999999925 16.87228477982488 11.162420145586433
6.199999999999992 16.291740296274067 11.222475118614618
6.299999999999992 17.009036079386213 11.55298055834755
6.3999999999999915 17.16093994301112 11.37631099991931
6.499999999999991 17.07520946190607 11.372277408927335
6.599999999999991 16.84786541469239 10.903871664137593
6.69999999999999 16.75281786326533 11.303476206416452
6.79999999999999 16.416994961717652 10.909475434820541
6.89999999999999 16.64970605447406 11.255227931550479
6.999999999999989 16.245941274616037 11.74113803874538
7.099999999999989 16.46810972365889 10.418775935496694
7.199999999999989 16.3440709079623 10.926260455339715
7.299999999999988 16.65101196084448 10.978373493557216
7.399999999999988 16.55080780373939 11.326858947221371
7.499999999999988 16.580450911487393 10.856691845049212
7.599999999999987 15.969347638458894 10.948490604498623
7.699999999999987 17.366090126050306 11.30788060758639
7.7999999999999865 16.8074993880305 11.44598774863109
7.899999999999986 17.258382728055853 11.030051644832291
7.999999999999986 16.116052792805995 11.274934467270668
