# Rounds: 10, repetitions: 1000
# Good arm ~ N(5.0,2.0), 7 bad arm(s) ~ N(4.5,2.0)
# Observation noise range from 0.5 to 8.0 with step size 0.1

# Observation noise | mean | standard deviation

0.5 50.153551700318765 6.786109748680031
0.6 50.43139925899522 6.552643147694863
0.7 50.049516288304766 6.783906825934176
0.7999999999999999 50.228846978198966 6.927949020555935
0.8999999999999999 49.88935620009344 6.737901055496059
0.9999999999999999 50.285683727619 6.685579911450382
1.0999999999999999 50.02853989530529 6.636946272326583
1.1999999999999997 50.348977492344595 6.7881851445613375
1.2999999999999996 50.58438853140896 6.526968570756594
1.3999999999999995 50.10306364781723 6.768855624705025
1.4999999999999993 50.04598789703129 6.699798559703465
1.5999999999999992 50.02857875803051 6.734541857690181
1.699999999999999 50.156986324217286 6.5095254167101455
1.799999999999999 50.21827127121557 6.57713702761086
1.8999999999999988 50.10048953270347 6.522501943262454
1.9999999999999987 50.12418297389616 6.700790661186185
2.0999999999999988 50.0391055695645 6.684001545624609
2.199999999999999 50.09776452675071 6.672421473398563
2.299999999999999 50.474248232737715 6.792009567969357
2.399999999999999 50.2299706993245 6.732532013910084
2.499999999999999 49.791685226187475 6.760307089629461
2.599999999999999 50.01899905653286 6.7635303264663404
2.6999999999999993 50.29922336017627 6.780821328733114
2.7999999999999994 49.90811203231212 6.490399728362744
2.8999999999999995 50.52695219132758 6.924093484040452
2.9999999999999996 49.768174246473755 6.815752113081596
3.0999999999999996 50.05974214468966 6.880099267917485
3.1999999999999997 49.73337172798377 6.624072972122207
3.3 50.36517540454899 6.751242004237963
3.4 50.13347657557826 6.902706039508247
3.5 50.321762849044255 6.436604751078643
3.6 50.309919807240775 6.528275288694143
3.7 49.9136768974385 6.659495340580501
3.8000000000000003 49.73363514739805 6.774889874727266
3.9000000000000004 50.267058728947354 7.003535110521058
4.0 49.94574579572112 6.816143494006766
4.1 50.34688119562589 6.689135241318353
4.199999999999999 50.1949934287748 6.703172733206424
4.299999999999999 50.267824229802585 6.472398269529314
4.399999999999999 50.18490997489601 6.7182692824723
4.499999999999998 50.328069184982866 6.599534285261426
4.599999999999998 50.238172026164825 6.469169098634533
4.6999999999999975 49.99052212078363 6.716450724769068
4.799999999999997 50.054824127847745 6.6545952858760105
4.899999999999997 50.300462352577654 6.63332718673115
4.9999999999999964 50.040504413105964 6.7658113991258855
5.099999999999996 50.321060650885265 6.696274321716661
5.199999999999996 49.99223901374966 6.786152449968985
5.299999999999995 50.075739304871625 6.4664111928519095
5.399999999999995 50.33208353490255 6.907666519379154
5.499999999999995 50.014477698887035 6.9627024508598145
5.599999999999994 50.17708575731957 6.574830760381042
5.699999999999994 50.165275453141824 6.651655189787477
5.799999999999994 49.929465908649696 6.814203692135128
5.899999999999993 50.20130864637498 6.4706884599843155
5.999999999999993 50.4715762304886 6.685065706786831
6.0999999999999925 50.31062804072843 6.719978497092858
6.199999999999992 49.65991491691441 6.8025087656619485
6.299999999999992 50.4828727663301 6.768366630971294
6.3999999999999915 50.3114908196094 6.6218156879400105
6.499999999999991 50.339803436639606 6.83007173245163
6.599999999999991 50.14149674451164 6.747777543785366
6.69999999999999 50.038290841207754 6.505022087850099
6.79999999999999 50.08240276926174 6.634854145307847
6.89999999999999 50.12901117572413 6.565011012250225
6.999999999999989 49.87916266844691 6.4097078193753525
7.099999999999989 50.600617146102906 6.67350647857621
7.199999999999989 50.23041769682045 6.584255534279581
7.299999999999988 50.24695857242367 6.814864022393579
7.399999999999988 50.34970225281387 6.545570494578137
7.499999999999988 50.23261613002583 6.6329422004783
7.599999999999987 49.76728330725478 6.486910306958295
7.699999999999987 50.04305860673246 6.584830378741525
7.7999999999999865 50.19535651232996 6.593831477385837
7.899999999999986 50.139699337338676 6.4015545516405625
7.999999999999986 50.196524733635755 6.499649977002593
