# Rounds: 10, repetitions: 1000
# Good arm ~ N(5.0,1.0), 7 bad arm(s) ~ N(1.0,1.0)
# Observation noise range from 0.5 to 8.0 with step size 0.1

# Observation noise | mean | standard deviation

0.5 32.40233911460572 9.314941970064952
0.6 32.530373627078916 9.157290439224434
0.7 31.06579919562257 9.997796424962521
0.7999999999999999 31.090404398875034 9.321401115393073
0.8999999999999999 31.034681711216685 9.313213414137648
0.9999999999999999 30.57239151041703 9.394125937183942
1.0999999999999999 29.533860126424827 9.789299616473969
1.1999999999999997 28.888835418591288 9.660746605650969
1.2999999999999996 28.76932292505146 9.794796330781224
1.3999999999999995 28.18947489534537 9.645991628437947
1.4999999999999993 27.920559520947336 9.800486229571161
1.5999999999999992 26.211408479505597 9.868097242520179
1.699999999999999 26.67717376227538 9.634828984333325
1.799999999999999 25.528163374533445 9.752353589833568
1.8999999999999988 24.693422279468844 9.12523599702494
1.9999999999999987 23.939079916746937 9.337951043141379
2.0999999999999988 23.572885668420874 9.034653501504941
2.199999999999999 23.419644760616258 8.997398619589168
2.299999999999999 21.78833879746241 8.755844069924532
2.399999999999999 21.81490181264885 8.522786080594088
2.499999999999999 22.046268777364723 8.696398518923042
2.599999999999999 21.619476540522665 8.046840190654883
2.6999999999999993 21.010791084145286 8.082120537206928
2.7999999999999994 20.416122680761262 8.015533704463788
2.8999999999999995 20.451917934708664 7.924724245862082
2.9999999999999996 20.07886673326455 7.687349460735592
3.0999999999999996 19.75917959225867 7.574360775025337
3.1999999999999997 19.97588181626412 7.8363807982316755
3.3 19.307411705467867 7.57084956327406
3.4 19.202675944958976 7.329492490748018
3.5 19.198751874013244 7.263348555734758
3.6 18.776520926635644 6.763861890464404
3.7 18.109495130420047 6.858907924254521
3.8000000000000003 18.620615666416427 6.947230724155014
3.9000000000000004 18.22823257356367 6.954487376241153
4.0 17.973567394357794 6.6220533736893525
4.1 17.92018108416432 7.043124342815606
4.199999999999999 17.95921475943191 6.542707275976521
4.299999999999999 17.909221168619766 6.625465044699131
4.399999999999999 17.839266537300517 6.551677046070517
4.499999999999998 18.005432799575612 6.448049256656494
4.599999999999998 17.423622290404534 6.355633174686906
4.6999999999999975 17.42335612413412 6.199459485265222
4.799999999999997 17.521864623746055 6.464981795501889
4.899999999999997 17.354087157069007 5.85124448365332
4.9999999999999964 17.542340934694824 6.1275602947063135
5.099999999999996 17.447939158355528 6.1733736432351884
5.199999999999996 17.453417626243052 5.919754474020192
5.299999999999995 17.53458475969714 6.0456863557106555
5.399999999999995 17.019679805150563 6.056839180461722
5.499999999999995 17.291627199872828 5.905405607793489
5.599999999999994 17.136846262100146 5.9444200426626965
5.699999999999994 17.30859459221461 5.9340877690369025
5.799999999999994 16.768367862852827 5.907743327955409
5.899999999999993 16.751181303645648 5.800878682624401
5.999999999999993 16.796575211663672 6.017311520039518
6.0999999999999925 16.942480010431208 6.187722896582295
6.199999999999992 16.853193278005193 5.663466267323383
6.299999999999992 16.971187831596193 5.730151634701742
6.3999999999999915 16.60305928386468 5.872422351258364
6.499999999999991 16.611401669479452 5.892932204246202
6.599999999999991 16.77775896471101 5.8345369489157415
6.69999999999999 16.807200462244694 5.903055038167501
6.79999999999999 16.5769395693636 5.951681705529133
6.89999999999999 16.72734090178809 5.770029896060969
6.999999999999989 16.651626871051413 5.74733667257411
7.099999999999989 16.678044812201502 5.524566141172925
7.199999999999989 16.56451381888257 5.848629154046145
7.299999999999988 16.3762220041947 5.800966066162643
7.399999999999988 16.6259829373252 5.740615970449024
7.499999999999988 16.34430695288625 5.457965415241522
7.599999999999987 16.8783780618067 5.5504314560486705
7.699999999999987 16.393552357151773 5.602940733085637
7.7999999999999865 16.31579841193165 5.718626826160152
7.899999999999986 16.66714699927103 5.466206566447399
7.999999999999986 16.735160295858588 5.709737076220597
