# Rounds: 100, repetitions: 1000
# Good arm ~ N(5.0,5.0), 16 bad arm(s) ~ N(4.9,5.0)
# Observation noise range from 0.5 to 8.0 with step size 0.1

# Observation noise | mean | standard deviation

0.5 496.53399117878246 50.21700611172589
0.6 492.9070873846305 48.986765787993036
0.7 494.80776832734426 50.178476083767386
0.7999999999999999 495.7585933418893 50.572241192345814
0.8999999999999999 497.5802196943992 49.711218361631126
0.9999999999999999 496.9109971697787 47.92159530685088
1.0999999999999999 496.9168617645975 49.97571590368898
1.1999999999999997 494.07063665325995 48.510046752911784
1.2999999999999996 497.7272313986476 48.617956027437295
1.3999999999999995 496.0423084163567 48.80604997893756
1.4999999999999993 498.37299772864753 51.3938015377938
1.5999999999999992 494.31455361217303 47.40683711073021
1.699999999999999 496.8626220161688 48.96826689144674
1.799999999999999 497.17423913027545 50.702856901421924
1.8999999999999988 494.97814680399915 52.52864275517919
1.9999999999999987 494.6917009692347 50.116126546728765
2.0999999999999988 492.067247242815 49.425921348275736
2.199999999999999 496.66465424014797 51.95470353393708
2.299999999999999 497.88715464250873 48.97714649735615
2.399999999999999 494.7391016991085 49.74476084860359
2.499999999999999 494.4085516941354 50.513311223200944
2.599999999999999 496.2843991199772 48.86750120564783
2.6999999999999993 496.13154828895966 50.558488273636264
2.7999999999999994 495.6543705452451 49.76663535330952
2.8999999999999995 492.49582389886854 51.61352977869398
2.9999999999999996 497.74804064538716 50.2266448421898
3.0999999999999996 493.1767872620872 49.59909602051658
3.1999999999999997 495.4142034975277 48.26144689981024
3.3 493.09031241457217 49.698153955432616
3.4 495.7165872810021 48.583736250041206
3.5 496.7434305290925 50.305284553208
3.6 497.8386228493714 50.70046995694065
3.7 495.1867308785763 52.85707871290287
3.8000000000000003 495.83358094084775 50.75658675834387
3.9000000000000004 493.83003948991626 51.58852892935308
4.0 496.7393304184885 51.43806609177238
4.1 494.57215018094917 49.57652684180368
4.199999999999999 493.2580973664961 52.07013324213812
4.299999999999999 494.6768880962638 48.31698328508182
4.399999999999999 495.57634620790054 52.07819878794512
4.499999999999998 498.0981035281535 51.768502001349454
4.599999999999998 495.9835107520155 52.967209352656326
4.6999999999999975 496.06454284618485 50.565532163667285
4.799999999999997 496.2346382427063 51.635063113633855
4.899999999999997 496.4347823449382 49.03990373250412
4.9999999999999964 497.8314929715569 49.0807641553234
5.099999999999996 496.54230631115604 51.304296372260396
5.199999999999996 494.44374969687703 50.213658969973544
5.299999999999995 494.1344913636452 47.77943797715552
5.399999999999995 496.964152971068 51.24474360320689
5.499999999999995 497.11265269402884 51.28455500845422
5.599999999999994 495.6591439047133 48.7235196713099
5.699999999999994 494.528485300485 49.58152680430119
5.799999999999994 493.9518594185435 49.88634248801527
5.899999999999993 497.51454365495607 48.87260611939657
5.999999999999993 497.8291118464185 49.462046198572196
6.0999999999999925 496.70567300440615 50.525040610360016
6.199999999999992 498.1453691003066 49.05245213761609
6.299999999999992 494.79753892032244 50.39523472419551
6.3999999999999915 495.221385838284 50.513357424684145
6.499999999999991 496.14043938669306 49.65582697666446
6.599999999999991 500.14448862303163 49.45886423026436
6.69999999999999 498.3347684614926 49.48868143632635
6.79999999999999 493.2912782735028 49.424557900926686
6.89999999999999 494.2982837968779 47.31028894657134
6.999999999999989 496.6955656115642 49.925050919005216
7.099999999999989 497.9199440601472 48.652688790010764
7.199999999999989 495.9257592089 49.21180442031102
7.299999999999988 496.99759039597006 48.39047171384707
7.399999999999988 497.3560001741352 48.633800893291735
7.499999999999988 496.3843979576319 48.675249965543664
7.599999999999987 494.92510045726556 50.22812869500438
7.699999999999987 496.566908563589 48.63293041462226
7.7999999999999865 495.9967603714436 48.971352714194566
7.899999999999986 494.4079753111642 48.15452260998347
7.999999999999986 493.5265322675799 47.837925155255206
