# Rounds: 100, repetitions: 1000
# Good arm ~ N(5.0,4.0), 13 bad arm(s) ~ N(4.5,4.0)
# Observation noise range from 0.5 to 8.0 with step size 0.1

# Observation noise | mean | standard deviation

0.5 457.7468797192821 41.776809186551226
0.6 459.50294798833767 41.14779167825878
0.7 460.60231604761924 40.2034330785864
0.7999999999999999 461.4404462843072 41.41544627398112
0.8999999999999999 460.76055160993656 40.338336909853645
0.9999999999999999 459.90979715434565 40.97131527965136
1.0999999999999999 459.4982868850222 40.84593547097171
1.1999999999999997 459.1859818800409 40.967542799697604
1.2999999999999996 458.8807211514029 40.64370229619156
1.3999999999999995 460.1011403137823 42.868384578537956
1.4999999999999993 458.61915601964756 40.49084038872011
1.5999999999999992 458.2328764156595 40.877969056051285
1.699999999999999 458.69425004255163 41.68460076955555
1.799999999999999 458.2126516730434 41.11218573273109
1.8999999999999988 458.52675826516827 40.17383207150202
1.9999999999999987 461.0082968718693 41.20071276613902
2.0999999999999988 458.71965323914134 40.74591702411658
2.199999999999999 462.5937320752052 41.935975441174214
2.299999999999999 459.7249047038108 40.605792072800334
2.399999999999999 461.7449329704547 40.72933528070346
2.499999999999999 459.75846107941965 41.08479977950996
2.599999999999999 459.9861733238235 39.564136071010196
2.6999999999999993 457.2978075799609 39.502969054935214
2.7999999999999994 456.93295496813204 39.313233024219606
2.8999999999999995 461.36481229854684 41.45703823024067
2.9999999999999996 456.5351285798415 40.35372473989745
3.0999999999999996 459.33646240645606 40.34447549566931
3.1999999999999997 459.0596848313655 39.770166802509685
3.3 459.94798695370747 39.28822871178596
3.4 457.9900064903219 41.29306812736605
3.5 458.119242870569 41.13181621699719
3.6 456.22365877506815 38.39056159434778
3.7 458.5523022901736 41.28663994960325
3.8000000000000003 459.2806462911326 40.773735482615706
3.9000000000000004 458.53953205622815 40.98063981445081
4.0 458.7123158630435 41.15546098285678
4.1 459.7651302063956 40.92685543820143
4.199999999999999 459.53140759934934 41.43684115485108
4.299999999999999 462.77440670676 40.96709233768192
4.399999999999999 459.1882588205107 39.94766660468102
4.499999999999998 460.79261943613017 39.37497793024999
4.599999999999998 458.3952775292313 41.334828977687756
4.6999999999999975 459.04150955149515 41.3839436689454
4.799999999999997 458.26930022149463 40.55954060853648
4.899999999999997 459.81466125381615 40.512233001586836
4.9999999999999964 457.1127806983217 40.775072246396796
5.099999999999996 460.5066399725813 40.86444406471654
5.199999999999996 459.9166429998298 41.20917323739814
5.299999999999995 459.9170345877608 39.04882192513787
5.399999999999995 461.26953311714976 40.67540878006913
5.499999999999995 459.4644068135969 41.00681231297313
5.599999999999994 457.28618092007235 41.06642505255729
5.699999999999994 457.9402928168647 40.31912496830685
5.799999999999994 460.3498649210715 39.6617430066694
5.899999999999993 459.6990066791017 40.79335694137073
5.999999999999993 460.0670942960904 40.252671943753896
6.0999999999999925 459.5173146806935 40.03294886991207
6.199999999999992 457.87335022450264 38.9115593009527
6.299999999999992 457.68648156220246 40.104582517838686
6.3999999999999915 459.37095252362496 40.34373222018535
6.499999999999991 458.0200701190055 39.949090662064926
6.599999999999991 459.41097522128 39.36731830788118
6.69999999999999 458.68551654060036 40.46223221997147
6.79999999999999 457.1878913651382 39.0522106636352
6.89999999999999 457.09356184706166 41.283593888904605
6.999999999999989 458.4522132262336 41.35312830431835
7.099999999999989 458.7777487992376 38.75304937599978
7.199999999999989 456.46386313554 39.93257951167317
7.299999999999988 456.95819401111925 38.56310819893649
7.399999999999988 456.6054553281808 39.48798068138282
7.499999999999988 459.20447700698196 39.95215373535615
7.599999999999987 456.5740386617564 40.203514160542255
7.699999999999987 456.7878561775377 39.59279753524015
7.7999999999999865 457.1766326740826 39.89552936112109
7.899999999999986 458.3718736608679 40.1940793058637
7.999999999999986 456.97215425884764 40.4030925006929
