# Rounds: 10, repetitions: 1000
# Good arm ~ N(5.0,3.0), 10 bad arm(s) ~ N(0.5,3.0)
# Observation noise range from 0.5 to 8.0 with step size 0.1

# Observation noise | mean | standard deviation

0.5 16.993274861248512 16.335329099853187
0.6 16.54644331436071 15.671444507366237
0.7 16.722982181533606 15.453702063875685
0.7999999999999999 17.140921422546057 16.1108215489043
0.8999999999999999 17.226099954494188 15.68912563163119
0.9999999999999999 16.09952334091643 15.22776913018478
1.0999999999999999 15.66326254508904 14.966434146239783
1.1999999999999997 16.380489250906574 15.841176504194815
1.2999999999999996 15.742568009538676 15.29342514214931
1.3999999999999995 15.978598854298909 14.451669111803787
1.4999999999999993 15.784483170000366 14.878401558337774
1.5999999999999992 15.234114373612693 14.722104459807424
1.699999999999999 15.122318207086597 14.905708138789485
1.799999999999999 15.438746926851731 14.443897337515244
1.8999999999999988 14.523768073354335 14.63557656108335
1.9999999999999987 13.832000340483543 14.04415259285548
2.0999999999999988 14.297746667745294 14.129519256057911
2.199999999999999 14.534107261049709 14.066309921609411
2.299999999999999 13.124959722027953 13.534044908573383
2.399999999999999 13.776699872614243 14.112545040679024
2.499999999999999 14.000541952885596 13.345147140248308
2.599999999999999 13.868006911273135 13.52857395250227
2.6999999999999993 12.416077086755415 12.528996448025966
2.7999999999999994 13.125990690877941 12.733578097192789
2.8999999999999995 11.694710221436093 12.430696652921537
2.9999999999999996 12.281389132934699 12.873393944170198
3.0999999999999996 12.754841222858989 12.525083015422732
3.1999999999999997 12.427326028237939 12.377512689807913
3.3 12.694576194862622 12.109060997432378
3.4 12.40730615607081 12.298651583404359
3.5 12.113712702623015 12.284084180425877
3.6 11.601313814948227 11.826621589107466
3.7 11.471216840797654 11.695850390317496
3.8000000000000003 11.428078193409217 11.408943028939733
3.9000000000000004 11.382514955849796 12.055799148444345
4.0 11.445205650707106 11.588676984811718
4.1 10.93088419646977 11.418667003177998
4.199999999999999 10.870927042457122 11.499548751759683
4.299999999999999 11.679366766454024 11.315725459031043
4.399999999999999 10.863399785776267 11.448669787075843
4.499999999999998 10.115443857969048 11.357508298918422
4.599999999999998 10.709825100691894 11.588303781846673
4.6999999999999975 11.304880111159354 11.059664230575239
4.799999999999997 11.053724792500194 11.79213715508135
4.899999999999997 10.048762410296092 11.27784032946831
4.9999999999999964 11.425564190409755 11.129362849991399
5.099999999999996 10.563794417657848 11.203059433492951
5.199999999999996 10.908759265329245 11.175479565245697
5.299999999999995 10.69933222569762 11.408557585140755
5.399999999999995 10.47815909068593 10.949510155076231
5.499999999999995 10.157516771729691 11.554359622961332
5.599999999999994 10.386087935012759 10.675695645713086
5.699999999999994 10.383687857873939 11.183523046240039
5.799999999999994 10.433023265750744 11.004901246470581
5.899999999999993 9.838372101758964 10.998397422681286
5.999999999999993 10.7282956174761 11.078235981863125
6.0999999999999925 10.174227030768169 10.783539558166893
6.199999999999992 10.346241759506578 10.903054364494075
6.299999999999992 10.421731746694778 11.284401554037416
6.3999999999999915 10.529817571958201 10.99171708591977
6.499999999999991 10.974854868859452 11.137286817979355
6.599999999999991 9.963902721025217 10.95475037541285
6.69999999999999 9.730746439331538 11.17019034202082
6.79999999999999 10.834683237297801 11.014792749737234
6.89999999999999 10.44258326759243 11.150323113219102
6.999999999999989 10.226442491497778 11.213005994563401
7.099999999999989 10.315941894708978 10.927824306860533
7.199999999999989 9.798371163534155 10.989873692424444
7.299999999999988 9.793598414580083 11.365373517872156
7.399999999999988 10.694021049588342 10.633783901273352
7.499999999999988 10.205416011225028 11.289704259667811
7.599999999999987 10.176771519115881 10.640656522701578
7.699999999999987 10.55798549515829 11.073671249392145
7.7999999999999865 10.37956194057137 10.808204332223678
7.899999999999986 9.813576061092853 10.547908001906821
7.999999999999986 10.128406045606953 10.992768615548425
