# Rounds: 10, repetitions: 1000
# Good arm ~ N(5.0,0.0), 10 bad arm(s) ~ N(0.0,0.0)
# Observation noise range from 0.5 to 8.0 with step size 0.1

# Observation noise | mean | standard deviation

0.5 20.24999999999998 10.019375623654794
0.6 20.16500000000001 10.13906186861367
0.7 20.07500000000002 9.78596648983336
0.7999999999999999 19.22500000000003 9.90568006234295
0.8999999999999999 18.984999999999985 9.627432807475873
0.9999999999999999 18.445000000000007 9.72633417977075
1.0999999999999999 17.94000000000001 9.79297208728291
1.1999999999999997 17.755000000000024 9.720054241332953
1.2999999999999996 16.685000000000024 9.598328130612293
1.3999999999999995 16.454999999999988 9.728958198472602
1.4999999999999993 15.464999999999995 9.292207494461138
1.5999999999999992 15.029999999999989 9.61465243997625
1.699999999999999 14.149999999999995 9.613527964276289
1.799999999999999 13.950000000000005 9.475615404145843
1.8999999999999988 12.614999999999995 8.809902916002496
1.9999999999999987 12.45000000000001 9.045956518209147
2.0999999999999988 11.970000000000006 8.726124296916991
2.199999999999999 11.435000000000011 8.831408085281119
2.299999999999999 10.564999999999985 8.28398451226218
2.399999999999999 10.354999999999988 8.177153590390766
2.499999999999999 10.16 8.074007034279163
2.599999999999999 9.409999999999991 8.032211178524673
2.6999999999999993 8.874999999999996 7.511044587192303
2.7999999999999994 8.915000000000012 7.626003601555075
2.8999999999999995 8.340000000000002 7.210852681645626
2.9999999999999996 8.455000000000002 7.3852906183519655
3.0999999999999996 8.235000000000007 7.163175698395645
3.1999999999999997 7.8249999999999975 7.003100628894125
3.3 7.684999999999998 6.753620242979778
3.4 7.560000000000004 6.7558894338230475
3.5 7.579999999999999 6.567856327351917
3.6 7.64000000000001 6.868593566195159
3.7 7.399999999999984 6.342730502727535
3.8000000000000003 6.925000000000005 6.38436646309837
3.9000000000000004 7.1000000000000005 6.303152364470516
4.0 6.389999999999995 5.890891494723207
4.1 6.699999999999996 5.940984370901414
4.199999999999999 6.674999999999999 5.924903330813096
4.299999999999999 6.554999999999999 6.074032340123713
4.399999999999999 6.17499999999999 5.964893540957411
4.499999999999998 6.225000000000001 5.797239255282066
4.599999999999998 5.970000000000003 5.91558062189115
4.6999999999999975 6.255000000000005 5.725622914387357
4.799999999999997 6.02 5.416543080133227
4.899999999999997 6.395000000000005 5.675489951201268
4.9999999999999964 5.895000000000004 5.68386147625728
5.099999999999996 5.834999999999992 5.5098215155423125
5.199999999999996 5.619999999999996 5.3893083642193265
5.299999999999995 5.874999999999999 5.6560910854022115
5.399999999999995 5.699999999999992 5.4900036557493195
5.499999999999995 5.9449999999999985 5.577910727870074
5.599999999999994 5.834999999999996 5.408976985718453
5.699999999999994 5.53 5.1716386035613615
5.799999999999994 5.510000000000006 5.120167586721766
5.899999999999993 5.415000000000003 5.246932942710925
5.999999999999993 5.43 5.093234830737834
6.0999999999999925 5.57 5.186713988837439
6.199999999999992 5.055 5.128184208204074
6.299999999999992 5.254999999999995 4.963326466152464
6.3999999999999915 5.3000000000000025 5.209331736138261
6.499999999999991 5.54500000000001 5.357861670637046
6.599999999999991 5.069999999999995 5.174154218021711
6.69999999999999 5.265000000000004 5.097132110879212
6.79999999999999 5.275000000000005 5.227494782560962
6.89999999999999 5.259999999999992 5.065378372644839
6.999999999999989 5.344999999999999 5.165525883940345
7.099999999999989 5.375000000000001 4.960744297379576
7.199999999999989 4.879999999999995 4.843455281001261
7.299999999999988 5.325000000000001 5.3007049033569675
7.399999999999988 5.265000000000001 4.967842031954566
7.499999999999988 5.090000000000003 5.081113826487029
7.599999999999987 5.0100000000000025 4.9268828049968985
7.699999999999987 5.264999999999998 5.16056260560866
7.7999999999999865 5.070000000000009 4.931472337894577
7.899999999999986 5.205000000000004 5.040672909779355
7.999999999999986 4.985000000000005 4.949674158394061
