# Rounds: 10, repetitions: 1000
# Good arm ~ N(5.0,2.0), 10 bad arm(s) ~ N(4.9,2.0)
# Observation noise range from 0.5 to 8.0 with step size 0.1

# Observation noise | mean | standard deviation

0.5 53.89849850879026 6.530433143796314
0.6 54.34738362681015 6.734798857062258
0.7 54.056229977065115 6.761035726326553
0.7999999999999999 54.06364070385184 6.276440065015265
0.8999999999999999 53.985489401150616 6.933760680935314
0.9999999999999999 53.81600732194775 6.559019994438623
1.0999999999999999 54.30244687527254 6.857927951011547
1.1999999999999997 54.25355166049252 6.578912773618195
1.2999999999999996 53.9890101379096 6.887455206426333
1.3999999999999995 53.707711210233185 6.734487331110002
1.4999999999999993 53.43874856855895 6.236694266307492
1.5999999999999992 53.75003073095488 6.700736022987076
1.699999999999999 53.71759202622736 6.588648689389539
1.799999999999999 54.10735898735786 6.539165983320873
1.8999999999999988 53.9266873950475 6.621032052365167
1.9999999999999987 54.364088850811136 6.7503770208760425
2.0999999999999988 54.13251026598802 6.594437388218006
2.199999999999999 54.28946881078847 6.6137105251159305
2.299999999999999 54.17745131836678 6.532195167379407
2.399999999999999 53.995826515394015 6.522230872446682
2.499999999999999 54.20533795452703 7.077604639003057
2.599999999999999 53.92266281920934 6.553001211184032
2.6999999999999993 54.28583607437941 6.570489187015054
2.7999999999999994 54.08170599236974 6.60453285747409
2.8999999999999995 53.84504866409488 6.734468816490778
2.9999999999999996 54.18748824592011 6.582876578851569
3.0999999999999996 54.03854031018584 6.712332516147685
3.1999999999999997 54.03303637285059 6.821442838689014
3.3 53.999885425662924 6.728964823122434
3.4 53.880994300354416 6.779409810045148
3.5 53.84668034967482 6.531575769361179
3.6 53.928809107724575 6.697630883372591
3.7 54.0294618039747 6.804802979132326
3.8000000000000003 54.260828342621814 6.93082022884823
3.9000000000000004 53.833583208757204 6.763431661260655
4.0 54.21091345180858 6.470900791115883
4.1 54.09913238488797 6.6749579582667335
4.199999999999999 53.81356352226894 6.643788629132196
4.299999999999999 54.128702882849595 6.370788829317552
4.399999999999999 53.305195720688126 6.559462189447219
4.499999999999998 53.95445581311062 6.412384421205986
4.599999999999998 53.71512990143512 6.960197970284138
4.6999999999999975 54.13679099941634 6.595768026809169
4.799999999999997 54.10252831955835 6.75274138384442
4.899999999999997 54.16147520375784 6.7175497807338935
4.9999999999999964 53.83924715931748 6.444909364913425
5.099999999999996 53.702337363409896 6.422935883728451
5.199999999999996 54.44568145096776 6.70001062568858
5.299999999999995 53.967573015040536 6.455298124503693
5.399999999999995 54.02239539258007 6.854996170995501
5.499999999999995 54.299184733658336 6.626488495916662
5.599999999999994 53.525540272951744 6.6926156092025515
5.699999999999994 54.09175312395891 6.4221671981156625
5.799999999999994 53.90920519336058 6.550184863990493
5.899999999999993 53.870180239836905 6.823623457034778
5.999999999999993 54.13026684746432 6.6424806261690215
6.0999999999999925 54.101501774752705 6.729162862339344
6.199999999999992 53.86900893247025 6.421622305110281
6.299999999999992 54.389932292573526 6.830082206518046
6.3999999999999915 54.221329844739905 6.641250654730353
6.499999999999991 53.98157370704044 6.558602617235114
6.599999999999991 53.85093213867499 6.69382175797809
6.69999999999999 53.86025687889243 6.711663857025137
6.79999999999999 53.668244853805454 6.466082017144831
6.89999999999999 53.828499652093754 6.498190872318622
6.999999999999989 54.041791381113946 6.7928638048491345
7.099999999999989 53.627045391436056 6.773106014840867
7.199999999999989 53.89411292427336 6.7252583011696965
7.299999999999988 53.88822274989122 6.5985647537654675
7.399999999999988 53.894937431899365 6.456499807465816
7.499999999999988 54.261309926344204 6.515448179540228
7.599999999999987 54.26029077795669 6.584709334699646
7.699999999999987 54.077646748311786 6.784532040488242
7.7999999999999865 53.84834935297161 6.412100476657529
7.899999999999986 53.975030647901505 6.387591027071087
7.999999999999986 54.2781292031886 6.73101484756515
