# Rounds: 1000, repetitions: 1000
# Good arm ~ N(5.0,5.0), 1 bad arm(s) ~ N(2.2,5.0)
# Observation noise range from 0.5 to 4.0 with step size 0.1

# Observation noise | mean | standard deviation

0.5 4510.575142124358 1064.7755329429554
0.6 4414.514505555133 1123.047777902337
0.7 4530.343331389322 1030.1030702629564
0.7999999999999999 4610.749023363656 946.9149715685411
0.8999999999999999 4587.232273078632 970.8801651742934
0.9999999999999999 4564.120357213597 991.5152981926431
1.0999999999999999 4638.862579367867 907.8830673125349
1.1999999999999997 4683.285598981277 833.3452429101734
1.2999999999999996 4667.747366666794 883.9132862784162
1.3999999999999995 4748.269423191177 751.7346102097853
1.4999999999999993 4752.475996373714 745.640849718105
1.5999999999999992 4762.243007244029 718.6493607049283
1.699999999999999 4810.210007906599 640.0193773871822
1.799999999999999 4811.523656615142 627.0557241344219
1.8999999999999988 4824.886661491998 593.6669565260532
1.9999999999999987 4836.755166439362 585.1370130893256
2.0999999999999988 4846.610123476823 552.8379225463322
2.199999999999999 4913.372310942868 373.68508788406547
2.299999999999999 4884.739420495478 446.6571424534228
2.399999999999999 4910.954372058015 327.0611865710245
2.499999999999999 4899.444165845083 428.04061618363846
2.599999999999999 4895.354595905042 407.6494578681313
2.6999999999999993 4922.980947560504 306.64796776539157
2.7999999999999994 4919.146288652731 346.254603484396
2.8999999999999995 4943.106960757509 256.058671299132
2.9999999999999996 4937.508360266415 252.18374669323018
3.0999999999999996 4940.0948043047 235.75947428832416
3.1999999999999997 4944.357744400426 180.14687392063303
3.3 4930.85992517022 247.97470783394093
3.4 4939.984218715266 173.84915554383286
3.5 4952.102729528406 190.5553798392736
3.6 4932.667141248567 227.8863735067708
3.7 4946.101633143409 177.13557185071775
3.8000000000000003 4934.100026533828 175.0099442918323
3.9000000000000004 4946.5770518900235 202.64357902790056
4.0 4933.581241317442 180.58450416836735
