# Rounds: 1000, repetitions: 1000
# Good arm ~ N(5.0,5.0), 1 bad arm(s) ~ N(1.5,5.0)
# Observation noise range from 0.5 to 4.0 with step size 0.1

# Observation noise | mean | standard deviation

0.5 4551.464693588773 1145.9314604556664
0.6 4523.6273681153525 1189.3295676054904
0.7 4549.498847818917 1152.4159694564826
0.7999999999999999 4622.4232377039325 1063.5825924798169
0.8999999999999999 4607.295189330554 1057.272394847756
0.9999999999999999 4653.876247453292 993.3602940939775
1.0999999999999999 4712.9512229942475 913.8423032576316
1.1999999999999997 4717.520132944814 905.5362319220216
1.2999999999999996 4772.1873240798195 821.1407210422442
1.3999999999999995 4811.284075551598 724.310956054256
1.4999999999999993 4820.776537643386 723.5171685654773
1.5999999999999992 4827.216018071501 693.9121549025098
1.699999999999999 4823.952914435812 675.7686734065605
1.799999999999999 4853.797272269115 598.4318697658134
1.8999999999999988 4910.600343849523 454.8670018159917
1.9999999999999987 4900.665980215598 472.0775422197986
2.0999999999999988 4896.156433071118 479.9374036528625
2.199999999999999 4945.076119725914 327.71964386587047
2.299999999999999 4929.497686683877 354.8036000571321
2.399999999999999 4932.838641715706 270.1531642528483
2.499999999999999 4967.041373726994 189.77347706139224
2.599999999999999 4957.9486990309315 234.81159889842078
2.6999999999999993 4966.092948306148 185.29272920447283
2.7999999999999994 4965.0637308648675 175.6276042566965
2.8999999999999995 4959.386886683122 177.90019000362713
2.9999999999999996 4962.462582272518 206.6707936570839
3.0999999999999996 4961.695857325234 166.85526983041217
3.1999999999999997 4959.37243944323 168.3652808074256
3.3 4964.251233262883 170.58050801688418
3.4 4955.751287652489 182.7474308548566
3.5 4951.0312407205 167.23888696307793
3.6 4953.595876644002 164.1155329983656
3.7 4948.242711416095 169.70219058684097
3.8000000000000003 4959.438339949392 171.59853851804797
3.9000000000000004 4959.039351503907 168.36590766459688
4.0 4955.098579493701 165.23769691178003
