# Rounds: 1000, repetitions: 1000
# Good arm ~ N(5.0,1.0), 1 bad arm(s) ~ N(0.7,1.0)
# Observation noise range from 0.5 to 4.0 with step size 0.1

# Observation noise | mean | standard deviation

0.5 5000.956029610537 31.663282887972414
0.6 5000.4015513392815 32.25344501827295
0.7 5001.129430596543 32.70596454818571
0.7999999999999999 4999.080898468683 31.44952286647236
0.8999999999999999 4999.19783019376 33.097424713966234
0.9999999999999999 4999.340519264842 32.093839912070884
1.0999999999999999 4998.696384929877 32.863152318616095
1.1999999999999997 4998.973978565352 31.727503279697086
1.2999999999999996 4998.868600928955 32.0469183289749
1.3999999999999995 4996.410018560292 31.680301209637733
1.4999999999999993 4995.951711919182 31.30384674130295
1.5999999999999992 4995.189636728596 31.552236519502262
1.699999999999999 4993.675456584673 31.435115731046054
1.799999999999999 4990.879561554862 31.162319881051967
1.8999999999999988 4994.196268898118 32.054555480167224
1.9999999999999987 4993.25176495572 32.66468801846009
2.0999999999999988 4989.731358415688 31.59705740771955
2.199999999999999 4992.103822796447 32.134734038577086
2.299999999999999 4990.26289861087 31.456052026679032
2.399999999999999 4987.315979665507 30.98510137810774
2.499999999999999 4986.970712860012 32.11123835454897
2.599999999999999 4986.262468680195 32.512891620740284
2.6999999999999993 4983.721263182687 31.73443138208442
2.7999999999999994 4984.734789111487 32.444811956631526
2.8999999999999995 4983.0774168887465 30.892309432024476
2.9999999999999996 4981.704297186786 31.22536839059786
3.0999999999999996 4981.3658684189995 32.2771306708795
3.1999999999999997 4979.941711841405 31.752926690091993
3.3 4978.798647113952 31.875419779806446
3.4 4978.296086081114 33.733236768009704
3.5 4974.683827515499 33.14767524199198
3.6 4974.677384254258 32.51664150408054
3.7 4973.02952296292 33.225334802681516
3.8000000000000003 4971.234526715583 33.15070654018429
3.9000000000000004 4969.59546706578 31.3512834408715
4.0 4967.197630823733 32.97472978655343
