# Rounds: 1000, repetitions: 1000
# Good arm ~ N(5.0,3.0), 1 bad arm(s) ~ N(2.2,3.0)
# Observation noise range from 0.5 to 4.0 with step size 0.1

# Observation noise | mean | standard deviation

0.5 4813.094645681758 689.0391222105515
0.6 4849.628261682289 604.9890886010218
0.7 4848.944680075644 597.3066805181181
0.7999999999999999 4864.806564969042 576.4004950867819
0.8999999999999999 4891.133847924035 480.86496960999807
0.9999999999999999 4921.0401748231525 397.1759467971717
1.0999999999999999 4935.1120361416415 362.09961666224694
1.1999999999999997 4943.327405260517 341.9029653240472
1.2999999999999996 4955.297660582579 294.33809228603826
1.3999999999999995 4968.369963552778 221.96087802322995
1.4999999999999993 4956.306038158798 252.7189955137013
1.5999999999999992 4966.998226152715 206.77852789936276
1.699999999999999 4972.302470750279 166.66718117425253
1.799999999999999 4977.818942499288 105.91733746892817
1.8999999999999988 4976.661514231382 110.50954453241899
1.9999999999999987 4978.774059297971 105.87738497154096
2.0999999999999988 4976.545009855066 102.19350642740577
2.199999999999999 4972.713379571135 106.27194403455104
2.299999999999999 4974.989381789764 100.77560934015774
2.399999999999999 4983.822243071992 97.48311472385166
2.499999999999999 4979.10881828936 99.51048387432444
2.599999999999999 4978.830876286763 99.15843289590202
2.6999999999999993 4972.888432211481 99.39580531603363
2.7999999999999994 4976.418818311219 101.30904818552328
2.8999999999999995 4976.279009307697 94.94048440861243
2.9999999999999996 4974.500051336326 100.18029561426903
3.0999999999999996 4971.1917684078335 96.90093003606854
3.1999999999999997 4965.931752235968 97.84801735629708
3.3 4973.308605565035 98.83061687293532
3.4 4963.444359289833 97.47410013062377
3.5 4966.954699952935 101.0213623328422
3.6 4965.013260408457 96.8525748237753
3.7 4958.983802023433 96.00668806162227
3.8000000000000003 4954.50945284742 101.26288818994956
3.9000000000000004 4960.750095414603 100.35480418588253
4.0 4958.123217589335 101.73198441876723
