# Rounds: 1000, repetitions: 1000
# Good arm ~ N(5.0,2.0), 1 bad arm(s) ~ N(2.6,2.0)
# Observation noise range from 0.5 to 4.0 with step size 0.1

# Observation noise | mean | standard deviation

0.5 4940.610042240871 352.8632144350621
0.6 4941.537723720588 342.8925146306746
0.7 4959.842370696551 272.43185229289
0.7999999999999999 4978.73651722163 168.7199516716496
0.8999999999999999 4976.598072544769 180.15819612372175
0.9999999999999999 4975.514106329392 185.74784975515217
1.0999999999999999 4990.166548072939 91.64302948220987
1.1999999999999997 4994.387920547212 80.08118197247009
1.2999999999999996 4989.179753623816 66.50130446875005
1.3999999999999995 4988.54954161093 65.75796338414584
1.4999999999999993 4985.576386263922 76.59131338591666
1.5999999999999992 4985.240417928006 71.19847076571638
1.699999999999999 4988.486482558319 65.69054063645882
1.799999999999999 4984.584690802509 67.66203287963913
1.8999999999999988 4985.777658481153 60.56137901455296
1.9999999999999987 4985.957882313526 63.24539911541136
2.0999999999999988 4982.2823926537085 69.17381735129997
2.199999999999999 4980.240556512911 63.71117951756408
2.299999999999999 4985.666616865884 65.06027179195229
2.399999999999999 4986.617297887805 65.37770850339818
2.499999999999999 4981.906663967851 62.31261020794636
2.599999999999999 4978.789124386159 63.066503602482875
2.6999999999999993 4976.644103852469 67.46182832825572
2.7999999999999994 4977.863658029458 63.65480510243895
2.8999999999999995 4975.787701697598 64.89102599482744
2.9999999999999996 4971.102735156596 63.276704901982285
3.0999999999999996 4967.159676514641 66.52955462987576
3.1999999999999997 4974.013220016645 66.57817065806775
3.3 4970.704069386442 64.8273040103034
3.4 4969.963656927438 67.15264546511116
3.5 4961.6346716327 66.21400921693518
3.6 4962.125553817343 63.49439493512643
3.7 4961.962649157699 63.77194495565492
3.8000000000000003 4963.429514977334 64.56132961706857
3.9000000000000004 4959.620939625723 67.0915570239824
4.0 4955.783631439062 67.34369835907975
