# Rounds: 1000, repetitions: 1000
# Good arm ~ N(5.0,5.0), 1 bad arm(s) ~ N(4.0,5.0)
# Observation noise range from 0.5 to 4.0 with step size 0.1

# Observation noise | mean | standard deviation

0.5 4625.469747581456 496.51416579856755
0.6 4649.875656127036 494.7952908985571
0.7 4633.628000333163 498.085104486243
0.7999999999999999 4630.315186023688 507.26408476768734
0.8999999999999999 4655.025318088632 486.1190891422064
0.9999999999999999 4685.08851176646 481.93813441215724
1.0999999999999999 4664.81253213545 488.7581584724252
1.1999999999999997 4667.422133572099 486.65678601160874
1.2999999999999996 4691.869379394112 464.03795502836886
1.3999999999999995 4696.868695759035 457.57910990271563
1.4999999999999993 4706.625696215174 443.9064172045734
1.5999999999999992 4693.771134503057 461.56567782850607
1.699999999999999 4696.481622308925 454.3760750753444
1.799999999999999 4710.494710122769 443.99403362382253
1.8999999999999988 4726.958804748627 429.6267487664157
1.9999999999999987 4745.009009041744 413.97146409495065
2.0999999999999988 4761.774376914369 400.36915422776843
2.199999999999999 4765.139247773654 400.7637141004567
2.299999999999999 4763.503772798607 394.0313589231366
2.399999999999999 4788.30577892097 371.16245827638744
2.499999999999999 4778.34387829051 381.61305878591014
2.599999999999999 4792.149598571258 362.57184738135464
2.6999999999999993 4786.089409269388 366.70562849087605
2.7999999999999994 4794.402984311544 363.83797828695214
2.8999999999999995 4813.293377223824 331.7231830986216
2.9999999999999996 4830.264573970467 314.3468365290822
3.0999999999999996 4811.945909488414 332.84806656866
3.1999999999999997 4816.8957453089215 314.12144850219516
3.3 4813.583832087696 321.9719453074035
3.4 4834.148593867243 287.30776178132305
3.5 4822.644833968618 302.3893137035115
3.6 4808.852410005179 307.86351225576595
3.7 4813.204878279533 293.55791246123465
3.8000000000000003 4828.277640412789 298.45018256510855
3.9000000000000004 4817.07550176187 286.9732793941421
4.0 4812.272028685688 288.9054147705304
