# Rounds: 1000, repetitions: 1000
# Good arm ~ N(5.0,1.0), 1 bad arm(s) ~ N(1.2,1.0)
# Observation noise range from 0.5 to 4.0 with step size 0.1

# Observation noise | mean | standard deviation

0.5 4998.243807292999 31.07840348675494
0.6 4998.81334563465 32.482751906060855
0.7 5000.7319061506 32.13905062513913
0.7999999999999999 5000.031805868248 32.26139552308068
0.8999999999999999 4998.090167315009 32.25277306162422
0.9999999999999999 4998.772103220363 32.05614122168647
1.0999999999999999 4998.513788055528 32.03185948756501
1.1999999999999997 4998.060019868892 33.394788762602715
1.2999999999999996 4994.846918402009 32.13622021913599
1.3999999999999995 4997.161411648497 32.25350157342811
1.4999999999999993 4995.7478005599 30.992703010836024
1.5999999999999992 4994.027759911678 30.596590691551803
1.699999999999999 4993.8644612874805 32.529065078279736
1.799999999999999 4993.6522171842425 32.844983878199
1.8999999999999988 4991.955549697006 33.48992322471801
1.9999999999999987 4989.706325490656 32.533446871667245
2.0999999999999988 4992.001354025744 32.935447873016415
2.199999999999999 4990.853846941634 31.954876108618965
2.299999999999999 4989.767515010586 32.1985105771564
2.399999999999999 4986.801881298374 32.46981980558755
2.499999999999999 4987.859186003995 33.03520342751247
2.599999999999999 4986.572898021775 32.88648156727175
2.6999999999999993 4985.28090544475 32.41631517488659
2.7999999999999994 4983.787809412171 32.85552696171265
2.8999999999999995 4980.561823714477 33.175948064558554
2.9999999999999996 4982.503378499664 31.133091431512625
3.0999999999999996 4978.200149022268 30.8503898823788
3.1999999999999997 4979.434417153851 32.12393140926793
3.3 4978.793496568558 32.2335831117769
3.4 4977.210886689719 32.142362997750105
3.5 4973.446329246413 33.0190795465598
3.6 4972.594767608194 30.806871080187637
3.7 4970.243011757075 33.67918849603202
3.8000000000000003 4972.315463798215 33.19686324013435
3.9000000000000004 4969.546058082375 31.88178216141957
4.0 4966.400806227061 33.25670787552977
