# Rounds: 1000, repetitions: 1000
# Good arm ~ N(5.0,2.0), 1 bad arm(s) ~ N(0.6,2.0)
# Observation noise range from 0.5 to 4.0 with step size 0.1

# Observation noise | mean | standard deviation

0.5 4982.68494752482 286.7463824298545
0.6 4992.604711875254 77.88096696539913
0.7 4999.20920806855 65.27466638448523
0.7999999999999999 4995.954162355924 62.77591815107745
0.8999999999999999 4993.865884518879 64.04238700080434
0.9999999999999999 4998.113473259771 64.3896179082948
1.0999999999999999 4996.689847981828 62.97719420052157
1.1999999999999997 4994.688508937039 63.442218132274334
1.2999999999999996 4998.112809726076 62.26226455942827
1.3999999999999995 4996.518314749285 64.91822759729959
1.4999999999999993 4992.6977525233315 65.74366195938883
1.5999999999999992 4994.877393111 64.79245963721976
1.699999999999999 4991.227673825941 62.75029452599783
1.799999999999999 4991.716848765552 60.83367279646409
1.8999999999999988 4991.447906078159 65.48538913904729
1.9999999999999987 4989.450652729122 63.663853577188995
2.0999999999999988 4990.941157348228 63.79949359399241
2.199999999999999 4988.171213376789 61.35639213927743
2.299999999999999 4985.527621328841 62.864256368529155
2.399999999999999 4988.679698646648 63.513463664190574
2.499999999999999 4984.942439973632 63.79356921070052
2.599999999999999 4987.691901974039 64.7097094863537
2.6999999999999993 4985.25115476148 62.486590310600725
2.7999999999999994 4980.630341204111 62.60546794737189
2.8999999999999995 4981.205886677462 64.79947206877766
2.9999999999999996 4983.513192856943 63.84450111885193
3.0999999999999996 4979.690573095107 65.73689797344893
3.1999999999999997 4978.76247609669 65.84543885870394
3.3 4976.302249767617 63.32056780921993
3.4 4979.588081271087 63.52256255881303
3.5 4969.824239843045 64.49815031847622
3.6 4976.654962538964 61.479841332226144
3.7 4971.69456546501 62.93891032404731
3.8000000000000003 4972.709461190858 65.10091572691049
3.9000000000000004 4965.572118138718 62.86598703341357
4.0 4970.22013052923 64.62521147986233
