# Rounds: 1000, repetitions: 1000
# Good arm ~ N(5.0,0.0), 1 bad arm(s) ~ N(4.4,0.0)
# Observation noise range from 0.5 to 4.0 with step size 0.1

# Observation noise | mean | standard deviation

0.5 4999.063600000004 3.617712382553768
0.6 4997.801200000006 3.4634771883519835
0.7 4996.489599999997 3.0529350226056238
0.7999999999999999 4994.934999999994 2.7451759490042167
0.8999999999999999 4993.258599999998 2.3801914526674794
0.9999999999999999 4991.316399999998 2.7823357871458265
1.0999999999999999 4989.395199999998 2.471891423021532
1.1999999999999997 4987.3012 2.635584349791356
1.2999999999999996 4984.964800000007 2.8863353741192284
1.3999999999999995 4982.682399999994 2.479289639618038
1.4999999999999993 4980.474399999998 2.440102198420975
1.5999999999999992 4977.782200000001 2.7437878073079776
1.699999999999999 4975.340199999993 2.7078471885238695
1.799999999999999 4972.664799999999 2.951520359481342
1.8999999999999988 4970.1706 3.0285487857632476
1.9999999999999987 4967.317599999999 3.0567947648205873
2.0999999999999988 4964.611000000003 3.200775525394489
2.199999999999999 4961.573200000003 3.4366921032605102
2.299999999999999 4958.785000000006 3.542400824808512
2.399999999999999 4955.817999999996 3.7899392659566353
2.499999999999999 4953.024999999995 3.855515529731466
2.599999999999999 4950.002800000002 4.1295138993646505
2.6999999999999993 4946.638600000006 4.35127149274832
2.7999999999999994 4943.653600000002 4.550278241170827
2.8999999999999995 4940.298399999999 4.617050421491508
2.9999999999999996 4937.401 4.802130720780068
3.0999999999999996 4933.8874000000105 5.063401947236649
3.1999999999999997 4930.949200000001 5.343794110507651
3.3 4927.676199999996 5.740040210801884
3.4 4924.179399999994 5.704608505252357
3.5 4921.136800000003 6.089187463361976
3.6 4918.397200000001 6.165225232070784
3.7 4914.38380000001 6.7108697896273295
3.8000000000000003 4911.7942000000085 6.775933857383829
3.9000000000000004 4908.3778 6.736685393432772
4.0 4904.959600000007 7.107799142396234
