# Rounds: 1000, repetitions: 1000
# Good arm ~ N(5.0,4.0), 1 bad arm(s) ~ N(2.0,4.0)
# Observation noise range from 0.5 to 4.0 with step size 0.1

# Observation noise | mean | standard deviation

0.5 4666.849940183422 918.0269883673867
0.6 4667.518129277484 924.1174441971438
0.7 4702.1624221212605 857.2378883723999
0.7999999999999999 4723.017078932615 841.7636003664499
0.8999999999999999 4784.213189692255 759.2933680887631
0.9999999999999999 4738.367290087533 811.381334692622
1.0999999999999999 4820.377414546274 668.3520135836611
1.1999999999999997 4806.846156983906 696.8337744652111
1.2999999999999996 4866.157259809387 548.3252943715743
1.3999999999999995 4885.779268637889 537.8935416826205
1.4999999999999993 4881.572130886456 520.7982430521695
1.5999999999999992 4904.12273516518 441.72632425064154
1.699999999999999 4927.7598700776325 380.53401055034317
1.799999999999999 4940.773881849175 285.97317783549084
1.8999999999999988 4941.146603998988 309.2739042408641
1.9999999999999987 4948.373316319151 269.86753984844734
2.0999999999999988 4952.7951105290085 261.6818838402971
2.199999999999999 4970.488213625982 147.61004208976976
2.299999999999999 4959.819571745656 240.3727095648207
2.399999999999999 4964.480717379389 139.5550369421033
2.499999999999999 4963.7591180302 197.10977424253184
2.599999999999999 4958.3624556199 160.44583279738893
2.6999999999999993 4966.742041844356 150.08494459653312
2.7999999999999994 4965.9431193836535 141.19719913395392
2.8999999999999995 4968.01606715664 148.54701658383937
2.9999999999999996 4957.770210893312 139.6822139812636
3.0999999999999996 4968.170606275359 136.3039223856968
3.1999999999999997 4959.750986367551 132.6941399456029
3.3 4960.704335139233 132.48379898688276
3.4 4967.205320348288 133.09450506333755
3.5 4959.542090119075 131.62455750105573
3.6 4963.261293381147 129.60200494607818
3.7 4955.743121679444 124.62479485077058
3.8000000000000003 4954.933836699846 131.87821561398195
3.9000000000000004 4960.18241991778 133.5469497255852
4.0 4953.306787903682 129.9837866116765
