# Rounds: 1000, repetitions: 1000
# Good arm ~ N(5.0,2.0), 1 bad arm(s) ~ N(4.1,2.0)
# Observation noise range from 0.5 to 4.0 with step size 0.1

# Observation noise | mean | standard deviation

0.5 4840.6209171860455 331.6522734437865
0.6 4886.03734148778 280.84503236828283
0.7 4877.2381779608395 293.9047456042209
0.7999999999999999 4891.353489181324 270.50217773477647
0.8999999999999999 4906.970544196308 249.31655029349764
0.9999999999999999 4916.988164956837 226.09520844469753
1.0999999999999999 4936.822977141941 198.0756567344343
1.1999999999999997 4944.888423222609 164.90525812759083
1.2999999999999996 4945.79548193465 166.3624111424853
1.3999999999999995 4953.946068515752 131.1442530613349
1.4999999999999993 4951.6380923471825 141.4654522863773
1.5999999999999992 4956.113649635921 119.55055671010402
1.699999999999999 4955.248756184737 120.87180969639387
1.799999999999999 4958.8603845755815 103.86599145163616
1.8999999999999988 4961.857283187308 94.06046819053647
1.9999999999999987 4962.78508580473 82.85233213299655
2.0999999999999988 4961.160945307631 87.04848080369892
2.199999999999999 4952.669702412721 86.63408458907237
2.299999999999999 4954.339953763353 74.55856541106917
2.399999999999999 4956.982490821546 77.59119418467345
2.499999999999999 4953.698710604867 74.30061706883296
2.599999999999999 4953.384229154181 77.7560092601204
2.6999999999999993 4949.070615290088 78.49568999037841
2.7999999999999994 4943.485284573252 71.83812026952275
2.8999999999999995 4941.917177958112 72.85273000027372
2.9999999999999996 4942.914672873518 78.09744729352866
3.0999999999999996 4936.868720005989 75.55692615955815
3.1999999999999997 4939.91807307158 70.95470670058275
3.3 4932.824996338232 75.3739571160405
3.4 4930.267106288892 75.21670835293263
3.5 4931.854202736902 75.41816156351837
3.6 4922.6874628264 75.37708742453427
3.7 4921.431083204846 74.0109689939911
3.8000000000000003 4917.155644765366 77.02446739228327
3.9000000000000004 4913.54679868642 76.0428557679423
4.0 4915.505056407321 78.3778597277065
