# Rounds: 1000, repetitions: 1000
# Good arm ~ N(5.0,0.0), 1 bad arm(s) ~ N(3.9,0.0)
# Observation noise range from 0.5 to 4.0 with step size 0.1

# Observation noise | mean | standard deviation

0.5 4999.019300000002 5.3852835383839786
0.6 4998.868600000002 4.575765692392006
0.7 4997.895100000003 5.256936500602983
0.7999999999999999 4997.100899999999 4.121151912157926
0.8999999999999999 4995.845800000004 4.465891461572513
0.9999999999999999 4994.5918 5.286372905735927
1.0999999999999999 4993.6699999999955 3.8757504359081314
1.1999999999999997 4992.365400000008 3.194972721431442
1.2999999999999996 4990.780299999997 3.901241032234687
1.3999999999999995 4989.436099999993 3.509841275011706
1.4999999999999993 4987.836699999995 3.5911334351914017
1.5999999999999992 4986.320899999997 3.2023254172675752
1.699999999999999 4984.457499999994 3.432830913120841
1.799999999999999 4982.550100000005 3.7067019882410084
1.8999999999999988 4980.794499999999 3.0604355925286324
1.9999999999999987 4979.042199999998 3.148881486276464
2.0999999999999988 4977.088599999994 3.244314352157586
2.199999999999999 4974.792900000002 3.2245336418166572
2.299999999999999 4972.860200000003 3.582874956365763
2.399999999999999 4970.714100000005 3.533853323117636
2.499999999999999 4968.459099999993 3.7684875863785434
2.599999999999999 4966.361400000009 3.8431314965402894
2.6999999999999993 4963.853399999997 4.195849567560032
2.7999999999999994 4961.557700000002 4.570657679330388
2.8999999999999995 4959.201499999995 4.427411175813716
2.9999999999999996 4956.9883000000045 4.315840542650959
3.0999999999999996 4954.614499999999 4.886862098644876
3.1999999999999997 4951.865599999996 4.7860132221467016
3.3 4949.286100000001 4.943884989437912
3.4 4946.626300000003 4.954250994137608
3.5 4944.420800000006 5.357184595175669
3.6 4941.347399999999 5.513092365218252
3.7 4938.941700000004 5.723728870429017
3.8000000000000003 4936.155399999998 5.87477521474861
3.9000000000000004 4933.453799999995 6.622006987049906
4.0 4930.707100000001 6.2959255291234
