# Rounds: 1000, repetitions: 1000
# Good arm ~ N(5.0,3.0), 1 bad arm(s) ~ N(0.2,3.0)
# Observation noise range from 0.5 to 4.0 with step size 0.1

# Observation noise | mean | standard deviation

0.5 4945.518072101842 490.90846332853835
0.6 4961.527234541221 413.1930784226932
0.7 4964.337776524641 356.34348211435673
0.7999999999999999 4962.6400204351185 351.6693312058841
0.8999999999999999 4967.943503215797 327.6879157230115
0.9999999999999999 4978.322174692236 250.51763898210626
1.0999999999999999 4991.8973999958025 175.91939852572776
1.1999999999999997 4987.809402569805 110.81760518930683
1.2999999999999996 4994.71746626418 95.19210715769917
1.3999999999999995 4993.011468258763 98.75857404054351
1.4999999999999993 4993.078259592889 96.2061502660869
1.5999999999999992 4986.039841716863 95.8968509918534
1.699999999999999 4987.547537753538 95.61786907970863
1.799999999999999 4985.01640022118 96.68950434098124
1.8999999999999988 4995.769640848544 97.90398472470515
1.9999999999999987 4991.728398916012 93.5836938564401
2.0999999999999988 4988.49990236075 95.93363555448292
2.199999999999999 4990.753499345517 97.88982753609655
2.299999999999999 4986.555464288666 95.08367523136818
2.399999999999999 4993.5745603632895 93.71916313459845
2.499999999999999 4985.5175058021505 94.24099863249715
2.599999999999999 4987.262488745289 98.08472779868194
2.6999999999999993 4986.468025938395 97.93670829412088
2.7999999999999994 4984.399643476651 91.35545939072216
2.8999999999999995 4980.287425118415 99.7165187792976
2.9999999999999996 4984.901217297278 95.25323890697412
3.0999999999999996 4978.916768060672 99.03487131786171
3.1999999999999997 4981.404119002704 93.29976816774207
3.3 4977.91872258235 95.35714604054878
3.4 4978.414437654963 94.77899061204526
3.5 4972.968327083491 95.06311512267735
3.6 4972.547336455451 95.05942083143991
3.7 4977.489908141568 95.174224272523
3.8000000000000003 4971.766666483964 95.73773796969112
3.9000000000000004 4973.674442273449 95.1387144392803
4.0 4969.418851326358 96.72191552949282
