# Rounds: 10, repetitions: 1000
# Good arm ~ N(5.0,3.0), 13 bad arm(s) ~ N(1.0,3.0)
# Observation noise range from 0.5 to 8.0 with step size 0.1

# Observation noise | mean | standard deviation

0.5 17.464821427948685 14.110923920562929
0.6 17.63093814942321 13.968233746701836
0.7 18.896259496062783 14.182328382980753
0.7999999999999999 17.436099123412898 13.40782568654071
0.8999999999999999 17.96799935151096 13.90164896757503
0.9999999999999999 18.488158504027076 14.362613846658617
1.0999999999999999 17.319507578241343 13.514577287430585
1.1999999999999997 18.296339842843835 14.066831961263448
1.2999999999999996 17.27094502948291 14.12748879222833
1.3999999999999995 18.110190252305337 13.253244554201627
1.4999999999999993 17.27403310356183 13.340215598558697
1.5999999999999992 16.4478018784173 12.807783996465622
1.699999999999999 17.13120114219323 13.043488872785046
1.799999999999999 16.762347443619035 12.612643128925614
1.8999999999999988 16.87894526488336 13.31379576231864
1.9999999999999987 17.23075039954002 12.829182868290156
2.0999999999999988 16.73371519131188 12.589139607658597
2.199999999999999 16.28108249488663 12.313031531835133
2.299999999999999 16.686542807712826 12.073366569435983
2.399999999999999 15.331611092700038 12.506481338248832
2.499999999999999 16.024902695294013 12.623889732539174
2.599999999999999 16.200653974220078 11.646374550725987
2.6999999999999993 15.85887108365192 11.319957914180202
2.7999999999999994 15.631876077528794 11.535664719939358
2.8999999999999995 15.096099981853214 11.555368289008834
2.9999999999999996 16.0541359745305 11.346603911880846
3.0999999999999996 15.584269305436878 11.651201767537371
3.1999999999999997 15.687206377727806 11.094670485197534
3.3 14.99832614307368 11.522199164651614
3.4 15.266197636707865 10.817268764881014
3.5 14.692049936282158 11.0577127358497
3.6 14.520978317794217 11.018141257097893
3.7 14.572355642841673 10.971183048264159
3.8000000000000003 15.113766588560816 11.144574537624878
3.9000000000000004 15.337713990878752 11.05929086583605
4.0 14.211926049402264 10.497006579062822
4.1 15.324434260994575 10.801832616957368
4.199999999999999 14.609946734826334 10.424947762358721
4.299999999999999 14.744531270854724 10.86950170398933
4.399999999999999 14.970676704902713 10.817306491795282
4.499999999999998 14.330715561521405 10.746282263942035
4.599999999999998 13.889383965886793 10.795177620045154
4.6999999999999975 14.846356391971273 10.61052579527453
4.799999999999997 14.442827742965536 10.47539660543906
4.899999999999997 14.613070610632718 11.35218166657983
4.9999999999999964 14.508258778103176 10.691778180070393
5.099999999999996 15.027969059808878 10.970454857179416
5.199999999999996 14.293581162169573 10.764027132345205
5.299999999999995 14.002783771132036 10.401187639819197
5.399999999999995 14.601424208912304 10.848443816016948
5.499999999999995 14.672483681043763 11.110059848141256
5.599999999999994 14.107128923569322 11.094445425127859
5.699999999999994 14.32696795499795 10.753629443314791
5.799999999999994 14.318754175885894 10.545697352678275
5.899999999999993 14.24842485906011 10.495886664240551
5.999999999999993 13.978131747773466 10.635627457736087
6.0999999999999925 14.34876318278342 10.484974596515906
6.199999999999992 14.6691729399777 10.741668015213461
6.299999999999992 13.990675653229445 10.860952215426423
6.3999999999999915 14.143797686575097 10.620688531469847
6.499999999999991 14.471939769513853 10.217354212781343
6.599999999999991 14.074672844529905 10.334486312398008
6.69999999999999 14.582005448811145 10.987218580620597
6.79999999999999 13.95937712994715 10.62213673163051
6.89999999999999 13.925226127386694 10.346419632080902
6.999999999999989 14.86694315559617 10.738176836123351
7.099999999999989 14.214705816887268 10.684601960972971
7.199999999999989 14.006175926521353 10.343553432548246
7.299999999999988 14.019054449707152 10.554010154142214
7.399999999999988 13.52912859780531 10.726633416771925
7.499999999999988 14.617805069521363 10.29841568315513
7.599999999999987 14.118871677708956 10.817117777841911
7.699999999999987 14.548297624464912 10.670247623202552
7.7999999999999865 14.549239984566608 10.892097873294016
7.899999999999986 14.046780626389975 10.50633192340588
7.999999999999986 14.18752508107696 10.398797793171735
