# Rounds: 10, repetitions: 1000
# Good arm ~ N(5.0,2.0), 13 bad arm(s) ~ N(0.0,2.0)
# Observation noise range from 0.5 to 8.0 with step size 0.1

# Observation noise | mean | standard deviation

0.5 11.828446691275271 13.735224712852485
0.6 10.804252314140845 13.869386456163761
0.7 11.001575775689854 14.030444772698889
0.7999999999999999 11.723641042241843 14.435366571503932
0.8999999999999999 10.858823515351327 13.76376429091385
0.9999999999999999 10.685951203839831 13.87592680097642
1.0999999999999999 10.437250714704286 13.16761130699888
1.1999999999999997 9.778529180218925 12.873216259669414
1.2999999999999996 9.599017502633899 12.473748666656087
1.3999999999999995 9.624140388687755 12.393705350492333
1.4999999999999993 9.239544148423473 12.607113139630126
1.5999999999999992 8.666682810288806 12.31213562157869
1.699999999999999 8.731451351109795 12.232944153046915
1.799999999999999 8.467967516564471 11.520214521089192
1.8999999999999988 8.326065668494264 11.057511537077058
1.9999999999999987 8.047487177130815 11.353365512938364
2.0999999999999988 7.3228252370593845 11.110683250255565
2.199999999999999 7.6897793000436945 10.752244771737654
2.299999999999999 7.522630602144331 10.619813766419473
2.399999999999999 6.587372743078037 10.341306179700291
2.499999999999999 6.91989080128644 10.454752718745347
2.599999999999999 7.087733623884781 10.13635181915353
2.6999999999999993 6.769734844362971 9.919121900797288
2.7999999999999994 5.772887700944945 9.379567026727399
2.8999999999999995 6.089418432611782 9.817249044317155
2.9999999999999996 6.063040558900919 9.544554571901685
3.0999999999999996 5.688087246910445 9.195398146336148
3.1999999999999997 5.654910695930014 9.314246066118379
3.3 5.881960261527164 9.638391497224216
3.4 5.047297426306336 9.130618286455544
3.5 5.365030250290917 9.177970880376373
3.6 5.410837498081034 8.549554928271922
3.7 5.2594127894141405 9.161916404104653
3.8000000000000003 5.734705851308529 8.910377020855789
3.9000000000000004 4.941839102505107 8.989569913809245
4.0 5.0964976407616245 8.990778086581276
4.1 5.127344279673247 8.835745701025596
4.199999999999999 4.696789737001182 8.415317163325435
4.299999999999999 4.7528152765789455 8.417015901665428
4.399999999999999 4.567662671201682 8.490283880522133
4.499999999999998 4.8439479841367366 8.326242538933034
4.599999999999998 4.82041838018529 8.583871525428465
4.6999999999999975 4.751206124435114 8.774926017186989
4.799999999999997 4.361111347234343 8.287858583651323
4.899999999999997 4.5970943782652105 8.358397602265127
4.9999999999999964 4.591688575163384 8.257071498241848
5.099999999999996 4.658676467279559 8.237720675296934
5.199999999999996 4.71389663816982 8.281718534336006
5.299999999999995 4.643613765333268 8.153867753018602
5.399999999999995 4.665189566475365 8.737532127989363
5.499999999999995 4.637489424608625 8.169929573949556
5.599999999999994 4.212521638500196 8.128342349534257
5.699999999999994 4.117631962132183 8.067705954864207
5.799999999999994 4.535801025557138 8.132001891688281
5.899999999999993 4.107944912362134 8.090172003456933
5.999999999999993 4.351832044321947 8.065266094468047
6.0999999999999925 4.478334840341142 8.649703295474954
6.199999999999992 3.8861423969679154 8.018623609876908
6.299999999999992 3.9216988475219443 8.103801394253468
6.3999999999999915 4.268412436735388 8.01475087594229
6.499999999999991 4.0940933352100215 8.0565394051012
6.599999999999991 4.190718765001477 8.43364815047443
6.69999999999999 4.20143651634037 8.101110439632263
6.79999999999999 4.3171655598099505 7.87382023386961
6.89999999999999 4.054570565279822 8.200318639165756
6.999999999999989 4.389946399719833 8.002961643072075
7.099999999999989 4.233105490432452 8.166850309675551
7.199999999999989 4.149637196263728 8.429065412811672
7.299999999999988 3.8327927493283953 8.102546900962
7.399999999999988 3.9497884997090673 8.043542676246823
7.499999999999988 4.012653732454637 8.086959787387482
7.599999999999987 4.356567846442356 7.781792526608387
7.699999999999987 3.343753553547882 7.914655618987987
7.7999999999999865 4.145114631430902 8.104103096105106
7.899999999999986 3.810242608756348 7.8636301190529485
7.999999999999986 3.55962729008477 8.231226622647034
