# Rounds: 10, repetitions: 1000
# Good arm ~ N(5.0,3.0), 13 bad arm(s) ~ N(2.0,3.0)
# Observation noise range from 0.5 to 8.0 with step size 0.1

# Observation noise | mean | standard deviation

0.5 25.585382972789237 12.105652183228914
0.6 26.96714904625514 12.418543247839024
0.7 26.747427505052 12.285411230077647
0.7999999999999999 26.721150451691468 12.334357730467397
0.8999999999999999 26.430200399104667 12.077672030492224
0.9999999999999999 26.307665081081556 11.874420120142062
1.0999999999999999 27.094999284403332 11.901661976884142
1.1999999999999997 26.51785707367709 11.834171919013304
1.2999999999999996 26.52915542109321 11.15427257680388
1.3999999999999995 26.455356425733378 11.907280949407681
1.4999999999999993 25.76892105839065 11.713890084580632
1.5999999999999992 25.533272353062873 12.059530780283199
1.699999999999999 26.018748217376178 12.017824328029961
1.799999999999999 25.57009084051263 11.590609723996476
1.8999999999999988 26.375680940669078 11.257558188153187
1.9999999999999987 24.920758430743994 11.282447477561547
2.0999999999999988 25.282071257509266 11.241349740289593
2.199999999999999 24.621710734760217 10.911110460367317
2.299999999999999 24.933251977332546 10.464106709207744
2.399999999999999 24.774047292519707 11.089352126021652
2.499999999999999 25.434400125538897 10.96340402713888
2.599999999999999 25.302968415351106 10.841409065243509
2.6999999999999993 24.889284462204913 10.831326532594876
2.7999999999999994 24.794675795138435 10.983529492306749
2.8999999999999995 24.724585888111672 10.81270845726066
2.9999999999999996 25.198460687738102 10.652996251247734
3.0999999999999996 25.16710607718983 10.832308003756676
3.1999999999999997 25.034135197482335 10.500356212743817
3.3 25.254162004541175 10.700145741604674
3.4 25.327342156076448 10.2324096238634
3.5 25.31253179863253 10.903210231167362
3.6 24.887871742512104 10.864695805543658
3.7 24.640124016330468 10.555084146198968
3.8000000000000003 24.235784127696814 10.176546524814366
3.9000000000000004 25.19760997084054 10.665959112702861
4.0 24.375113201850105 10.540403411302739
4.1 24.332469343855546 10.222292840431452
4.199999999999999 25.398843244717174 10.559829021485726
4.299999999999999 24.82644191727787 10.298505483311065
4.399999999999999 24.479391828324786 10.349759359306862
4.499999999999998 24.45555491592047 9.93734823755116
4.599999999999998 24.577411732313877 10.40612207896798
4.6999999999999975 24.908293529314562 10.76613439968183
4.799999999999997 24.032033011959335 10.038755507315921
4.899999999999997 24.384737510462116 10.121590410714521
4.9999999999999964 24.61350388453282 10.656184839523256
5.099999999999996 24.546281572308605 10.309259976920794
5.199999999999996 24.754589075960638 10.386934175905846
5.299999999999995 24.5161606292032 10.369980248895597
5.399999999999995 24.265396748328286 10.466370627899915
5.499999999999995 24.454502350265493 10.431546208323239
5.599999999999994 24.66156589900205 10.222318626700817
5.699999999999994 24.601010438032752 10.423692278769565
5.799999999999994 24.233358502835973 10.33655947556299
5.899999999999993 24.15652150443579 10.471848959296768
5.999999999999993 24.600730343752236 10.061836812207027
6.0999999999999925 24.334850344911747 10.500771031768712
6.199999999999992 24.0610174581067 10.577571252280878
6.299999999999992 24.070020127652768 10.266148544456893
6.3999999999999915 24.815013652334436 10.123713269772836
6.499999999999991 24.556416526592308 10.074529066775264
6.599999999999991 25.132485238391883 9.987730777837468
6.69999999999999 24.197267973566287 10.12234305996312
6.79999999999999 24.526639051143043 10.66571513984934
6.89999999999999 23.605045065465955 10.308424990709707
6.999999999999989 24.754213273317784 10.148228964107687
7.099999999999989 24.62118433874761 10.585039077303017
7.199999999999989 24.67955823973892 10.309020404707681
7.299999999999988 24.07210989674856 10.37773145772795
7.399999999999988 24.427325175380563 10.50547412490654
7.499999999999988 23.961780217778074 10.48801767822817
7.599999999999987 23.8894973742722 10.275263949601404
7.699999999999987 24.328432971765846 10.309516725295454
7.7999999999999865 24.69431811084376 9.635892677856262
7.899999999999986 24.15312398352922 10.662841549745938
7.999999999999986 24.514717169184575 10.4971963442619
