# Rounds: 10, repetitions: 1000
# Good arm ~ N(5.0,0.0), 13 bad arm(s) ~ N(3.0,0.0)
# Observation noise range from 0.5 to 8.0 with step size 0.1

# Observation noise | mean | standard deviation

0.5 38.11200000000002 4.3797989267360755
0.6 37.89399999999997 4.505225972252785
0.7 37.362000000000016 4.17640974982082
0.7999999999999999 37.40599999999998 4.147332198457743
0.8999999999999999 37.03400000000003 3.9973519763492122
0.9999999999999999 36.93600000000001 3.975387743064525
1.0999999999999999 36.56799999999997 3.7570588884780034
1.1999999999999997 36.33399999999997 3.5840325457910356
1.2999999999999996 36.28600000000002 3.5057801549005596
1.3999999999999995 36.041999999999945 3.380186631187924
1.4999999999999993 35.83399999999994 3.25192543257361
1.5999999999999992 35.55000000000001 3.011738795209622
1.699999999999999 35.620000000000005 3.0253516742277853
1.799999999999999 35.55400000000006 2.8777361528405194
1.8999999999999988 35.298 2.7163531755967516
1.9999999999999987 35.38000000000004 2.6770817631829713
2.0999999999999988 35.29600000000002 2.650171203414472
2.199999999999999 35.231999999999964 2.537836995674964
2.299999999999999 35.24800000000001 2.606393924426878
2.399999999999999 35.04399999999995 2.41078324945978
2.499999999999999 35.04599999999995 2.442918715768466
2.599999999999999 34.98799999999998 2.345497251620075
2.6999999999999993 34.91600000000001 2.338891706431587
2.7999999999999994 34.958000000000006 2.248397494059103
2.8999999999999995 34.911999999999985 2.2745174058312823
2.9999999999999996 34.86199999999997 2.224838399953116
3.0999999999999996 34.80199999999999 2.107424313525216
3.1999999999999997 34.80600000000002 2.0963679922090965
3.3 34.845999999999954 2.18014610451617
3.4 34.773999999999994 2.087410185201116
3.5 34.73000000000002 2.07253356918421
3.6 34.74800000000002 2.05248841865398
3.7 34.74000000000006 1.9940853483179646
3.8000000000000003 34.701999999999956 1.894937145867052
3.9000000000000004 34.747999999999976 2.021034532258318
4.0 34.57 1.9117412886566956
4.1 34.58600000000001 1.9256978766962363
4.199999999999999 34.74400000000003 1.9946033295977674
4.299999999999999 34.604000000000035 1.8348162171047573
4.399999999999999 34.59000000000002 1.884529504001309
4.499999999999998 34.67599999999997 1.8510673813911829
4.599999999999998 34.58000000000008 1.8360204168175773
4.6999999999999975 34.65199999999998 1.923173053730371
4.799999999999997 34.56399999999998 1.843176958759332
4.899999999999997 34.68599999999994 1.8517107854178558
4.9999999999999964 34.70800000000001 1.9011444843436642
5.099999999999996 34.53200000000005 1.8353049731160103
5.199999999999996 34.568000000000005 1.8912834142330248
5.299999999999995 34.56400000000001 1.8279073404429629
5.399999999999995 34.64800000000002 1.8306958915798908
5.499999999999995 34.61999999999994 1.8316536121644096
5.599999999999994 34.58600000000001 1.7876800048666033
5.699999999999994 34.62999999999998 1.8456723724720177
5.799999999999994 34.591999999999985 1.7924142235400482
5.899999999999993 34.488000000000035 1.7880304955601383
5.999999999999993 34.63999999999996 1.8487341122556853
6.0999999999999925 34.501999999999974 1.7409844993643733
6.199999999999992 34.613999999999955 1.8467307368467185
6.299999999999992 34.514000000000024 1.7535332557094092
6.3999999999999915 34.57 1.7453212157497384
6.499999999999991 34.53000000000005 1.7715073350788664
6.599999999999991 34.644000000000084 1.7675939546141246
6.69999999999999 34.58600000000002 1.8032902860759472
6.79999999999999 34.65600000000002 1.8168557909104908
6.89999999999999 34.35199999999999 1.6753814201258344
6.999999999999989 34.50600000000002 1.8008906705314476
7.099999999999989 34.47999999999999 1.7287534782578429
7.199999999999989 34.389999999999965 1.662125946690768
7.299999999999988 34.61999999999999 1.8727271843776776
7.399999999999988 34.438000000000024 1.7260171306030474
7.499999999999988 34.52799999999997 1.8101084200932631
7.599999999999987 34.53400000000004 1.7657751731072622
7.699999999999987 34.61800000000002 1.801477538389343
7.7999999999999865 34.4939999999999 1.6919890149840913
7.899999999999986 34.455999999999996 1.6525116625291305
7.999999999999986 34.45599999999995 1.7375508864729967
