# Rounds: 10, repetitions: 1000
# Good arm ~ N(5.0,1.0), 13 bad arm(s) ~ N(4.0,1.0)
# Observation noise range from 0.5 to 8.0 with step size 0.1

# Observation noise | mean | standard deviation

0.5 45.19357226216278 3.7895456994017667
0.6 45.1945650000468 3.9291770833382307
0.7 45.3032164406646 3.8036156037379865
0.7999999999999999 45.26279757721521 3.929080245851113
0.8999999999999999 45.19750821065765 3.7846910188780174
0.9999999999999999 45.09528712124625 3.5872854185094964
1.0999999999999999 45.07818144613486 3.564975788406844
1.1999999999999997 45.04869705716503 3.7659609801139324
1.2999999999999996 44.86605803570864 3.551041866102974
1.3999999999999995 45.16142243872113 3.671848855634827
1.4999999999999993 44.99594042164524 3.602237114173515
1.5999999999999992 45.128096641034524 3.566851324720183
1.699999999999999 44.74673023346451 3.4547389421958195
1.799999999999999 45.33696866444677 3.5390288200720432
1.8999999999999988 45.09840672391325 3.512299326555539
1.9999999999999987 45.02965750507247 3.5219503427687737
2.0999999999999988 45.07415560707254 3.5610384946383613
2.199999999999999 44.99923050563096 3.5915242908205722
2.299999999999999 44.78803254381618 3.3525472105196648
2.399999999999999 44.923090491366814 3.456899411946537
2.499999999999999 44.881202743432226 3.630847192184926
2.599999999999999 44.94867060409293 3.4308315028574334
2.6999999999999993 44.73642910698944 3.4837369715849205
2.7999999999999994 44.95669634185313 3.367925501072123
2.8999999999999995 44.85136995488215 3.382714773687025
2.9999999999999996 44.91536725929892 3.5123896402904733
3.0999999999999996 44.64912367119479 3.435122494007424
3.1999999999999997 44.84726028132472 3.527365831938517
3.3 44.84424977870819 3.4164340390743777
3.4 44.82292840484491 3.435846762590126
3.5 44.795476311906995 3.579736471894299
3.6 44.71686476206924 3.502974726797189
3.7 44.89431258540938 3.450411548268337
3.8000000000000003 44.698852971844566 3.5370857977794845
3.9000000000000004 44.887921355572665 3.4515515106457433
4.0 44.65351325298023 3.4313061810264167
4.1 44.72293236938115 3.4349519719323482
4.199999999999999 44.747907937831705 3.3390128763392553
4.299999999999999 44.92454441791787 3.4652332585274412
4.399999999999999 44.73938326822826 3.4167687968627103
4.499999999999998 44.763200773052354 3.600064916829965
4.599999999999998 44.9644190450473 3.495224371862369
4.6999999999999975 44.732567785529874 3.4338294422483373
4.799999999999997 44.975415117565966 3.482602165418988
4.899999999999997 44.70756965176134 3.526211204445806
4.9999999999999964 44.66719245802293 3.4791983211247057
5.099999999999996 44.78896338442785 3.4263672713305326
5.199999999999996 44.89096410529619 3.367309527028659
5.299999999999995 44.80771260211235 3.547427111765667
5.399999999999995 44.77437596868242 3.431426157404892
5.499999999999995 44.6942970736656 3.4717791538731446
5.599999999999994 45.055362009838326 3.332258054979014
5.699999999999994 44.73413497901655 3.3541717890228058
5.799999999999994 44.76302847572694 3.412077204510591
5.899999999999993 44.801295282565334 3.4320568940001155
5.999999999999993 44.6183032326031 3.3760437031458994
6.0999999999999925 44.92480958899114 3.354682168569294
6.199999999999992 44.582212562912325 3.4376282691110007
6.299999999999992 44.67105998661374 3.4468382471904127
6.3999999999999915 44.61369193271838 3.3851741571185308
6.499999999999991 44.66104473434138 3.38627410852051
6.599999999999991 44.83539446556882 3.42291035077106
6.69999999999999 44.73304894435161 3.348254720224149
6.79999999999999 44.70192114568333 3.403510188948873
6.89999999999999 44.78189629602259 3.4096711377156694
6.999999999999989 44.920193675901594 3.469106700270092
7.099999999999989 44.72885724557917 3.2920575910474486
7.199999999999989 44.754273471885156 3.4258359901375894
7.299999999999988 44.62760569844931 3.2836713984288806
7.399999999999988 44.92305310227818 3.549032072179671
7.499999999999988 44.50553246549606 3.3872577433627535
7.599999999999987 44.9173217870542 3.3620895150277352
7.699999999999987 44.8073880647923 3.492849724274966
7.7999999999999865 44.568784309862906 3.3767467066440706
7.899999999999986 44.74761097350137 3.494288286224892
7.999999999999986 44.91379240653302 3.4633673426736866
