# Rounds: 5000, repetitions: 1000
# Good arm ~ N(5.0,1.0), 1 bad arm(s) ~ N(4.9,1.0)
# Observation noise range from 0.5 to 4.0 with step size 0.1

# Observation noise | mean | standard deviation

0.5 24881.992092558303 197.02036893223132
0.6 24894.188856430424 177.68623351124842
0.7 24919.23255359741 143.86786656867312
0.7999999999999999 24928.669947846545 129.61650451644644
0.8999999999999999 24932.907166624966 114.98192619379789
0.9999999999999999 24926.64522731162 109.08888892509901
1.0999999999999999 24924.55352114237 101.37277652032739
1.1999999999999997 24923.371572883025 93.9053100452651
1.2999999999999996 24911.92013637069 95.33530955867327
1.3999999999999995 24908.019531532944 95.3320873795134
1.4999999999999993 24905.313917624797 85.59987697956025
1.5999999999999992 24897.610581109147 92.41572810571738
1.699999999999999 24893.15525302409 90.31823336647389
1.799999999999999 24887.77492430682 91.35880937584967
1.8999999999999988 24877.59710561947 92.19565395389718
1.9999999999999987 24873.590053565298 88.41085079098347
2.0999999999999988 24863.459282685137 88.44832223306047
2.199999999999999 24863.381872312646 92.99074854007921
2.299999999999999 24857.418051132085 90.76867632603454
2.399999999999999 24852.852154483677 84.57758455870683
2.499999999999999 24843.40195018336 86.54743744173524
2.599999999999999 24845.711151170624 86.21693117509315
2.6999999999999993 24837.868075433144 87.7913181911502
2.7999999999999994 24834.293898227814 84.68236291912349
2.8999999999999995 24836.01805699299 84.9539481420685
2.9999999999999996 24827.906577621252 86.32975422254833
3.0999999999999996 24818.881507740054 87.71906487365074
3.1999999999999997 24815.324980765847 84.52278626034894
3.3 24810.14877446952 82.93517742539163
3.4 24811.053839171684 80.96894871854545
3.5 24801.218687348217 82.1661836287923
3.6 24801.107716472627 79.6154207937607
3.7 24802.912497996615 81.94574959176671
3.8000000000000003 24795.12652804073 82.61676539936101
3.9000000000000004 24793.308245448457 84.23054883028884
4.0 24787.134016317144 82.24172913359413
