# Rounds: 5000, repetitions: 1000
# Good arm ~ N(5.0,2.0), 1 bad arm(s) ~ N(2.9,2.0)
# Observation noise range from 0.5 to 4.0 with step size 0.1

# Observation noise | mean | standard deviation

0.5 24764.35530440069 1481.871015540692
0.6 24770.10344188709 1449.1079902437348
0.7 24826.46834950795 1225.6830456860716
0.7999999999999999 24876.90532326052 1068.4966922833498
0.8999999999999999 24908.61604382823 893.9820147501628
0.9999999999999999 24951.613018645137 478.0151610056241
1.0999999999999999 24961.210981200205 419.77381474635223
1.1999999999999997 24986.440574069075 152.0123431981692
1.2999999999999996 24982.997111578286 162.63529537286735
1.3999999999999995 24986.398880329118 148.13889241060295
1.4999999999999993 24983.85194556125 146.60264415313284
1.5999999999999992 24975.508038964384 144.02780713198203
1.699999999999999 24978.242736985612 139.76676108492947
1.799999999999999 24982.512658465184 141.76879631305704
1.8999999999999988 24983.68687889975 147.08177920676047
1.9999999999999987 24981.567512485988 141.83677879523256
2.0999999999999988 24980.289909881056 144.99454860782677
2.199999999999999 24978.616455328043 143.23013661771134
2.299999999999999 24975.387226911964 137.39165863682365
2.399999999999999 24969.02403928797 142.94220692187264
2.499999999999999 24974.363435130967 141.63176938641575
2.599999999999999 24963.382743127928 140.54020671743748
2.6999999999999993 24964.792493069333 138.1165138364781
2.7999999999999994 24972.428528973152 138.45525290061772
2.8999999999999995 24962.461082847974 140.56144030041867
2.9999999999999996 24954.61547478006 137.7255393313468
3.0999999999999996 24960.356220570226 136.596388796643
3.1999999999999997 24960.81915068837 145.44449946063207
3.3 24960.56879143225 138.5005401981659
3.4 24955.924791682886 142.97101125008675
3.5 24942.56907592209 148.7616762860797
3.6 24941.322030535208 146.6387467437738
3.7 24942.70123305036 140.92420310385015
3.8000000000000003 24939.89741125442 145.77527728840616
3.9000000000000004 24946.84273490206 143.76663749190922
4.0 24943.99969361959 140.41981525204332
