# Rounds: 5000, repetitions: 1000
# Good arm ~ N(5.0,5.0), 1 bad arm(s) ~ N(0.4,5.0)
# Observation noise range from 0.5 to 4.0 with step size 0.1

# Observation noise | mean | standard deviation

0.5 23104.28836819663 6222.17515911071
0.6 23503.94727971558 5583.346384483807
0.7 23535.79678550813 5555.180430873883
0.7999999999999999 23652.09332470009 5327.194154632966
0.8999999999999999 24059.288177410614 4378.850116855477
0.9999999999999999 24124.413566827134 4243.117670890704
1.0999999999999999 24158.69653750236 4213.799067791098
1.1999999999999997 24579.097003214432 2967.867188137704
1.2999999999999996 24397.175300640425 3466.370778311818
1.3999999999999995 24614.375522671533 2784.852508412751
1.4999999999999993 24719.00756403273 2348.9006790977382
1.5999999999999992 24779.717798514557 2100.447482649832
1.699999999999999 24846.985354412107 1681.6370930225348
1.799999999999999 24920.99983296453 854.9954790014026
1.8999999999999988 24978.47954412645 390.8230572736268
1.9999999999999987 24905.91603629358 951.992204883292
2.0999999999999988 24957.344260652982 440.3273110840341
2.199999999999999 24943.51478267166 831.1627829363863
2.299999999999999 24973.386597449135 343.8908055861917
2.399999999999999 24968.91204333648 353.81592627141856
2.499999999999999 24965.588097120453 432.3527475430677
2.599999999999999 24948.494674705686 685.9142408744012
2.6999999999999993 24977.885708654136 365.2085002473777
2.7999999999999994 24958.359091886567 364.6217747559829
2.8999999999999995 24966.641184266733 350.8003175398284
2.9999999999999996 24985.256154212915 358.597358912683
3.0999999999999996 24960.235853799866 345.7255845204801
3.1999999999999997 24964.10610085799 354.478032201998
3.3 24968.867942235447 354.115157551437
3.4 24967.745656656713 356.25238547069125
3.5 24964.42703133754 353.82822319151944
3.6 24955.546508864798 351.1141131366634
3.7 24967.691846565758 360.58816483965916
3.8000000000000003 24951.988875543484 363.27604267119017
3.9000000000000004 24957.80270345858 349.9400785182531
4.0 24957.62345263035 348.342879723944
