# Rounds: 5000, repetitions: 1000
# Good arm ~ N(5.0,5.0), 1 bad arm(s) ~ N(4.9,5.0)
# Observation noise range from 0.5 to 4.0 with step size 0.1

# Observation noise | mean | standard deviation

0.5 24753.498532050056 424.6413030281856
0.6 24736.36855150498 436.9223010201064
0.7 24730.0113374161 418.4656328533355
0.7999999999999999 24742.55024655938 442.4208343851138
0.8999999999999999 24735.071321664327 423.2495714772249
0.9999999999999999 24738.498610107916 439.12352562378237
1.0999999999999999 24719.16004717936 421.4631327530006
1.1999999999999997 24735.076607369767 427.90990381287475
1.2999999999999996 24754.145843649087 423.6397319185399
1.3999999999999995 24742.1617049536 427.5849713317491
1.4999999999999993 24738.361768161656 418.1434794314789
1.5999999999999992 24788.9698974571 429.7015656777113
1.699999999999999 24742.832028278313 427.72557137319
1.799999999999999 24762.04419863541 421.53571686569995
1.8999999999999988 24741.559967631332 420.9785379101599
1.9999999999999987 24741.670220544594 418.9661996815623
2.0999999999999988 24762.727962179782 420.0801951526523
2.199999999999999 24760.190134915676 416.4741795312583
2.299999999999999 24744.82708126044 432.1574097571026
2.399999999999999 24743.81296896677 410.5825255915191
2.499999999999999 24761.709227041425 409.6150380370636
2.599999999999999 24751.815071884437 405.84655669692086
2.6999999999999993 24741.288908713053 413.77198583242335
2.7999999999999994 24757.592198976115 400.20349903767146
2.8999999999999995 24724.768045256584 415.3149254311269
2.9999999999999996 24771.403885390464 404.7368445579418
3.0999999999999996 24744.428745979774 406.17237460224095
3.1999999999999997 24751.793801342017 420.7371124786126
3.3 24752.231564349793 403.14738088235197
3.4 24736.049028506925 414.84914384638563
3.5 24755.147502279204 404.73141516482144
3.6 24765.404353366215 400.813248080598
3.7 24732.71323130584 398.74391705568706
3.8000000000000003 24741.635571012364 381.925991125882
3.9000000000000004 24743.98790401308 399.3537287245691
4.0 24758.987425141408 407.860482625967
