# Rounds: 5000, repetitions: 1000
# Good arm ~ N(5.0,1.0), 1 bad arm(s) ~ N(3.6,1.0)
# Observation noise range from 0.5 to 4.0 with step size 0.1

# Observation noise | mean | standard deviation

0.5 24995.05083588009 82.54635563124401
0.6 24989.658975679136 128.1168138522158
0.7 24996.026972008676 70.31777687302481
0.7999999999999999 24995.1078890478 68.41610589447316
0.8999999999999999 24997.13051298909 71.62987127392567
0.9999999999999999 24990.983013392644 70.85804493579015
1.0999999999999999 24990.784866661004 70.78065562815176
1.1999999999999997 24992.640392581503 71.5092288401695
1.2999999999999996 24988.4067073242 73.88950154596726
1.3999999999999995 24988.630811204934 69.37644762981292
1.4999999999999993 24984.174296130775 73.7668803824423
1.5999999999999992 24984.57779531701 72.99326104659512
1.699999999999999 24979.54484028781 70.5619120817366
1.799999999999999 24977.160645302858 71.08814767941546
1.8999999999999988 24973.214075878688 71.27960522873146
1.9999999999999987 24977.74995502016 71.16437663881638
2.0999999999999988 24972.418381893694 67.84864376609754
2.199999999999999 24970.21319830072 70.17861526878613
2.299999999999999 24965.26206160174 70.05105748602723
2.399999999999999 24965.746546668404 68.1620662854352
2.499999999999999 24963.73382736881 70.79628685904407
2.599999999999999 24957.435399187332 76.09947842166244
2.6999999999999993 24957.76588965292 72.53951914421583
2.7999999999999994 24955.156385459602 70.2212823929045
2.8999999999999995 24950.15590787991 70.62845302514924
2.9999999999999996 24949.15292652184 73.24177233606285
3.0999999999999996 24946.684196760998 72.75418297602818
3.1999999999999997 24939.001369364476 70.044910032714
3.3 24942.27098632937 70.17952540296456
3.4 24936.017682973237 75.43085952712212
3.5 24935.05990537276 69.09203507576946
3.6 24929.2053499551 77.22051938160527
3.7 24925.04087162193 70.68723118361214
3.8000000000000003 24926.32099682525 76.00091326682467
3.9000000000000004 24918.848193636724 71.9487495965623
4.0 24915.801955994393 72.28618523110283
