# Rounds: 5000, repetitions: 1000
# Good arm ~ N(5.0,1.0), 19 bad arm(s) ~ N(4.0,1.0)
# Observation noise range from 0.5 to 8.0 with step size 0.1

# Observation noise | mean | standard deviation

0.5 24882.223988572347 399.7100996023546
0.6 24870.154584823165 302.79716498496043
0.7 24876.107123036505 180.1443668093389
0.7999999999999999 24851.104192266648 100.71903617956185
0.8999999999999999 24824.59667823976 210.2466809216525
0.9999999999999999 24805.280959556763 76.63853275505488
1.0999999999999999 24770.450776637976 79.51938494630679
1.1999999999999997 24734.618155132423 79.4852661105101
1.2999999999999996 24698.79947409827 84.87624228043217
1.3999999999999995 24661.93054211035 79.62831623407402
1.4999999999999993 24625.10318528158 81.1570258061165
1.5999999999999992 24586.04228711758 84.38752766868484
1.699999999999999 24543.411635554858 81.47607464211555
1.799999999999999 24498.17604788773 84.03715286404592
1.8999999999999988 24456.662550973426 85.34148906365827
1.9999999999999987 24407.878409055367 84.65805621121555
2.0999999999999988 24368.004819098922 85.28182738291454
2.199999999999999 24321.330390990173 89.15261206660412
2.299999999999999 24268.780018537393 90.55494750845565
2.399999999999999 24226.117604563853 86.39758184587508
2.499999999999999 24175.220945991547 92.73280148293313
2.599999999999999 24125.022286597497 91.9982109520755
2.6999999999999993 24077.60730927391 96.09664720803379
2.7999999999999994 24033.065655538092 94.74037541400547
2.8999999999999995 23983.401122802552 98.82260385833179
2.9999999999999996 23929.974681246018 100.25421881840853
3.0999999999999996 23877.002477438888 101.2702439174407
3.1999999999999997 23824.91731984095 103.32815187938247
3.3 23773.496139774303 101.56784495404565
3.4 23723.820178474783 111.25847555325556
3.5 23677.45631054038 106.89954792632874
3.6 23615.81625847775 109.82211674327475
3.7 23568.035010666274 110.26738177666171
3.8000000000000003 23512.92555632368 110.52740751649647
3.9000000000000004 23468.492484952516 112.17235337131031
4.0 23413.743163492778 112.41684661462338
4.1 23362.932901328102 118.42656167938785
4.199999999999999 23312.290629248622 116.77827040022254
4.299999999999999 23261.889695247974 118.38439472412506
4.399999999999999 23212.338950449608 121.72407391527113
4.499999999999998 23160.693251701345 118.6751701018381
4.599999999999998 23111.894655659147 115.60395964469505
4.6999999999999975 23061.41231615949 121.16668325425532
4.799999999999997 23007.98050392007 126.4789864952223
4.899999999999997 22960.21656401857 123.17859625322994
4.9999999999999964 22908.907423213146 127.92635631769996
5.099999999999996 22871.47540294123 132.23793530738584
5.199999999999996 22818.4740267499 125.93865840552122
5.299999999999995 22769.8151311956 132.22246587242677
5.399999999999995 22731.491783629008 126.70866439519727
5.499999999999995 22681.157130814714 131.42585488433645
5.599999999999994 22634.0544975109 132.10643740350756
5.699999999999994 22601.689937764088 130.65953920094046
5.799999999999994 22559.422012443665 130.40153536206836
5.899999999999993 22507.53804845715 131.40610220293965
5.999999999999993 22458.569531054192 134.8251450092265
6.0999999999999925 22428.108432745914 133.06537455820694
6.199999999999992 22378.768781358605 137.50350393736306
6.299999999999992 22347.338749536608 133.2320808828719
6.3999999999999915 22306.064901887014 130.03850101545638
6.499999999999991 22264.49143619724 133.03792743609677
6.599999999999991 22218.670762066922 133.9098343412515
6.69999999999999 22189.137761486236 137.06277577196352
6.79999999999999 22150.204414080632 135.49620223160946
6.89999999999999 22114.109597440332 132.63779092133947
6.999999999999989 22080.81980524911 132.87757907935227
7.099999999999989 22050.516735920373 139.08292985224
7.199999999999989 22007.313084660072 142.44907703157241
7.299999999999988 21979.049604243304 130.9594108246368
7.399999999999988 21947.160666328797 137.45908247842263
7.499999999999988 21911.791350730437 133.14956974137147
7.599999999999987 21892.213192040956 137.47550891281895
7.699999999999987 21853.74112927921 133.9725576819281
7.7999999999999865 21826.37973794125 130.18516277226453
7.899999999999986 21795.781098221687 127.65277349622492
7.999999999999986 21765.467603078578 133.68776033230387
