# Rounds: 5000, repetitions: 1000
# Good arm ~ N(5.0,3.0), 19 bad arm(s) ~ N(4.5,3.0)
# Observation noise range from 0.5 to 8.0 with step size 0.1

# Observation noise | mean | standard deviation

0.5 23451.43593398864 1127.4815780735012
0.6 23601.251879753538 1138.3900941004529
0.7 23584.128058011804 1111.58748027217
0.7999999999999999 23617.51882929991 1096.2336044238248
0.8999999999999999 23750.436632530964 1042.6058287518442
0.9999999999999999 23805.981623373722 1028.231145834913
1.0999999999999999 23803.958389354604 1017.2292562147106
1.1999999999999997 23832.585303924963 945.6576097896898
1.2999999999999996 23925.546277694215 886.1150173338989
1.3999999999999995 23894.61107024375 872.8598656313231
1.4999999999999993 23943.10554302306 804.2042648774515
1.5999999999999992 23898.703535452554 773.6817207625545
1.699999999999999 23851.78940349666 757.7417723622128
1.799999999999999 23856.66542532182 713.6035363697824
1.8999999999999988 23876.999277763618 664.9703484154011
1.9999999999999987 23813.75138776911 683.8270111581854
2.0999999999999988 23798.751325929894 619.5157443747329
2.199999999999999 23754.648853451043 585.3810008838852
2.299999999999999 23702.307764500605 576.5544818836086
2.399999999999999 23662.71524708853 560.0988759014434
2.499999999999999 23655.26674348723 524.456357813206
2.599999999999999 23602.48027619473 502.4241004152772
2.6999999999999993 23589.96504992555 490.26986394240197
2.7999999999999994 23564.461923381667 484.5974652559268
2.8999999999999995 23516.915166380008 476.6120228439742
2.9999999999999996 23486.138076282514 455.9963469449141
3.0999999999999996 23455.997661155776 443.09731198745055
3.1999999999999997 23419.776171860456 414.4795665081883
3.3 23410.47472807396 414.6756989934574
3.4 23358.37910239444 412.25443459232247
3.5 23311.270631407537 403.7735003232625
3.6 23272.020512341653 384.6319719460468
3.7 23270.098669360457 385.85363871384646
3.8000000000000003 23246.594858685243 380.5756212374196
3.9000000000000004 23204.732076616467 363.3080389514679
4.0 23199.720739081604 368.1556409513173
4.1 23172.286090891463 359.2860720406798
4.199999999999999 23144.309922899072 348.6164320326994
4.299999999999999 23128.23122171199 344.3107753572717
4.399999999999999 23139.014278668117 341.84100986839
4.499999999999998 23089.174847660994 333.4897638902179
4.599999999999998 23085.6680516838 325.83254609660787
4.6999999999999975 23056.97156625597 311.70718219704906
4.799999999999997 23067.54969817013 316.0674127779469
4.899999999999997 23038.039536012173 313.81790496824436
4.9999999999999964 23030.11639624272 298.94031125979615
5.099999999999996 23013.66102118502 306.51057139583594
5.199999999999996 23012.516745427827 306.8070212798436
5.299999999999995 23009.55043419582 278.00514360053046
5.399999999999995 22973.63942689713 285.64269403757856
5.499999999999995 22965.303168987823 276.7727738943773
5.599999999999994 22955.995774953364 280.1166276016738
5.699999999999994 22952.937914358597 272.2632219386059
5.799999999999994 22929.92648817889 268.0488691867174
5.899999999999993 22929.140352297498 274.5767203213143
5.999999999999993 22931.389703469617 281.17286358001803
6.0999999999999925 22919.6453910709 280.76528308179485
6.199999999999992 22911.684042726705 271.3580262427138
6.299999999999992 22895.362332278622 261.01105144656844
6.3999999999999915 22906.520625270558 258.7793967376344
6.499999999999991 22891.73026176965 265.46840914412064
6.599999999999991 22889.742169178167 247.69885825844526
6.69999999999999 22890.22680300129 263.9068857163281
6.79999999999999 22864.7125469462 252.46220228400313
6.89999999999999 22858.52379452413 258.3594879211378
6.999999999999989 22877.295855841014 247.83190592703014
7.099999999999989 22856.531983648012 249.9288640244504
7.199999999999989 22854.52223084809 255.12069445389056
7.299999999999988 22858.56838717577 246.88948208818553
7.399999999999988 22834.02091388252 247.09165847958005
7.499999999999988 22841.970415931406 252.9861997493036
7.599999999999987 22841.294774725284 248.02436157897677
7.699999999999987 22846.42472385832 243.50808631230242
7.7999999999999865 22842.33673284696 242.51516275806586
7.899999999999986 22830.52048246823 244.6129986226906
7.999999999999986 22827.15090158125 228.79037891122877
