# Rounds: 10, repetitions: 1000
# Good arm ~ N(5.0,3.0), 7 bad arm(s) ~ N(5.0,3.0)
# Observation noise range from 0.5 to 8.0 with step size 0.1

# Observation noise | mean | standard deviation

0.5 55.004078936735226 9.845749512005078
0.6 55.21546108502157 9.562669111097547
0.7 55.3715015356849 10.207434469205358
0.7999999999999999 55.32530785940807 9.929415671455615
0.8999999999999999 55.55325650589216 10.101705849305837
0.9999999999999999 54.71164591307327 9.780075647983027
1.0999999999999999 55.16259679904717 9.820748371901205
1.1999999999999997 55.13069936204488 9.966837792308318
1.2999999999999996 54.696558562320675 9.56015840053454
1.3999999999999995 54.82774388931127 10.021016042532699
1.4999999999999993 55.0655564093416 10.099617613816838
1.5999999999999992 55.205050237725715 10.129959173779547
1.699999999999999 54.64385621785123 9.694218565016003
1.799999999999999 55.00643212488408 9.989239469175859
1.8999999999999988 54.686742799786536 9.866835956029364
1.9999999999999987 55.052344057922646 9.504570970662812
2.0999999999999988 54.640554900212344 10.133788347031508
2.199999999999999 54.81378161717895 10.026717900918225
2.299999999999999 55.253170928267856 9.96305513867475
2.399999999999999 54.886554585101244 9.894364901172334
2.499999999999999 54.87038672846018 10.194017808204345
2.599999999999999 55.85658030048726 9.731630395294047
2.6999999999999993 55.37782428820317 9.672257486496274
2.7999999999999994 54.92714060138085 9.947613168209267
2.8999999999999995 55.06312553824883 9.942718214885547
2.9999999999999996 55.22900590467826 9.716748929665213
3.0999999999999996 55.669072761756674 10.206156757030776
3.1999999999999997 55.40175277348858 9.835139506959377
3.3 55.09608110249129 9.958997538208603
3.4 54.78465834768225 10.500521408921164
3.5 54.37753449702269 10.345797028808638
3.6 55.10102730758428 9.854665009311491
3.7 54.94942400807526 9.613587287457008
3.8000000000000003 55.26431519166632 10.057771421704867
3.9000000000000004 54.94460595437298 9.415890714144279
4.0 55.02783336334468 10.151713335706583
4.1 55.57574117679618 10.221769955909076
4.199999999999999 54.25517832132331 9.69275522367471
4.299999999999999 55.22623413206851 9.679605287469832
4.399999999999999 54.34660500426618 9.947038334581906
4.499999999999998 55.36623508655064 10.047713037189117
4.599999999999998 55.40705313610925 10.151050162076077
4.6999999999999975 55.16003056660757 10.156126810589104
4.799999999999997 55.655898350136326 10.032479515164965
4.899999999999997 55.404986063297045 9.98665066423577
4.9999999999999964 55.013874938559695 9.85362806346682
5.099999999999996 54.58823449018233 10.06070013415493
5.199999999999996 55.30382205280753 9.976458786229164
5.299999999999995 55.66803345988162 9.864431621971722
5.399999999999995 55.352562628262405 9.738756820905584
5.499999999999995 54.685460185849585 10.339492582183556
5.599999999999994 55.315967395914626 10.266507896465273
5.699999999999994 54.81777692478763 9.587531931469861
5.799999999999994 54.266004477760404 9.82281490744203
5.899999999999993 54.556121072685656 9.782397049514488
5.999999999999993 54.56324516481327 9.885360703552434
6.0999999999999925 55.22474507157672 9.788476426009586
6.199999999999992 54.963455209359 9.9821816462827
6.299999999999992 55.07674588987941 9.959816495025837
6.3999999999999915 54.63324668176188 9.932948576485787
6.499999999999991 54.73352229600644 10.109787599174313
6.599999999999991 55.259637025948834 9.763856080333241
6.69999999999999 54.64058093502931 9.788564392168093
6.79999999999999 55.0011385798466 10.08986376500258
6.89999999999999 54.74980296270719 10.22835964127805
6.999999999999989 55.309602080379356 10.14695787651645
7.099999999999989 54.841152498089855 10.172832197103025
7.199999999999989 55.31050205606823 9.888770315915174
7.299999999999988 54.93045842465369 10.39709914974041
7.399999999999988 54.649872676357504 9.95163658955616
7.499999999999988 54.798722193831146 10.029262349684748
7.599999999999987 55.00877030756116 9.847632038379603
7.699999999999987 55.21040345283128 9.898760999790738
7.7999999999999865 55.36443419121305 9.860529428094138
7.899999999999986 55.28663176648046 9.927231975156339
7.999999999999986 55.36237021448427 10.604798393781044
