# Rounds: 10, repetitions: 1000
# Good arm ~ N(5.0,3.0), 7 bad arm(s) ~ N(0.0,3.0)
# Observation noise range from 0.5 to 8.0 with step size 0.1

# Observation noise | mean | standard deviation

0.5 19.848735539799534 17.888790848669892
0.6 19.69793191566625 17.150112263550177
0.7 21.04643404529422 17.623975043498767
0.7999999999999999 20.160562137635857 17.51024274045264
0.8999999999999999 18.94030606486573 17.36685826684283
0.9999999999999999 19.304484248468253 17.15069218866689
1.0999999999999999 19.81797427773704 16.92808335997256
1.1999999999999997 18.74683106030029 17.22187089156697
1.2999999999999996 18.94938584366931 17.065648289197295
1.3999999999999995 17.712422906363393 16.505907698304423
1.4999999999999993 17.885040085800227 16.886069435614342
1.5999999999999992 17.22475318152315 16.516167161793916
1.699999999999999 17.61395844906295 16.67295820559604
1.799999999999999 16.79056051072017 16.66265238037573
1.8999999999999988 16.165187094055202 16.468658670733397
1.9999999999999987 15.119128620524195 16.253683192047422
2.0999999999999988 14.611647124656693 15.651189565688936
2.199999999999999 14.654701098022583 15.398546001684217
2.299999999999999 15.048533942773068 15.902078962490659
2.399999999999999 14.312520355464565 14.749290349326433
2.499999999999999 13.084615403439747 15.116943301940191
2.599999999999999 13.197026758181076 15.15299205298278
2.6999999999999993 12.860364843542543 14.141836273143179
2.7999999999999994 13.298197063284842 14.878430564458542
2.8999999999999995 11.65447291134242 13.905586101310458
2.9999999999999996 12.24502042849566 13.601973770393423
3.0999999999999996 11.652259003207432 13.826104354469638
3.1999999999999997 11.775110727411771 13.847341393034592
3.3 10.963746867773732 13.946917034489825
3.4 11.448562936721817 13.365607392976463
3.5 11.269673368111041 13.945542415711557
3.6 11.108183785220506 13.466740074526761
3.7 9.932757534078444 13.212217396303174
3.8000000000000003 10.010369531880494 13.503007526242028
3.9000000000000004 10.702274236198779 13.685759237112103
4.0 9.782813885509578 13.000259937675239
4.1 9.19814498219269 13.00681203813761
4.199999999999999 9.39669141203773 13.177938778933733
4.299999999999999 8.923089807883084 12.121736689538581
4.399999999999999 9.288119456726953 12.745291436085811
4.499999999999998 8.795114278042952 12.632393423762604
4.599999999999998 8.927633037715044 12.778468609947941
4.6999999999999975 8.332266112376246 11.980960099115084
4.799999999999997 8.853524931072664 12.198836572792485
4.899999999999997 8.369494841243537 12.440882280682233
4.9999999999999964 8.44123678864534 12.260794043528781
5.099999999999996 7.914331337146123 11.957643569600549
5.199999999999996 8.55545595692589 12.077168195857313
5.299999999999995 8.042527945435276 11.719571987614493
5.399999999999995 8.126255647531801 11.751696166349786
5.499999999999995 8.164550475175586 12.297377003555052
5.599999999999994 8.456837427549585 12.24744290519854
5.699999999999994 7.780034354649651 11.893650862908512
5.799999999999994 7.159083146623711 11.899539294228598
5.899999999999993 8.118321529202113 12.191239788376324
5.999999999999993 7.718354939232176 12.22658081015016
6.0999999999999925 7.558657846388018 11.702797657440907
6.199999999999992 7.837886289251121 11.916374511644314
6.299999999999992 7.504904416898418 11.812611147686246
6.3999999999999915 7.282912935556425 11.836420248468563
6.499999999999991 8.382794263725936 11.846613261665329
6.599999999999991 7.558997077551476 11.387764162699305
6.69999999999999 7.820348596166718 11.708105545603049
6.79999999999999 7.719915359456474 11.287917588088213
6.89999999999999 7.162512652697739 11.570531639260873
6.999999999999989 6.961850660339754 11.793671713192564
7.099999999999989 7.224118925698958 11.63609248833228
7.199999999999989 6.931296890862342 11.955586395541046
7.299999999999988 6.488081875543528 11.661198363164676
7.399999999999988 7.198026690755185 11.630493092309049
7.499999999999988 7.2831561855870595 11.387650960130133
7.599999999999987 6.94018830166206 11.498431055094184
7.699999999999987 7.127918496920896 11.64623566923214
7.7999999999999865 6.979932153738339 11.538195605297933
7.899999999999986 7.355516098136656 11.777380752154206
7.999999999999986 6.210040447477125 10.997720863984936
