# Rounds: 10, repetitions: 1000
# Good arm ~ N(5.0,3.0), 7 bad arm(s) ~ N(4.0,3.0)
# Observation noise range from 0.5 to 8.0 with step size 0.1

# Observation noise | mean | standard deviation

0.5 45.77686594831965 10.400696767834534
0.6 45.667829149380744 10.603994668349767
0.7 45.77771569687559 10.28012493431893
0.7999999999999999 45.23619790254921 9.990068810304727
0.8999999999999999 45.940667333904635 10.200607892197246
0.9999999999999999 46.615112905839354 10.516102347213714
1.0999999999999999 45.35812037618102 10.191378224630167
1.1999999999999997 45.57861646054519 10.454266716450006
1.2999999999999996 45.07315796338704 10.130712736196726
1.3999999999999995 45.91080470412593 9.863104841518947
1.4999999999999993 45.76343517595473 10.782564794333776
1.5999999999999992 45.5851783490876 10.261849392665003
1.699999999999999 45.625373597710436 10.157650940919874
1.799999999999999 45.86926046382693 9.758181284597816
1.8999999999999988 45.43515753467056 10.059102563843835
1.9999999999999987 45.80362703241182 10.230894286353553
2.0999999999999988 45.87638767300095 10.134366489922682
2.199999999999999 45.168094152725075 10.490826262190687
2.299999999999999 45.63278805635209 10.47227489912984
2.399999999999999 44.6015238299249 9.782890680383279
2.499999999999999 45.18330468249462 10.124605349571809
2.599999999999999 45.61326547273815 9.527168871712531
2.6999999999999993 45.331282475166304 9.690918298315307
2.7999999999999994 45.42077828818698 9.719013446817492
2.8999999999999995 45.55799584995901 9.97942767959449
2.9999999999999996 45.454897246405494 9.93338811598599
3.0999999999999996 45.186556744961976 10.16993721112559
3.1999999999999997 45.00091461284956 10.197726356438766
3.3 45.6021989271711 10.250050997342344
3.4 45.26899745714783 10.235431904948792
3.5 45.49711752565533 10.369610771877406
3.6 45.281628368543586 10.212608366291292
3.7 45.21760167786522 9.976236830324096
3.8000000000000003 45.39508116556047 10.032843642368519
3.9000000000000004 45.234346101229114 10.299917336172458
4.0 45.94538182120929 10.45089286391501
4.1 45.41218356425769 9.826820978020892
4.199999999999999 45.24254061361024 9.968261318976156
4.299999999999999 45.40157299519572 10.247571373504012
4.399999999999999 45.44663181992989 10.315395081931596
4.499999999999998 45.291320382041526 9.713503951220137
4.599999999999998 45.66897922245371 9.882426415931775
4.6999999999999975 45.49275121603528 10.08660407403072
4.799999999999997 45.20586136581018 9.90687262837537
4.899999999999997 45.56033509921113 9.989559843107903
4.9999999999999964 45.51613355542297 10.491858313191416
5.099999999999996 44.80125890340556 9.905754676294016
5.199999999999996 45.376302643334995 10.298488068351459
5.299999999999995 45.50346383032833 9.98365847987923
5.399999999999995 45.40287829049321 9.980044792518006
5.499999999999995 45.269557673708526 10.152658866483241
5.599999999999994 44.83658209673197 9.807133977246135
5.699999999999994 45.106326360487 10.127088928646836
5.799999999999994 44.98651499996928 10.297919227709706
5.899999999999993 44.77903718995107 9.813101496123856
5.999999999999993 44.95738043780478 9.935695798628755
6.0999999999999925 45.02710526620181 10.039261661426625
6.199999999999992 45.17808343648627 9.919499572175978
6.299999999999992 45.374351473715926 10.06985956958272
6.3999999999999915 45.780568932052 10.297187077414085
6.499999999999991 45.63706745298056 10.339143534615642
6.599999999999991 45.440899505452975 9.946688725528064
6.69999999999999 44.989566902740684 9.816867761132652
6.79999999999999 45.263856052031585 9.631876781596548
6.89999999999999 44.868612865743735 9.982077908567726
6.999999999999989 45.10050985592695 10.035320392283712
7.099999999999989 45.418250726982926 10.039978803258442
7.199999999999989 45.150216654366105 9.948879113517757
7.299999999999988 45.18853670528492 9.86456730970163
7.399999999999988 45.39777296509568 10.011707595411353
7.499999999999988 44.97701417289017 10.209363134088193
7.599999999999987 45.53122773515027 10.325610806278137
7.699999999999987 45.42410408412824 9.637024359491074
7.7999999999999865 45.3729681411488 10.051640880679228
7.899999999999986 45.402851281559606 10.222053806707702
7.999999999999986 45.337654890775724 9.737746151663492
