# Rounds: 10000, repetitions: 1000
# Good arm ~ N(5.0,2.0), 19 bad arm(s) ~ N(0.0,2.0)
# Observation noise range from 0.5 to 8.0 with step size 0.1

# Observation noise | mean | standard deviation

0.5 49891.92613942516 192.31337865053987
0.6 49886.6656539306 205.05835775971443
0.7 49891.79168532219 196.07954584887332
0.7999999999999999 49890.156759457 204.5255530470284
0.8999999999999999 49888.010203907834 191.95400203991312
0.9999999999999999 49881.51447593003 202.42288573546426
1.0999999999999999 49855.70211991326 192.86856337925224
1.1999999999999997 49861.87420228988 203.53801920498498
1.2999999999999996 49856.46438203308 203.8924935392203
1.3999999999999995 49837.473663267636 198.28064669165545
1.4999999999999993 49835.22349792581 197.39006152757557
1.5999999999999992 49801.6131634023 207.35794889910588
1.699999999999999 49803.545500915796 203.91125806701467
1.799999999999999 49767.97821537901 194.69225877016646
1.8999999999999988 49770.809611845536 196.01821814919762
1.9999999999999987 49742.172957208 206.48090075393765
2.0999999999999988 49730.066299152066 200.12829425383077
2.199999999999999 49699.71985657338 200.77388041244438
2.299999999999999 49683.194383058464 203.30150254525427
2.399999999999999 49676.51150124282 200.59183323366548
2.499999999999999 49652.66747290358 207.18432896125705
2.599999999999999 49624.45122005734 206.3869083152452
2.6999999999999993 49598.92261819099 203.91112617142664
2.7999999999999994 49562.852513322985 201.81597643453028
2.8999999999999995 49547.963012424414 211.71336884453024
2.9999999999999996 49531.80414693515 194.84883070620933
3.0999999999999996 49495.30233961508 210.4433266466273
3.1999999999999997 49475.5175259343 214.43341015683794
3.3 49451.3566375934 209.62497133365122
3.4 49413.99495992636 213.39775782898542
3.5 49400.13767939899 207.0087057291261
3.6 49364.58526350262 204.05527671215683
3.7 49325.80695042326 203.56407899895416
3.8000000000000003 49295.985715818904 218.9574680020036
3.9000000000000004 49269.13226234609 209.7800373225048
4.0 49224.68848255994 211.0442681034858
4.1 49210.076285418734 212.22216554939675
4.199999999999999 49186.948564814586 202.47836902874644
4.299999999999999 49144.69542246727 205.50874303032856
4.399999999999999 49117.37552920398 215.8628062973561
4.499999999999998 49088.66928689268 211.94858064947775
4.599999999999998 49042.21598647014 205.4982387602353
4.6999999999999975 49027.95732010965 211.20982102638632
4.799999999999997 48975.91904013565 204.86844222097753
4.899999999999997 48936.52745928408 215.6877405360396
4.9999999999999964 48904.81852910924 206.19585962869533
5.099999999999996 48877.220684635555 206.16406852610015
5.199999999999996 48829.11695499635 213.6864275399374
5.299999999999995 48802.465545114384 217.08409440779866
5.399999999999995 48753.08517757332 219.92737518036282
5.499999999999995 48729.698194411874 210.13061990545512
5.599999999999994 48667.50694118006 210.47836011035434
5.699999999999994 48639.42614860349 213.67087288375475
5.799999999999994 48610.309668222726 212.77531424165502
5.899999999999993 48567.434646424386 215.35028508150447
5.999999999999993 48519.307994533825 214.08035043676927
6.0999999999999925 48481.9326342619 213.63762582980257
6.199999999999992 48446.00051054549 215.16598527761116
6.299999999999992 48396.57283117875 214.00569749012465
6.3999999999999915 48364.51134506032 219.42011917952408
6.499999999999991 48311.44703898243 220.73945704253813
6.599999999999991 48289.05223570163 215.2744624071189
6.69999999999999 48235.920517300845 221.36607518683556
6.79999999999999 48184.54853819711 216.52765602663473
6.89999999999999 48141.941467103454 215.49850928108108
6.999999999999989 48105.889266941886 222.93046303356232
7.099999999999989 48062.3513553208 218.01798029955364
7.199999999999989 48017.25930723564 224.49428969342358
7.299999999999988 47977.72200845504 222.79560713228759
7.399999999999988 47913.47259151416 222.5741975590027
7.499999999999988 47885.255341240845 214.94954224792355
7.599999999999987 47821.09347895882 220.14134005779758
7.699999999999987 47786.85140548308 210.34447424306654
7.7999999999999865 47731.8784149742 223.85778932103773
7.899999999999986 47691.60169451897 226.4862752778453
7.999999999999986 47642.34239471378 216.54337433519714
