# Rounds: 10000, repetitions: 1000
# Good arm ~ N(5.0,0.0), 19 bad arm(s) ~ N(4.0,0.0)
# Observation noise range from 0.5 to 8.0 with step size 0.1

# Observation noise | mean | standard deviation

0.5 49933.03600000002 2.6694249998510537
0.6 49908.33000000012 2.73908791436178
0.7 49880.77900000001 3.0772761703540414
0.7999999999999999 49850.41299999996 3.542453948886241
0.8999999999999999 49817.061 3.8293528099331873
0.9999999999999999 49781.747000000025 4.18861976497452
1.0999999999999999 49743.988 4.889147140326214
1.1999999999999997 49703.979000000014 5.26139156889522
1.2999999999999996 49661.87200000001 5.650269156557248
1.3999999999999995 49617.854 5.894525377791545
1.4999999999999993 49572.32399999994 6.339969969898879
1.5999999999999992 49524.42599999997 6.589684965758891
1.699999999999999 49475.34900000003 7.52341683019103
1.799999999999999 49424.351999999984 7.590765160095154
1.8999999999999988 49372.634999999944 8.044282782541018
1.9999999999999987 49318.78300000001 8.362286699153396
2.0999999999999988 49263.77600000001 8.625672508635281
2.199999999999999 49207.13600000007 9.28707455304162
2.299999999999999 49149.958 9.774854668166897
2.399999999999999 49091.202999999965 10.035063203263595
2.499999999999999 49030.99400000002 10.402027021987825
2.599999999999999 48971.288000000044 10.723154481869638
2.6999999999999993 48908.88000000002 11.236184933145845
2.7999999999999994 48845.52900000003 12.17116659553631
2.8999999999999995 48782.08499999999 12.054753920843515
2.9999999999999996 48717.83099999999 12.282234824831038
3.0999999999999996 48652.34299999996 12.877778853054812
3.1999999999999997 48586.24500000003 13.51145937841412
3.3 48518.911000000015 14.130419234677714
3.4 48451.864000000074 14.304339136014475
3.5 48383.83699999997 14.242797768987927
3.6 48315.19899999999 14.582594112538775
3.7 48245.92999999992 15.42254696718254
3.8000000000000003 48175.60600000006 16.053238628715178
3.9000000000000004 48106.215000000026 16.40310448777398
4.0 48034.77299999999 16.792064924971193
4.1 47964.17599999997 17.098344287602128
4.199999999999999 47893.36999999997 16.98922404742878
4.299999999999999 47822.25899999999 17.818625716435708
4.399999999999999 47750.378000000004 18.67393455680496
4.499999999999998 47678.966999999975 18.788371773890322
4.599999999999998 47606.42900000001 19.192793499705086
4.6999999999999975 47533.37800000004 19.243893666393163
4.799999999999997 47461.09799999995 20.30375922430708
4.899999999999997 47390.26899999999 21.1366363548317
4.9999999999999964 47315.78700000006 20.82184382277857
5.099999999999996 47243.144 20.78483276991342
5.199999999999996 47171.73200000003 21.8018691285287
5.299999999999995 47097.165999999954 21.533325988525878
5.399999999999995 47025.574000000015 22.68760126701926
5.499999999999995 46953.02999999997 22.71993167452943
5.599999999999994 46879.07200000002 24.113445922851287
5.699999999999994 46807.64700000007 24.38591938115242
5.799999999999994 46735.32299999997 24.624846274729308
5.899999999999993 46662.93500000001 24.744596785360464
5.999999999999993 46591.455000000096 24.656194006839442
6.0999999999999925 46521.48100000002 25.468653111055783
6.199999999999992 46449.820000000014 25.52000922552472
6.299999999999992 46378.87200000005 25.90611400312195
6.3999999999999915 46308.45199999996 25.76582181056082
6.499999999999991 46237.052999999956 26.724265703239848
6.599999999999991 46167.468000000015 27.518325425691028
6.69999999999999 46098.13599999996 27.23952083821407
6.79999999999999 46027.85099999997 28.22806445051842
6.89999999999999 45960.881 27.751882927217952
6.999999999999989 45893.454 29.44338290340965
7.099999999999989 45823.944 30.20031329180087
7.199999999999989 45757.328999999976 30.021959913987615
7.299999999999988 45690.94399999997 30.607346727112365
7.399999999999988 45623.54599999999 30.272864587453956
7.499999999999988 45559.792 30.86388367194431
7.599999999999987 45494.60899999998 31.052123169814735
7.699999999999987 45427.931000000004 32.65312336462567
7.7999999999999865 45363.48600000002 32.0052204825735
7.899999999999986 45301.135999999984 31.856370357156656
7.999999999999986 45239.920999999995 32.41029444769341
