# Rounds: 500, repetitions: 1000
# Good arm ~ N(5.0,2.0), 4 bad arm(s) ~ N(0.7,2.0)
# Observation noise range from 0.5 to 4.0 with step size 0.1

# Observation noise | mean | standard deviation

0.5 2475.565129558643 124.7195179348111
0.6 2480.571135793749 84.08251340396555
0.7 2480.079515188163 46.96793113357066
0.7999999999999999 2478.180722100575 56.86995759790876
0.8999999999999999 2481.6487977020056 48.75893753860755
0.9999999999999999 2480.1424659259214 46.549673727966365
1.0999999999999999 2475.535910860432 46.15823150422856
1.1999999999999997 2475.288310786189 53.668498022543446
1.2999999999999996 2474.9092519997944 45.904093737422436
1.3999999999999995 2473.846899325401 45.770139963612294
1.4999999999999993 2473.077401807081 46.16663146778035
1.5999999999999992 2468.0907686934406 45.92928989483471
1.699999999999999 2466.9532801193327 45.782045208084604
1.799999999999999 2464.596898145883 44.59209192697526
1.8999999999999988 2462.6482940493665 48.05889477317034
1.9999999999999987 2462.7922598406885 46.61013039666323
2.0999999999999988 2457.8712195014728 48.10573777117832
2.199999999999999 2455.7840816425146 47.069450366348676
2.299999999999999 2451.1892832771878 46.56896093409137
2.399999999999999 2450.5488868463726 45.71114915650639
2.499999999999999 2446.2856295822444 49.054404821374526
2.599999999999999 2443.0700118419527 47.67079362968935
2.6999999999999993 2440.2678810956486 47.8762892063252
2.7999999999999994 2439.0343463261147 49.01910623454124
2.8999999999999995 2438.583895660253 46.912248274696765
2.9999999999999996 2431.920755942746 46.71781829558841
3.0999999999999996 2428.924325144318 49.887572643365075
3.1999999999999997 2423.7608213631434 50.493350202318055
3.3 2418.418045411644 48.79379391280528
3.4 2420.027336970976 50.14781266965276
3.5 2414.13276937358 49.96843323939673
3.6 2408.734827308109 48.86383485662703
3.7 2405.883684425962 49.29151261186956
3.8000000000000003 2399.227652202056 50.17605453468762
3.9000000000000004 2397.0955637636193 50.330082152872016
4.0 2393.7875143153974 51.42231880600114
