# Rounds: 500, repetitions: 1000
# Good arm ~ N(5.0,3.0), 4 bad arm(s) ~ N(1.8,3.0)
# Observation noise range from 0.5 to 4.0 with step size 0.1

# Observation noise | mean | standard deviation

0.5 2346.70516069463 408.0548916324436
0.6 2345.3239318916826 415.4037192310418
0.7 2372.4345791880423 377.80913463777824
0.7999999999999999 2396.3419518349538 314.20571832773715
0.8999999999999999 2397.5858536808296 304.0288055370188
0.9999999999999999 2418.6380372887174 251.77128576159245
1.0999999999999999 2423.9330737981263 228.8473898781516
1.1999999999999997 2429.2590230457035 211.14731695609098
1.2999999999999996 2423.758737131834 232.19761731716628
1.3999999999999995 2436.804074889487 166.21031493469897
1.4999999999999993 2448.35593384028 134.8768746391672
1.5999999999999992 2444.554510962711 115.55998126571049
1.699999999999999 2446.8848548721694 102.9262479034525
1.799999999999999 2446.7086690839838 101.36370814557002
1.8999999999999988 2442.719914960984 88.24560434541549
1.9999999999999987 2441.2340761488795 95.7589910258638
2.0999999999999988 2441.9661220558105 77.6875572868174
2.199999999999999 2438.366132036939 80.16623609354234
2.299999999999999 2436.128117811228 79.02174637495042
2.399999999999999 2435.966702520764 78.07100503128085
2.499999999999999 2430.2488872670647 77.77216516095044
2.599999999999999 2431.6065594036163 77.05358944325707
2.6999999999999993 2424.9036292703045 77.45511653382171
2.7999999999999994 2419.5299012949567 79.8476851329784
2.8999999999999995 2417.495423469923 74.00305429879587
2.9999999999999996 2410.953222633744 82.57328453018958
3.0999999999999996 2411.22315536692 77.18869242120776
3.1999999999999997 2408.3224878362494 78.05979973229273
3.3 2400.650363821568 75.67095747867245
3.4 2399.1164885742255 78.6823648478985
3.5 2399.597920620217 77.89343237616062
3.6 2391.2414377624295 78.29207094754891
3.7 2389.4549237322453 80.19719633092846
3.8000000000000003 2386.723836482182 75.4033048262835
3.9000000000000004 2379.4329018366334 78.30564992711575
4.0 2375.2928126693796 80.76066316305516
