# Rounds: 500, repetitions: 1000
# Good arm ~ N(5.0,5.0), 4 bad arm(s) ~ N(1.5,5.0)
# Observation noise range from 0.5 to 4.0 with step size 0.1

# Observation noise | mean | standard deviation

0.5 2104.422482295164 685.5519076038973
0.6 2109.3823423305507 686.1681524686618
0.7 2161.3232922165776 637.4579406145452
0.7999999999999999 2190.737233871408 599.5098728400881
0.8999999999999999 2187.339850703359 602.2533146221674
0.9999999999999999 2190.623238778297 600.5731125344296
1.0999999999999999 2183.815244967607 586.4273411198924
1.1999999999999997 2237.168244086009 540.1028555819255
1.2999999999999996 2256.834886649062 506.3152074905111
1.3999999999999995 2261.9674283255304 499.0009998274962
1.4999999999999993 2288.468776674298 449.32006700096883
1.5999999999999992 2295.0240965111702 447.144033182031
1.699999999999999 2319.918585947111 404.5790061407267
1.799999999999999 2318.3827098245465 401.6150924223071
1.8999999999999988 2360.930106488764 319.7008901882094
1.9999999999999987 2354.9451761364103 318.37193864435045
2.0999999999999988 2355.4073282247523 321.8201015209908
2.199999999999999 2365.9704875688435 274.0119756802213
2.299999999999999 2367.7693739904835 247.80929585770195
2.399999999999999 2375.5656113705477 249.65610768161997
2.499999999999999 2377.1628521912476 223.84508906960673
2.599999999999999 2379.4887212007034 206.5606336570398
2.6999999999999993 2373.1213672981485 210.14898899412358
2.7999999999999994 2373.246411365403 224.75878947327394
2.8999999999999995 2377.3892415132577 198.42955093402287
2.9999999999999996 2385.0026135569683 178.19416025733054
3.0999999999999996 2363.455327901608 189.8637567766216
3.1999999999999997 2364.5193381357044 173.4521329590342
3.3 2369.942656443583 167.2988172710864
3.4 2366.1384263214736 160.9111770424225
3.5 2360.4347662530768 148.67400314367364
3.6 2360.993060388401 152.11047448406578
3.7 2365.832978020645 153.52449339950928
3.8000000000000003 2361.9489798492777 148.0881014583716
3.9000000000000004 2353.506485414619 147.1525235683916
4.0 2353.4823496810704 154.9153358611225
