# Rounds: 500, repetitions: 1000
# Good arm ~ N(5.0,2.0), 4 bad arm(s) ~ N(1.5,2.0)
# Observation noise range from 0.5 to 4.0 with step size 0.1

# Observation noise | mean | standard deviation

0.5 2462.539657675524 170.58351176562573
0.6 2472.9888578739706 109.54280302070146
0.7 2466.6155741537495 150.16066757559076
0.7999999999999999 2473.2479042227233 85.31011604320732
0.8999999999999999 2477.7880472649067 75.44992315724672
0.9999999999999999 2475.7386402986144 89.59078537642077
1.0999999999999999 2476.821420320063 48.385423214236894
1.1999999999999997 2473.1401962894306 51.93067513784708
1.2999999999999996 2474.762214269062 48.33307634376681
1.3999999999999995 2467.6821074968034 53.56067612977598
1.4999999999999993 2471.0372080926713 47.34412113189586
1.5999999999999992 2467.7598461679263 46.325513182530194
1.699999999999999 2467.346483627674 46.38210883566868
1.799999999999999 2464.5798241856614 45.524038370803915
1.8999999999999988 2459.7338411860646 47.462365947840325
1.9999999999999987 2459.385272663993 46.24293591185427
2.0999999999999988 2458.848789833999 47.28551936661185
2.199999999999999 2452.188435037481 49.24524562803873
2.299999999999999 2448.8813384241216 47.559055213287394
2.399999999999999 2447.487725891734 48.404768795326845
2.499999999999999 2444.3443486017827 47.15384643201075
2.599999999999999 2439.6227005083915 46.5422545879368
2.6999999999999993 2438.893482922021 49.928759014428195
2.7999999999999994 2433.3534689708936 47.76620843868063
2.8999999999999995 2430.6329062091313 50.02797883981398
2.9999999999999996 2424.9998068852483 48.48815267372006
3.0999999999999996 2421.818342527796 48.20352854512193
3.1999999999999997 2415.81910082346 51.49618375054161
3.3 2413.4975068317344 50.38821311333049
3.4 2414.0135174565853 48.917428694375644
3.5 2407.9563675922045 50.75816352650974
3.6 2404.940316702695 51.49356635976756
3.7 2401.5305297399414 52.58736090847549
3.8000000000000003 2393.5222581680678 50.83107460913469
3.9000000000000004 2391.4125731835975 50.33830714333328
4.0 2386.354828187817 50.93139211929957
