# Rounds: 500, repetitions: 1000
# Good arm ~ N(5.0,2.0), 4 bad arm(s) ~ N(2.0,2.0)
# Observation noise range from 0.5 to 4.0 with step size 0.1

# Observation noise | mean | standard deviation

0.5 2454.329939068167 190.32152988622872
0.6 2469.228479181863 139.625765598977
0.7 2471.6533123742615 114.00674657045465
0.7999999999999999 2469.7202945701792 120.54909066521445
0.8999999999999999 2474.5731375735095 72.14002515765188
0.9999999999999999 2470.0504874312605 85.58060181669838
1.0999999999999999 2472.0454195375746 59.01594845191561
1.1999999999999997 2471.8529374873115 61.39579212339718
1.2999999999999996 2469.078928860059 56.17342590172955
1.3999999999999995 2469.6016222819703 50.29559958993858
1.4999999999999993 2466.755442833271 49.67396589822868
1.5999999999999992 2466.9773750197623 49.34394862389548
1.699999999999999 2463.5207313901888 48.50636369762626
1.799999999999999 2462.703850522804 48.63689518468881
1.8999999999999988 2459.4466849248274 47.677079950914994
1.9999999999999987 2455.5855421521696 49.122105613754876
2.0999999999999988 2452.2169426763785 49.7397780224187
2.199999999999999 2447.941903254994 47.870410206352545
2.299999999999999 2444.292173324793 47.80558886890372
2.399999999999999 2442.459320112127 47.561346846147266
2.499999999999999 2439.687419993314 49.039151238443196
2.599999999999999 2434.921235216928 48.91017442735805
2.6999999999999993 2433.354351766749 50.68647160168332
2.7999999999999994 2431.234312347696 50.731537145162854
2.8999999999999995 2426.3822344168952 46.918414125706086
2.9999999999999996 2421.2019731044447 49.020411440168544
3.0999999999999996 2420.246390058422 50.25936005816941
3.1999999999999997 2416.381229399182 51.52466244538243
3.3 2411.840643179762 48.72056298180161
3.4 2405.5125145275506 52.64974852569545
3.5 2402.6349681671722 49.77283926748592
3.6 2399.401777512294 50.81974066790871
3.7 2390.223069492893 51.850461745566655
3.8000000000000003 2390.841126880055 53.182722683650326
3.9000000000000004 2385.5296785352293 54.96919914688041
4.0 2382.9499842666155 55.11559344114399
