# Rounds: 500, repetitions: 1000
# Good arm ~ N(5.0,0.0), 4 bad arm(s) ~ N(4.5,0.0)
# Observation noise range from 0.5 to 4.0 with step size 0.1

# Observation noise | mean | standard deviation

0.5 2489.1185000000005 2.6872716980571894
0.6 2484.8744999999954 2.2250731899649265
0.7 2480.1745000000005 2.39823920852389
0.7999999999999999 2475.3139999999958 2.3201912178282433
0.8999999999999999 2470.428000000005 2.3486873636847245
0.9999999999999999 2464.9400000000023 2.631506189395136
1.0999999999999999 2459.7420000000047 2.7408846105680142
1.1999999999999997 2454.522499999998 3.094805578961526
1.2999999999999996 2449.290999999996 3.2046979715862625
1.3999999999999995 2443.9654999999975 3.44266054987443
1.4999999999999993 2438.9879999999966 3.5958011326804
1.5999999999999992 2433.8245000000006 3.7714949189842724
1.699999999999999 2429.173500000001 4.105789236584792
1.799999999999999 2424.3634999999977 4.463971863127606
1.8999999999999988 2419.8480000000004 4.549790829982902
1.9999999999999987 2415.5399999999977 4.75678746918832
2.0999999999999988 2411.2025000000003 5.108163768624404
2.199999999999999 2406.821499999999 5.418047895044206
2.299999999999999 2402.8029999999976 5.3527883708720685
2.399999999999999 2399.1589999999965 5.871046600750869
2.499999999999999 2395.625999999995 5.7167565371725715
2.599999999999999 2392.3685000000028 5.834466449363549
2.6999999999999993 2388.902499999999 5.988748521924998
2.7999999999999994 2385.988000000007 6.190854761879231
2.8999999999999995 2382.733500000003 6.510154365286602
2.9999999999999996 2379.867500000003 6.734578553873912
3.0999999999999996 2377.4190000000017 6.797767916650943
3.1999999999999997 2374.5639999999935 6.850791000850716
3.3 2371.966999999999 7.12886609018094
3.4 2370.066500000002 7.238903886603242
3.5 2367.168499999999 7.295929573285263
3.6 2365.206500000001 7.609008132125705
3.7 2363.6624999999985 7.3757878220564095
3.8000000000000003 2360.931500000002 7.936153998650127
3.9000000000000004 2359.2545000000027 7.921693820325439
4.0 2357.7265000000016 7.390471352817529
