# Rounds: 500, repetitions: 1000
# Good arm ~ N(5.0,4.0), 4 bad arm(s) ~ N(1.2,4.0)
# Observation noise range from 0.5 to 4.0 with step size 0.1

# Observation noise | mean | standard deviation

0.5 2244.6370907028872 591.5793727388397
0.6 2256.9963389943473 572.2249423955644
0.7 2290.304763355959 509.2558753885837
0.7999999999999999 2296.938850695674 515.9412229340735
0.8999999999999999 2324.3817276771065 459.96519328621736
0.9999999999999999 2343.5397017817 433.3238316368416
1.0999999999999999 2336.260204769895 433.2992540854948
1.1999999999999997 2368.451099978654 366.3929597533843
1.2999999999999996 2362.2429174403233 380.44662609432896
1.3999999999999995 2388.4585995556386 305.4930700119354
1.4999999999999993 2401.0115509620705 239.96819874492715
1.5999999999999992 2403.4148096072863 264.1855693130119
1.699999999999999 2414.276650666541 231.58422044689507
1.799999999999999 2431.0786697477633 165.38646270068512
1.8999999999999988 2415.256706519987 185.9869642545115
1.9999999999999987 2414.6088057668157 197.89189255684576
2.0999999999999988 2422.298311850319 173.651404690152
2.199999999999999 2422.6677912028968 152.68796433705708
2.299999999999999 2418.3336586900086 151.803466457105
2.399999999999999 2423.330361169069 131.4169661793912
2.499999999999999 2422.650012477874 109.35750473045145
2.599999999999999 2414.099984865136 147.67042089708454
2.6999999999999993 2417.7682346651095 109.35764698520677
2.7999999999999994 2416.4958590398105 105.32611470587528
2.8999999999999995 2405.344340188152 116.42391780986945
2.9999999999999996 2409.9884746169405 104.08119413632251
3.0999999999999996 2398.3203586281206 102.46347707105137
3.1999999999999997 2402.286297903167 102.73310340812913
3.3 2398.003241566625 100.21067413237274
3.4 2396.1452335247377 106.92432690358007
3.5 2396.4173089502124 106.40905666180865
3.6 2387.505853358808 107.40347594982566
3.7 2388.3878160311147 107.45949428518371
3.8000000000000003 2383.5092593395234 99.61902166891062
3.9000000000000004 2373.8038862061107 106.80633880508837
4.0 2378.019959814914 106.96134278936324
