# Rounds: 500, repetitions: 1000
# Good arm ~ N(5.0,1.0), 4 bad arm(s) ~ N(3.0,1.0)
# Observation noise range from 0.5 to 4.0 with step size 0.1

# Observation noise | mean | standard deviation

0.5 2489.859398071322 24.68909563228949
0.6 2488.707177775355 23.724384075343757
0.7 2487.5412554394884 25.53293373055492
0.7999999999999999 2484.7293125399915 23.962349534755223
0.8999999999999999 2483.190374895922 23.500099963090733
0.9999999999999999 2480.249088210396 24.840637166133046
1.0999999999999999 2479.6989287104766 24.03679898883346
1.1999999999999997 2477.949748271525 24.059880711821574
1.2999999999999996 2474.9126489179985 23.823281067297355
1.3999999999999995 2471.0254766597864 24.44856872548134
1.4999999999999993 2470.1359150728426 24.617166152610494
1.5999999999999992 2465.2612338207146 25.146653093117603
1.699999999999999 2461.3543549350616 24.39548875506065
1.799999999999999 2458.3840074798927 24.719971556508852
1.8999999999999988 2454.1164517823013 24.842810893942616
1.9999999999999987 2452.684613710892 25.340747645452677
2.0999999999999988 2447.97229811704 25.456097386452143
2.199999999999999 2443.2578037855296 25.234224607395483
2.299999999999999 2439.976404246295 26.58944020174189
2.399999999999999 2436.205679540423 25.613895102461605
2.499999999999999 2431.2964592831554 26.535581728661896
2.599999999999999 2430.0513313206393 26.184240462191656
2.6999999999999993 2426.1202617345593 25.796873006833778
2.7999999999999994 2419.7991942595413 26.903098162837093
2.8999999999999995 2416.5059571987254 26.66074060509928
2.9999999999999996 2411.0489536139085 27.827225146756394
3.0999999999999996 2408.870069802352 26.99008476674256
3.1999999999999997 2402.2534554702074 27.688853583649344
3.3 2398.552531446739 28.23810607776787
3.4 2395.13381176085 28.264616606365045
3.5 2391.4755523349477 28.022712409759244
3.6 2386.308095944415 28.251047540148164
3.7 2381.11758426289 29.6004856183092
3.8000000000000003 2375.914563245787 30.10291711445758
3.9000000000000004 2372.293825556404 29.640118892810342
4.0 2366.7999163530567 29.694277489813498
