# Rounds: 500, repetitions: 1000
# Good arm ~ N(5.0,1.0), 4 bad arm(s) ~ N(3.7,1.0)
# Observation noise range from 0.5 to 4.0 with step size 0.1

# Observation noise | mean | standard deviation

0.5 2480.6376385178223 65.35291970518374
0.6 2481.5323861562115 50.054527178006005
0.7 2483.0433521369137 32.972699929812734
0.7999999999999999 2481.352241409001 27.803276459791405
0.8999999999999999 2480.5781603342843 24.748512549207774
0.9999999999999999 2475.968512544638 25.48791060280194
1.0999999999999999 2472.6993181239827 25.18951152910471
1.1999999999999997 2469.6117997410042 26.02599118540229
1.2999999999999996 2467.100785354496 24.20830129842791
1.3999999999999995 2462.549102736566 26.419077033188227
1.4999999999999993 2459.6163621893575 25.892258953574117
1.5999999999999992 2455.409117321298 25.620854642351933
1.699999999999999 2450.9840612693506 26.241610487797526
1.799999999999999 2445.9571369938085 26.57244831814437
1.8999999999999988 2443.425264256595 27.13302757133755
1.9999999999999987 2438.4938419666055 26.47920884866823
2.0999999999999988 2432.57610172079 26.55711488120949
2.199999999999999 2429.7823549703658 27.505532584775164
2.299999999999999 2425.917462933483 27.5651019829125
2.399999999999999 2421.2882145874987 27.954429228236837
2.499999999999999 2416.4201248388003 28.6801599837256
2.599999999999999 2412.770258904909 28.520935712574165
2.6999999999999993 2407.1033270982957 28.737536431990254
2.7999999999999994 2402.641143139729 29.559486393125287
2.8999999999999995 2398.023759058646 29.70476154421841
2.9999999999999996 2391.801394423716 30.875617942209473
3.0999999999999996 2387.709681258154 31.711336300240895
3.1999999999999997 2383.9021678748477 30.44398642538068
3.3 2378.2045614881554 31.97312348519703
3.4 2373.494133781013 31.289857049893207
3.5 2369.9031601031575 31.273902976416323
3.6 2365.772296200707 33.07668081662118
3.7 2360.7821660415134 31.968569635558502
3.8000000000000003 2354.326263862807 33.01561777194546
3.9000000000000004 2348.154533425536 33.11460159572442
4.0 2345.4137428883146 35.1218061493962
