# Rounds: 500, repetitions: 1000
# Good arm ~ N(5.0,0.0), 4 bad arm(s) ~ N(0.1,0.0)
# Observation noise range from 0.5 to 4.0 with step size 0.1

# Observation noise | mean | standard deviation

0.5 2484.7581000000005 2.400895393116636
0.6 2484.645400000002 2.5487280857037344
0.7 2484.625800000002 2.4267681313969454
0.7999999999999999 2484.2926000000016 3.088638037213995
0.8999999999999999 2484.3660999999997 2.818287340484275
0.9999999999999999 2483.9398000000015 3.801205746223882
1.0999999999999999 2483.9251000000027 3.6238339037768155
1.1999999999999997 2483.410599999996 4.052059578390615
1.2999999999999996 2482.812799999997 4.544274043957638
1.3999999999999995 2481.788699999995 4.8129769433332665
1.4999999999999993 2479.882599999999 5.624212745710208
1.5999999999999992 2477.7266 5.85354391940616
1.699999999999999 2475.036499999998 6.019793656402712
1.799999999999999 2471.7633 6.087556279119872
1.8999999999999988 2469.1564999999987 5.506863289867753
1.9999999999999987 2466.3243 5.541182564598794
2.0999999999999988 2464.1045999999988 5.235038153104916
2.199999999999999 2461.6448000000028 6.0618098368802835
2.299999999999999 2458.9302000000007 5.867389045752354
2.399999999999999 2456.4410000000003 6.342757252927935
2.499999999999999 2453.2167999999947 6.502684265952246
2.599999999999999 2450.364999999999 6.859053988825425
2.6999999999999993 2447.2436999999977 6.987724135839873
2.7999999999999994 2443.8822999999957 6.900574950295451
2.8999999999999995 2440.692399999999 7.265929808082105
2.9999999999999996 2437.159499999997 7.712563347122882
3.0999999999999996 2434.395900000001 7.5722157682967355
3.1999999999999997 2430.3925999999983 7.939738325957927
3.3 2427.3888999999976 7.740719962350749
3.4 2423.4688999999976 8.136709951745846
3.5 2419.5195000000035 8.48134794788028
3.6 2416.4030999999964 8.626698111694353
3.7 2411.998000000001 8.802051585403987
3.8000000000000003 2408.518999999998 9.257589425004877
3.9000000000000004 2404.6333000000045 9.66630117927686
4.0 2400.2282 9.04509140022581
