# Rounds: 500, repetitions: 1000
# Good arm ~ N(5.0,4.0), 4 bad arm(s) ~ N(0.5,4.0)
# Observation noise range from 0.5 to 4.0 with step size 0.1

# Observation noise | mean | standard deviation

0.5 2283.812211777646 596.8659959236326
0.6 2293.3364780967595 583.7804744864675
0.7 2359.0481335470326 465.79427509971083
0.7999999999999999 2332.5758542043327 511.7881924231248
0.8999999999999999 2365.9892547076333 420.6272047875169
0.9999999999999999 2374.0666997125095 408.5316307116385
1.0999999999999999 2373.9995608273657 421.3406541578037
1.1999999999999997 2409.106167764646 309.524845064587
1.2999999999999996 2393.1921972001132 335.269234553295
1.3999999999999995 2417.046237335896 280.79632298758304
1.4999999999999993 2420.058680217004 257.71283482609675
1.5999999999999992 2439.1275578500217 184.89350573859238
1.699999999999999 2444.525220365131 123.58555495529625
1.799999999999999 2435.683856954135 178.46275374409183
1.8999999999999988 2434.2813557907275 139.01510667598038
1.9999999999999987 2434.0028277222964 135.9309308340104
2.0999999999999988 2427.3638413424 143.63111090879949
2.199999999999999 2426.5158395658054 128.94449221224977
2.299999999999999 2432.2323398287135 128.07655590794027
2.399999999999999 2435.875501352727 114.14732901048615
2.499999999999999 2429.86240373031 102.12940915375258
2.599999999999999 2432.121893118973 99.36788739731436
2.6999999999999993 2429.4691196974486 96.01837330689622
2.7999999999999994 2413.7780276447875 123.53303566850042
2.8999999999999995 2418.4987811859824 100.44884126196071
2.9999999999999996 2418.8292125840217 95.61505581489965
3.0999999999999996 2414.2610739115344 98.37417177501194
3.1999999999999997 2415.8349563477127 99.66374083596389
3.3 2411.261479776982 97.64139534873716
3.4 2402.5080768889593 104.24556162626176
3.5 2411.4676920080906 101.45382264314568
3.6 2397.6764665299215 103.01256746942097
3.7 2386.9737476593036 101.36833863450427
3.8000000000000003 2384.2434854273674 104.33894959252065
3.9000000000000004 2386.8202727772414 101.97684932716182
4.0 2381.8805007009837 101.90530619688668
