# Rounds: 5000, repetitions: 1000
# Good arm ~ N(5.0,2.0), 13 bad arm(s) ~ N(5.0,2.0)
# Observation noise range from 0.5 to 8.0 with step size 0.1

# Observation noise | mean | standard deviation

0.5 25012.524560652466 140.25103692182526
0.6 25001.449362767038 136.27965874445235
0.7 25007.220514774628 146.36593670252088
0.7999999999999999 25006.93605624856 144.56451699924656
0.8999999999999999 25004.122399709664 142.87780201959396
0.9999999999999999 25008.2564414793 141.78092835531797
1.0999999999999999 25006.300787654676 135.27911015459358
1.1999999999999997 24998.56499230774 138.00729472983153
1.2999999999999996 25004.84630641037 137.9797559265972
1.3999999999999995 25000.91870230021 143.420742575017
1.4999999999999993 25009.963112426747 142.49917208533063
1.5999999999999992 25010.451925961137 137.58417246096337
1.699999999999999 25010.850536712096 143.46448580703765
1.799999999999999 25004.439978454262 145.43996176166797
1.8999999999999988 25008.51226013277 142.32384765026708
1.9999999999999987 25000.27610434231 138.7033223644175
2.0999999999999988 25004.41201703207 145.72221711148364
2.199999999999999 25006.55705796904 134.55714741584436
2.299999999999999 25006.257029034572 138.18337600385672
2.399999999999999 25003.390838916534 142.29060582115255
2.499999999999999 25008.987198909428 138.80214142943248
2.599999999999999 25013.6996820906 142.14716411747403
2.6999999999999993 25007.25608047497 137.90343543973265
2.7999999999999994 24992.78596392599 134.5660249998751
2.8999999999999995 24997.15449263009 144.34762152442005
2.9999999999999996 25009.18997296664 142.55418697093234
3.0999999999999996 25002.8345086679 142.52445410553668
3.1999999999999997 25005.529451460785 147.4565883418925
3.3 25003.612393492673 142.7134199000379
3.4 25012.88384607658 146.1119196755757
3.5 25005.21801003651 143.02248852181984
3.6 25010.412732422756 137.7674568809731
3.7 25005.91280445657 143.24478131102322
3.8000000000000003 25000.51210808812 139.93007731553033
3.9000000000000004 25001.113105148776 144.80788567555348
4.0 25007.147107511635 137.41992161638092
4.1 25004.53543512743 140.15117812726606
4.199999999999999 25006.378551642374 142.09107651131623
4.299999999999999 25011.463813570404 137.95523341043037
4.399999999999999 25008.613762800054 137.64431895492697
4.499999999999998 25009.046847231053 141.41493352269958
4.599999999999998 25001.143310218264 136.01311543371148
4.6999999999999975 25012.05529250943 142.7003001340691
4.799999999999997 25008.744203853814 137.04230543842962
4.899999999999997 24998.40277958843 137.71272408620254
4.9999999999999964 25010.29359764378 141.7534572844028
5.099999999999996 25001.911039171206 144.44459847482165
5.199999999999996 25003.8458726572 145.4465330410089
5.299999999999995 25006.681991490223 137.89624390735017
5.399999999999995 25006.923055046893 137.42960861752474
5.499999999999995 25003.44899222874 144.09945915175476
5.599999999999994 25008.5783685382 140.13672745112007
5.699999999999994 25001.229949329205 140.2595806475703
5.799999999999994 25006.920737025972 139.92881687942102
5.899999999999993 25006.951146351974 139.17698587894586
5.999999999999993 25005.85334334845 142.22308141313312
6.0999999999999925 25007.366212205037 141.5833759810277
6.199999999999992 24997.679099445988 142.5095991319111
6.299999999999992 25002.234067395137 139.39667046871162
6.3999999999999915 25007.198228649242 145.12142576949051
6.499999999999991 24994.528021562157 139.5257436395458
6.599999999999991 24995.565599462556 144.36850956811296
6.69999999999999 25007.153513422178 146.50936527117665
6.79999999999999 25002.514168477304 139.611523740396
6.89999999999999 25007.655870185925 145.3037484325052
6.999999999999989 25007.113355216796 141.47430203090914
7.099999999999989 25010.1962978236 145.19051235171403
7.199999999999989 25007.50474332182 134.0610476837492
7.299999999999988 25007.748585624537 138.86564266914203
7.399999999999988 25005.26477031479 141.60078338715715
7.499999999999988 25012.990209028092 143.63992562495565
7.599999999999987 25005.374273565507 141.8510341717949
7.699999999999987 25008.826690514135 144.28740909817094
7.7999999999999865 25000.58041325703 145.20257631842955
7.899999999999986 25002.938745696072 140.96797332665994
7.999999999999986 25008.04673450111 135.15270341527437
