# Rounds: 5000, repetitions: 1000
# Good arm ~ N(5.0,2.0), 4 bad arm(s) ~ N(4.1,2.0)
# Observation noise range from 0.5 to 4.0 with step size 0.1

# Observation noise | mean | standard deviation

0.5 24116.735943810483 1707.3787700202931
0.6 24276.364921441877 1529.0793204560182
0.7 24482.84819187272 1306.100651026478
0.7999999999999999 24526.709151463474 1219.8721742192524
0.8999999999999999 24707.5214825646 906.40864131232
0.9999999999999999 24729.540615062 848.0379633313647
1.0999999999999999 24772.309453040885 708.7103503074965
1.1999999999999997 24816.525944164125 615.1661103282354
1.2999999999999996 24809.320629838923 570.6216377486354
1.3999999999999995 24848.891340480866 396.040691426896
1.4999999999999993 24857.45221875751 416.33455438752713
1.5999999999999992 24863.51623613427 279.174866108112
1.699999999999999 24861.197356139473 257.05523060647636
1.799999999999999 24865.89638127143 166.5920468193126
1.8999999999999988 24859.000227457804 167.4514564187468
1.9999999999999987 24832.233777492213 205.76813672497863
2.0999999999999988 24832.36593103246 171.63390877427722
2.199999999999999 24824.805878085506 171.7677766859355
2.299999999999999 24824.680655474425 152.22166212584256
2.399999999999999 24804.91210503173 157.5334156305701
2.499999999999999 24799.46447650978 158.1750971378651
2.599999999999999 24783.20040933502 179.45171051037343
2.6999999999999993 24771.172276955996 159.23665529947093
2.7999999999999994 24762.16326684682 163.7778307448486
2.8999999999999995 24752.48650701249 158.71285284464128
2.9999999999999996 24740.892511065646 158.8387554659751
3.0999999999999996 24715.189572459687 161.5427242250194
3.1999999999999997 24700.512866260942 161.56245738766052
3.3 24700.16705533597 156.84381292272258
3.4 24679.739970821633 156.3382355583975
3.5 24668.084009570797 163.4057110342067
3.6 24655.844540901406 164.45151236893813
3.7 24631.89360820325 159.54312988490818
3.8000000000000003 24629.149603051 159.18380749568578
3.9000000000000004 24616.049578379367 161.83176837286703
4.0 24589.44212005617 162.15723593649759
