# Rounds: 5000, repetitions: 1000
# Good arm ~ N(5.0,5.0), 4 bad arm(s) ~ N(4.3,5.0)
# Observation noise range from 0.5 to 4.0 with step size 0.1

# Observation noise | mean | standard deviation

0.5 22858.371660714896 1718.6927059184936
0.6 22847.74705740238 1694.3199220245494
0.7 23078.57847934156 1730.139603258672
0.7999999999999999 23037.277019165544 1721.920028500165
0.8999999999999999 23139.11499166842 1701.2838211403675
0.9999999999999999 23134.01683751953 1711.780311553726
1.0999999999999999 23224.587454688728 1698.7429051295426
1.1999999999999997 23261.209815865604 1685.4080532225635
1.2999999999999996 23352.719704019404 1686.8577787321599
1.3999999999999995 23396.988073475673 1661.2095856428505
1.4999999999999993 23491.685894563463 1650.1515946576108
1.5999999999999992 23547.190236188326 1615.372381654937
1.699999999999999 23611.151882106366 1611.3728534753923
1.799999999999999 23651.142015604888 1550.7703578444302
1.8999999999999988 23796.62803465764 1503.3161511406163
1.9999999999999987 23735.713209069356 1469.291883731119
2.0999999999999988 23904.402280667582 1418.596980684267
2.199999999999999 23857.74316217103 1439.1521383257432
2.299999999999999 23971.41991953169 1318.836097731324
2.399999999999999 24117.86359208222 1259.3437683205932
2.499999999999999 24063.5359243785 1238.3579785330985
2.599999999999999 24096.954882407772 1225.3245455490608
2.6999999999999993 24198.18347797178 1116.4141132839507
2.7999999999999994 24098.76828597401 1167.373349927775
2.8999999999999995 24203.88386665341 1055.546776178053
2.9999999999999996 24148.259785484766 1107.8831311504994
3.0999999999999996 24195.34172358303 1055.7161949544948
3.1999999999999997 24203.84792967694 999.981202593035
3.3 24202.412086592336 1011.3527386610631
3.4 24277.476643476293 905.1230598690788
3.5 24292.366794039684 843.2797436848438
3.6 24316.658306173784 805.6807015512762
3.7 24253.78035124061 877.7164961392617
3.8000000000000003 24279.004174528178 810.2379613163396
3.9000000000000004 24259.98314926979 766.3475998330233
4.0 24300.08506494387 758.5067176697256
