# Rounds: 5000, repetitions: 1000
# Good arm ~ N(5.0,3.0), 4 bad arm(s) ~ N(1.9,3.0)
# Observation noise range from 0.5 to 4.0 with step size 0.1

# Observation noise | mean | standard deviation

0.5 23861.376488979273 3859.734270598121
0.6 24117.162302346325 3376.3853789190734
0.7 24343.675748138983 2927.3824912599034
0.7999999999999999 24354.015609283262 2828.1824846413983
0.8999999999999999 24622.943877856913 2114.736130689507
0.9999999999999999 24756.77700585436 1573.266798923691
1.0999999999999999 24764.808953070202 1545.3868605700986
1.1999999999999997 24849.545596633576 1123.4488567269489
1.2999999999999996 24820.55009766838 1166.397828672724
1.3999999999999995 24923.003824801104 328.02245844794794
1.4999999999999993 24916.214155191807 786.5525652961703
1.5999999999999992 24904.430782805404 484.1806829918057
1.699999999999999 24925.803300629395 323.4987348412367
1.799999999999999 24915.704249349936 390.81100366893986
1.8999999999999988 24945.810545398792 210.65613408584966
1.9999999999999987 24926.3651650816 220.08772341688217
2.0999999999999988 24914.316137261987 214.91949148157755
2.199999999999999 24928.872010352534 219.74924715817707
2.299999999999999 24914.299214073573 213.4365270385138
2.399999999999999 24915.02774634756 214.0450611239096
2.499999999999999 24908.160971210153 216.42542689178327
2.599999999999999 24896.314242897595 215.27207350498438
2.6999999999999993 24905.420148632053 214.9416179019211
2.7999999999999994 24897.532485604257 215.7761719028909
2.8999999999999995 24881.789946872486 208.84548512883296
2.9999999999999996 24876.326353797016 216.84277810625022
3.0999999999999996 24872.196174749555 216.18592110992154
3.1999999999999997 24861.060753737605 222.31366707957014
3.3 24872.277016328808 212.59980007705275
3.4 24847.872245097187 220.3004543177173
3.5 24841.06353177394 215.9451716889518
3.6 24834.891694245212 225.02063353084446
3.7 24826.320348311106 208.17782954306463
3.8000000000000003 24819.695758993177 212.3124967588365
3.9000000000000004 24813.134460766727 214.5698731837141
4.0 24797.4684725983 221.54036554904883
