# Rounds: 5000, repetitions: 1000
# Good arm ~ N(5.0,3.0), 4 bad arm(s) ~ N(1.6,3.0)
# Observation noise range from 0.5 to 4.0 with step size 0.1

# Observation noise | mean | standard deviation

0.5 24009.74673876026 3840.2225283039415
0.6 24387.564745649703 2938.8897902406625
0.7 24318.88659042593 3104.04326129113
0.7999999999999999 24607.223855269873 2277.0209728447553
0.8999999999999999 24639.2245319534 2237.252808777426
0.9999999999999999 24789.02041270768 1492.049815339967
1.0999999999999999 24843.24165290134 1219.8489796171407
1.1999999999999997 24873.35193628726 1029.7288195914894
1.2999999999999996 24851.2655748989 1003.382861455011
1.3999999999999995 24883.652869243168 928.715693978794
1.4999999999999993 24940.342514066957 219.66139183462732
1.5999999999999992 24892.488266495573 890.6023108956241
1.699999999999999 24933.628704725765 233.5657378143367
1.799999999999999 24944.164403705952 227.3900943317554
1.8999999999999988 24932.034082411243 239.62009025020078
1.9999999999999987 24923.678471540996 208.18590915830853
2.0999999999999988 24927.730970267094 211.74844589680686
2.199999999999999 24924.876627249247 225.9479673714557
2.299999999999999 24923.985531051774 214.67134293212882
2.399999999999999 24921.786257621123 212.39539795492573
2.499999999999999 24908.592100012316 213.524512184439
2.599999999999999 24901.428216842694 213.82411880783266
2.6999999999999993 24899.944669277145 213.26655110762937
2.7999999999999994 24896.594181652345 210.75972214019555
2.8999999999999995 24889.82393488254 211.22373864721965
2.9999999999999996 24888.053252592104 224.43396111665257
3.0999999999999996 24873.637577502497 215.5364526446632
3.1999999999999997 24872.16308005956 209.10015371719334
3.3 24872.090116145526 209.0718466769001
3.4 24864.586858247712 211.8156740106753
3.5 24857.369656195417 217.47787538458135
3.6 24853.070735366728 211.2538597264209
3.7 24837.473295806954 209.65105349264553
3.8000000000000003 24833.225988487204 216.4081888701549
3.9000000000000004 24826.818282744556 230.98448637870774
4.0 24826.30466634493 217.36951493034684
