# Rounds: 5000, repetitions: 1000
# Good arm ~ N(5.0,1.0), 4 bad arm(s) ~ N(4.4,1.0)
# Observation noise range from 0.5 to 4.0 with step size 0.1

# Observation noise | mean | standard deviation

0.5 24895.219587011812 429.1075465695373
0.6 24940.07884049531 209.80666188294745
0.7 24933.80562167103 214.65433925642301
0.7999999999999999 24945.115718254532 153.5034355019201
0.8999999999999999 24944.20708989859 113.12485775500492
0.9999999999999999 24934.973136779798 83.58315662891366
1.0999999999999999 24930.827886560117 78.76555926636239
1.1999999999999997 24919.584699837596 82.41434607687353
1.2999999999999996 24910.992015631942 78.72780496440367
1.3999999999999995 24897.925274295863 77.85323659106551
1.4999999999999993 24885.242573618838 77.79811423474393
1.5999999999999992 24873.282213168626 79.70745347602463
1.699999999999999 24866.076266140048 76.60655863145469
1.799999999999999 24845.454576419634 75.23209624050294
1.8999999999999988 24833.79968349003 79.1250889353486
1.9999999999999987 24821.60663758869 77.03473080679707
2.0999999999999988 24808.056592205616 78.44677998753916
2.199999999999999 24790.975170465637 77.85131479004352
2.299999999999999 24776.160738573853 79.37540828872667
2.399999999999999 24765.375617891485 83.3720111307857
2.499999999999999 24752.462520419627 79.63497153805883
2.599999999999999 24730.149894678452 85.47561127296947
2.6999999999999993 24718.786287188523 80.49629883541041
2.7999999999999994 24701.227312930256 84.09600422422045
2.8999999999999995 24689.57866353653 79.4495709596501
2.9999999999999996 24673.14053440335 82.44326563621954
3.0999999999999996 24654.728646163596 86.30503268495832
3.1999999999999997 24639.41777572307 84.92750607350331
3.3 24628.32817227747 85.29566599767135
3.4 24612.65687071124 84.64378328655889
3.5 24596.520405837422 87.02028449109086
3.6 24579.65595377838 86.41997553904524
3.7 24561.85997093557 85.68568645791935
3.8000000000000003 24542.84082225547 89.53408997618227
3.9000000000000004 24532.269779119237 87.73510007436113
4.0 24508.63003160862 86.22711851921882
