# Rounds: 5000, repetitions: 1000
# Good arm ~ N(5.0,1.0), 4 bad arm(s) ~ N(3.6,1.0)
# Observation noise range from 0.5 to 4.0 with step size 0.1

# Observation noise | mean | standard deviation

0.5 24972.037937320834 264.5883369224358
0.6 24972.71665306563 248.72203561173126
0.7 24978.971459393077 72.71608795329033
0.7999999999999999 24977.069916264536 89.14020480240698
0.8999999999999999 24970.263156093602 69.54937043916794
0.9999999999999999 24969.73369654989 74.17339013214905
1.0999999999999999 24960.957847679714 72.21045567941263
1.1999999999999997 24956.810765481016 69.81400841745514
1.2999999999999996 24951.98987129039 70.168076946474
1.3999999999999995 24943.953131570284 70.57381569268597
1.4999999999999993 24938.971194928024 73.48459918546125
1.5999999999999992 24932.00651986441 72.54648180823362
1.699999999999999 24925.44379895817 72.47048590345014
1.799999999999999 24916.880547026947 73.57723703584637
1.8999999999999988 24907.820328649956 71.67825994417345
1.9999999999999987 24899.053771176077 71.74360312436461
2.0999999999999988 24892.88658179795 74.17133846582898
2.199999999999999 24882.56199529606 75.10625709494758
2.299999999999999 24878.858040040726 76.38265453413487
2.399999999999999 24865.45789687061 71.29355038829257
2.499999999999999 24863.26483272911 73.14870959773813
2.599999999999999 24847.35185369531 73.08759662477692
2.6999999999999993 24837.804667496617 73.94964812791554
2.7999999999999994 24825.25851262948 73.78611517080743
2.8999999999999995 24816.817694133922 75.4348254701391
2.9999999999999996 24806.106657608696 72.04237071823805
3.0999999999999996 24797.46630822576 72.55013395553236
3.1999999999999997 24790.770421000747 75.61414012830089
3.3 24773.905486973836 75.21846120424543
3.4 24773.149659062652 73.09474918717241
3.5 24753.702358147555 75.22840243209171
3.6 24745.13417149778 76.43559336290464
3.7 24730.67366894937 77.1686220125653
3.8000000000000003 24720.58509542515 77.11166213490097
3.9000000000000004 24713.590205148696 76.36652094226585
4.0 24701.081383833738 78.24345775956714
