# Rounds: 5000, repetitions: 1000
# Good arm ~ N(5.0,2.0), 4 bad arm(s) ~ N(0.2,2.0)
# Observation noise range from 0.5 to 4.0 with step size 0.1

# Observation noise | mean | standard deviation

0.5 24981.5736605117 145.55965614015145
0.6 24976.033212228278 142.22587764208822
0.7 24989.12984145557 146.25204073430473
0.7999999999999999 24943.73304509105 775.2526420409721
0.8999999999999999 24982.648670893897 145.4093252773759
0.9999999999999999 24982.150034835864 140.04140559181738
1.0999999999999999 24973.87542279493 137.7796589966737
1.1999999999999997 24973.228281875556 145.51988479913277
1.2999999999999996 24969.436918219995 137.54516974555975
1.3999999999999995 24971.24424648222 141.444310340306
1.4999999999999993 24966.267902538704 137.0407733506962
1.5999999999999992 24973.408019806066 138.975952266113
1.699999999999999 24963.97618781858 146.89019531320307
1.799999999999999 24948.155786962907 143.56627429548854
1.8999999999999988 24960.775103511187 143.97600107317277
1.9999999999999987 24957.82059415382 135.75972522716611
2.0999999999999988 24948.554293724712 145.3263338423659
2.199999999999999 24943.691622772636 143.6505758282591
2.299999999999999 24936.849814276266 145.45479291453657
2.399999999999999 24930.93580371033 140.77626021480285
2.499999999999999 24926.307265782365 140.08927972035445
2.599999999999999 24932.818599110793 140.041619071004
2.6999999999999993 24914.204473179685 145.10668581419756
2.7999999999999994 24920.219888571668 139.6773814992499
2.8999999999999995 24900.991982298936 138.65697962429874
2.9999999999999996 24904.61784957471 147.5444883437083
3.0999999999999996 24904.446915537017 141.73620923468388
3.1999999999999997 24899.947583561694 143.19038825675457
3.3 24899.884162009726 143.6207336567374
3.4 24892.990212390887 142.4267618503061
3.5 24879.66112808306 149.5898017023895
3.6 24880.837735099813 139.55825658693024
3.7 24868.79910769346 147.40505159796743
3.8000000000000003 24871.285488561865 135.32154161365656
3.9000000000000004 24864.883989360012 148.98202697496208
4.0 24843.871390126857 150.85611122628944
