# Rounds: 5000, repetitions: 1000
# Good arm ~ N(5.0,5.0), 4 bad arm(s) ~ N(1.4,5.0)
# Observation noise range from 0.5 to 4.0 with step size 0.1

# Observation noise | mean | standard deviation

0.5 21046.289410756246 7358.775559963896
0.6 22009.171491134297 6509.993033169612
0.7 22300.237814645236 6229.637064489223
0.7999999999999999 22427.857174449655 6110.133517357646
0.8999999999999999 22971.101021168317 5423.20517475847
0.9999999999999999 22972.10940293502 5456.977216857377
1.0999999999999999 23408.386039057128 4749.240856973974
1.1999999999999997 23716.978383569432 4236.873634809189
1.2999999999999996 23814.44218135623 4149.510155750894
1.3999999999999995 23985.701972455045 3737.3240970541538
1.4999999999999993 24196.099204142276 3228.272548341573
1.5999999999999992 24192.016900187587 3307.1364325297823
1.699999999999999 24481.003476615144 2401.7780807186987
1.799999999999999 24585.6585160004 2021.7938788685094
1.8999999999999988 24673.079059282165 1809.0410152878399
1.9999999999999987 24718.425664529954 1660.202539330492
2.0999999999999988 24739.795882510272 1392.7301205441927
2.199999999999999 24763.727581061885 1390.2908504423092
2.299999999999999 24819.11531673189 1019.1337172613087
2.399999999999999 24799.44284914677 1061.7706986213295
2.499999999999999 24829.327081545096 769.5019335966055
2.599999999999999 24870.573896787726 500.0100278676685
2.6999999999999993 24854.385261659376 576.5244716237272
2.7999999999999994 24870.246443139797 388.2542130261945
2.8999999999999995 24852.44047850552 375.6113587251521
2.9999999999999996 24840.98230859591 567.0428232563077
3.0999999999999996 24836.350494785685 363.8148319483069
3.1999999999999997 24840.259406901718 364.2707311541694
3.3 24828.98153150355 385.81619906076753
3.4 24836.261045083207 356.8655323978172
3.5 24822.017468276215 413.1368851062071
3.6 24837.323761051262 370.010573587695
3.7 24816.04124375452 347.9497256498672
3.8000000000000003 24850.462800250785 363.0377026445621
3.9000000000000004 24826.100438304642 358.9996740980059
4.0 24792.092414831768 360.01543357611536
