# Rounds: 5000, repetitions: 1000
# Good arm ~ N(5.0,1.0), 4 bad arm(s) ~ N(2.4,1.0)
# Observation noise range from 0.5 to 4.0 with step size 0.1

# Observation noise | mean | standard deviation

0.5 24991.37031390572 73.41507377684641
0.6 24987.23373947954 73.05322725969653
0.7 24986.67294249193 70.3788442720874
0.7999999999999999 24983.803561539364 71.8604877241267
0.8999999999999999 24982.768667105574 69.88783720776317
0.9999999999999999 24979.2887615028 69.61605054285158
1.0999999999999999 24975.508670058804 70.31528992447744
1.1999999999999997 24974.18368627589 67.96474935338418
1.2999999999999996 24969.72683008094 69.12004283982832
1.3999999999999995 24963.68791480525 71.16622860639364
1.4999999999999993 24958.272797779657 69.6913058903972
1.5999999999999992 24960.965827472148 68.80938383990615
1.699999999999999 24952.17891651559 67.98578509949802
1.799999999999999 24947.10540165087 72.41388901081612
1.8999999999999988 24940.080151379967 68.32820004918425
1.9999999999999987 24935.44217556843 70.53188345383488
2.0999999999999988 24933.273456060033 72.57741901555956
2.199999999999999 24921.69979898756 72.60308447279773
2.299999999999999 24920.54731098358 71.58931139511098
2.399999999999999 24915.69620764522 69.64605740361033
2.499999999999999 24910.172952710313 71.46928101129937
2.599999999999999 24904.120174065945 70.45035976470639
2.6999999999999993 24897.311482396948 72.8886143339705
2.7999999999999994 24888.393144821966 72.03763290762438
2.8999999999999995 24879.552893371227 75.10260020389576
2.9999999999999996 24876.318369398938 73.85468362534213
3.0999999999999996 24867.684098232487 70.70503249612324
3.1999999999999997 24859.223955044945 74.67830628527084
3.3 24856.62326918719 72.44593958352219
3.4 24847.977340598398 73.01180618136742
3.5 24842.048446563796 76.75385773664954
3.6 24832.46510900449 71.86032031844526
3.7 24824.016251395027 75.40993899073675
3.8000000000000003 24814.24750495885 76.02347586706506
3.9000000000000004 24808.601805008126 72.91111712498379
4.0 24797.073805948694 75.08107234225712
