# Rounds: 5000, repetitions: 1000
# Good arm ~ N(5.0,2.0), 4 bad arm(s) ~ N(1.3,2.0)
# Observation noise range from 0.5 to 4.0 with step size 0.1

# Observation noise | mean | standard deviation

0.5 24899.26381606857 1121.9891173706148
0.6 24937.019014506415 845.1106068329863
0.7 24942.121771078117 855.3856789374349
0.7999999999999999 24984.60609831354 150.30398464349042
0.8999999999999999 24971.747224692128 194.56570664321325
0.9999999999999999 24964.54668000899 203.70601743144337
1.0999999999999999 24965.86011807572 142.68568048931394
1.1999999999999997 24958.861605239304 597.0302693262228
1.2999999999999996 24965.99778179564 146.95073635434017
1.3999999999999995 24967.792068904044 139.58825038699413
1.4999999999999993 24963.895536492793 141.89234131818043
1.5999999999999992 24960.923133722514 139.86983318091038
1.699999999999999 24951.03782347008 141.16679603880831
1.799999999999999 24959.215964232444 141.79129702641723
1.8999999999999988 24941.885883424708 139.9778578850385
1.9999999999999987 24952.24848897098 140.79288305249705
2.0999999999999988 24939.001543105285 141.44895399180317
2.199999999999999 24936.776224875608 145.0365210792985
2.299999999999999 24927.860177248494 141.8419220085494
2.399999999999999 24925.20966558565 139.87980925399597
2.499999999999999 24933.523281941725 136.95309967708886
2.599999999999999 24920.99147534209 139.69267121860733
2.6999999999999993 24907.26091998692 144.4336987664379
2.7999999999999994 24909.385081984994 146.37752148474752
2.8999999999999995 24899.785792892453 143.07205383308843
2.9999999999999996 24899.162557094005 136.16080986977255
3.0999999999999996 24891.179286869858 139.77641538779434
3.1999999999999997 24885.464496769368 139.93470426868217
3.3 24872.575462523608 141.10273976985667
3.4 24868.612116046323 143.81191097186263
3.5 24859.482230649057 138.98181302442975
3.6 24856.412784702447 149.28067719698547
3.7 24857.13549899076 144.7966246912994
3.8000000000000003 24842.78280834704 135.8249394320172
3.9000000000000004 24838.24624255604 142.25278620152343
4.0 24831.513445423432 145.47159524097663
