# Rounds: 5000, repetitions: 1000
# Good arm ~ N(5.0,1.0), 4 bad arm(s) ~ N(3.2,1.0)
# Observation noise range from 0.5 to 4.0 with step size 0.1

# Observation noise | mean | standard deviation

0.5 24987.86470915719 73.50558651411268
0.6 24983.80597559983 70.6022215776994
0.7 24985.375613554646 69.74299883726455
0.7999999999999999 24982.651620121498 71.18403996804794
0.8999999999999999 24977.401870669753 69.91366413046481
0.9999999999999999 24971.086353667863 73.60767224682792
1.0999999999999999 24973.262371806217 74.75272220903103
1.1999999999999997 24965.121036020057 73.28162795479567
1.2999999999999996 24958.872115391463 73.44517086197092
1.3999999999999995 24953.0227690312 72.68839934166074
1.4999999999999993 24946.544178126762 73.61423731533277
1.5999999999999992 24945.074018599265 73.80419716163307
1.699999999999999 24935.341149650525 72.40598796274132
1.799999999999999 24933.826467309245 74.85104583531361
1.8999999999999988 24924.936802482785 71.7050574319251
1.9999999999999987 24914.800057443987 71.96987809551497
2.0999999999999988 24911.204316561016 73.88277548309594
2.199999999999999 24901.567516551975 77.24780945327575
2.299999999999999 24895.002499481918 70.88664054434693
2.399999999999999 24885.136010474947 68.58233049976353
2.499999999999999 24877.24213992877 70.6086104319189
2.599999999999999 24874.07102952158 69.69225436481294
2.6999999999999993 24867.04200363896 72.82222676149165
2.7999999999999994 24860.081776968174 72.78724480756216
2.8999999999999995 24847.69018320106 73.80162516881305
2.9999999999999996 24836.45296901689 71.22471144969329
3.0999999999999996 24831.134893428734 74.08243618737198
3.1999999999999997 24822.806186609043 72.19043138242625
3.3 24813.64814206609 72.14995259191534
3.4 24802.706590462112 73.50486334045182
3.5 24795.53571879058 73.52026817480653
3.6 24785.809886691575 74.45799547043124
3.7 24773.88335607825 71.61465016490675
3.8000000000000003 24766.992565603166 74.29136854277475
3.9000000000000004 24759.565322816572 79.94662268138637
4.0 24749.09595098267 74.86315015807882
