# Rounds: 5000, repetitions: 1000
# Good arm ~ N(5.0,3.0), 4 bad arm(s) ~ N(2.0,3.0)
# Observation noise range from 0.5 to 4.0 with step size 0.1

# Observation noise | mean | standard deviation

0.5 23688.02513790504 4064.7301957021778
0.6 24023.587592135824 3540.9304072572604
0.7 24210.48147845036 3082.220950810869
0.7999999999999999 24455.50375628219 2496.285285855347
0.8999999999999999 24560.282309451206 2224.655630811434
0.9999999999999999 24641.316755654836 2038.5858856151049
1.0999999999999999 24830.45246706683 1264.1398534455393
1.1999999999999997 24821.14328005313 1058.1469572919857
1.2999999999999996 24886.13511292966 761.1007230160264
1.3999999999999995 24826.084381109285 1146.7047271292963
1.4999999999999993 24921.771780900915 469.90300669823154
1.5999999999999992 24921.249420228785 519.0079452818113
1.699999999999999 24932.619392864966 220.73712080899708
1.799999999999999 24912.674768107016 409.57857215613024
1.8999999999999988 24921.872543869697 251.05015110266575
1.9999999999999987 24929.780517540497 223.37752717539357
2.0999999999999988 24925.025063074347 216.51146483203877
2.199999999999999 24923.512692437067 219.94156878861583
2.299999999999999 24920.69377141227 214.98162675723523
2.399999999999999 24898.44719121056 219.31477603357817
2.499999999999999 24907.486134174775 222.43346213746005
2.599999999999999 24901.727286730365 220.92959671101212
2.6999999999999993 24893.11210838276 222.80636278504076
2.7999999999999994 24890.821195565484 219.76947775789802
2.8999999999999995 24878.471091178846 216.72597951426684
2.9999999999999996 24894.984439287768 211.81498623749786
3.0999999999999996 24885.181967043387 217.31277059487883
3.1999999999999997 24878.053091902635 214.23197858524634
3.3 24857.67475772637 215.79347569624045
3.4 24850.10627439639 224.86349352813727
3.5 24838.76641702862 218.08470171901305
3.6 24823.951565732776 227.3236801047191
3.7 24827.25932209547 221.04344426505534
3.8000000000000003 24815.676488895017 213.7428530051928
3.9000000000000004 24819.66618469601 215.3041809234634
4.0 24809.071280530392 217.45321450520944
