# Rounds: 5000, repetitions: 1000
# Good arm ~ N(5.0,1.0), 4 bad arm(s) ~ N(1.7,1.0)
# Observation noise range from 0.5 to 4.0 with step size 0.1

# Observation noise | mean | standard deviation

0.5 24986.788857024818 70.95008022972281
0.6 24987.088543223726 68.72949832921549
0.7 24987.108021154083 71.00529344000536
0.7999999999999999 24990.274104943135 71.01615466245727
0.8999999999999999 24980.220835665314 71.16334469617846
0.9999999999999999 24982.772974972388 72.20554991447665
1.0999999999999999 24975.444529892757 66.98392264570964
1.1999999999999997 24977.12532491151 72.86398850556229
1.2999999999999996 24971.353593735672 72.72357232460625
1.3999999999999995 24969.24016444752 69.7747978355877
1.4999999999999993 24963.67799443093 72.03006883764354
1.5999999999999992 24957.760897775315 71.05360797582019
1.699999999999999 24956.2692138511 72.23082313971784
1.799999999999999 24953.657721910975 70.8793848850896
1.8999999999999988 24950.806431245455 71.82674841812009
1.9999999999999987 24947.712740577823 71.23780150088888
2.0999999999999988 24940.414159428925 72.76380602162162
2.199999999999999 24932.480413976587 70.71955246061518
2.299999999999999 24932.68246267224 69.78777813343972
2.399999999999999 24919.4633170422 70.98592255187644
2.499999999999999 24921.84927609828 73.04866193754908
2.599999999999999 24914.57994396186 70.61947359521503
2.6999999999999993 24904.540275168783 70.41832179275185
2.7999999999999994 24904.68764427252 71.02690095608428
2.8999999999999995 24896.76778794683 69.8485946480673
2.9999999999999996 24893.719688216624 72.49576778400997
3.0999999999999996 24883.28022068867 72.92878772494903
3.1999999999999997 24875.832025804666 73.04942671329367
3.3 24877.095927861217 72.13565473580367
3.4 24869.226484061975 73.2151958503285
3.5 24860.656406502134 69.96258429786985
3.6 24854.422544490695 70.04759762466784
3.7 24848.508889943707 71.15199536937678
3.8000000000000003 24839.993777491683 71.27783777359534
3.9000000000000004 24832.26778864895 70.3902007121155
4.0 24824.473685868023 71.86467818050423
