# Rounds: 5000, repetitions: 1000
# Good arm ~ N(5.0,2.0), 4 bad arm(s) ~ N(1.4,2.0)
# Observation noise range from 0.5 to 4.0 with step size 0.1

# Observation noise | mean | standard deviation

0.5 24900.252509731206 1166.4735896732948
0.6 24970.62016155366 285.0992925071979
0.7 24972.452681349463 152.53649715101113
0.7999999999999999 24986.976154710846 157.08437212051254
0.8999999999999999 24970.081152818857 246.94646281536677
0.9999999999999999 24977.30307673302 145.83101326454195
1.0999999999999999 24973.973958734176 151.11569331259403
1.1999999999999997 24975.55544886898 145.62450948482672
1.2999999999999996 24976.02154819404 138.77528365385402
1.3999999999999995 24965.73823415642 142.65169211254027
1.4999999999999993 24963.31496965145 141.50338591394885
1.5999999999999992 24957.676084381856 142.9071439739808
1.699999999999999 24961.352081409033 142.77332254682253
1.799999999999999 24951.12493642199 142.53683364743503
1.8999999999999988 24953.6087062261 149.18285780605805
1.9999999999999987 24939.359472780274 143.75510967552498
2.0999999999999988 24941.11226906646 145.69924270414083
2.199999999999999 24933.59380438454 143.49219422302295
2.299999999999999 24938.598673272572 146.6739059347389
2.399999999999999 24922.442626681663 144.09122029822942
2.499999999999999 24923.81568831642 138.7931725621715
2.599999999999999 24906.684018401065 145.9449760319744
2.6999999999999993 24915.211858091756 140.19822362671832
2.7999999999999994 24904.70951314823 140.4353700834022
2.8999999999999995 24899.08351148438 140.69854669016186
2.9999999999999996 24896.053106198997 141.11985554274057
3.0999999999999996 24885.14498053208 144.72766655205842
3.1999999999999997 24884.388384810718 144.14562816553075
3.3 24876.099023076094 141.08933366165684
3.4 24870.927901547304 145.4922372998952
3.5 24863.774309106866 142.02835729941654
3.6 24862.149799244762 145.37167087154378
3.7 24860.393171688083 139.77686982020046
3.8000000000000003 24850.280229934513 138.87521696006397
3.9000000000000004 24830.80206673718 143.6741948018009
4.0 24826.581225113023 148.48135561168604
