# Rounds: 5000, repetitions: 1000
# Good arm ~ N(5.0,4.0), 4 bad arm(s) ~ N(0.3,4.0)
# Observation noise range from 0.5 to 4.0 with step size 0.1

# Observation noise | mean | standard deviation

0.5 23712.883045480172 5181.8554016337575
0.6 23742.74273498629 5040.029885463932
0.7 24090.83316168721 4204.890044679711
0.7999999999999999 24162.178592174638 4139.4866850108065
0.8999999999999999 24594.9492880624 2677.0007192096646
0.9999999999999999 24478.018813769402 3231.5100897009484
1.0999999999999999 24682.997743854816 2329.4438023261923
1.1999999999999997 24802.438824950677 1558.104635777634
1.2999999999999996 24749.44263532083 2128.844883575713
1.3999999999999995 24890.57942245563 901.8600942184087
1.4999999999999993 24903.094417083877 880.7611628419039
1.5999999999999992 24884.371612617415 1107.5322199819682
1.699999999999999 24934.503557848373 375.01790235539113
1.799999999999999 24927.831197277115 796.7640078843779
1.8999999999999988 24931.369711910334 280.64935585787237
1.9999999999999987 24931.159597281316 324.51048744409763
2.0999999999999988 24933.464771442133 295.36563376671853
2.199999999999999 24923.95000877064 288.6943984986632
2.299999999999999 24939.99611845602 280.2743906560179
2.399999999999999 24925.07425194058 283.05221190529033
2.499999999999999 24925.949740386168 286.14037501971694
2.599999999999999 24916.198417745167 288.46753743139624
2.6999999999999993 24926.477228432734 287.0469382479403
2.7999999999999994 24912.525413422525 275.98940535865876
2.8999999999999995 24898.1047523864 283.0285313411292
2.9999999999999996 24908.19693316383 288.5897481940427
3.0999999999999996 24892.204954859608 286.62771512601546
3.1999999999999997 24884.55720701895 284.0134262985976
3.3 24900.584445832475 288.298845978351
3.4 24869.45003356233 281.06931840680505
3.5 24869.93112026772 282.98718459597814
3.6 24874.44354056112 286.2157021433148
3.7 24853.096238520855 283.2574928531598
3.8000000000000003 24822.416082332147 282.9585212086379
3.9000000000000004 24846.03799115236 294.2445020232004
4.0 24832.83963662684 293.15181808424387
