# Rounds: 5000, repetitions: 1000
# Good arm ~ N(5.0,2.0), 4 bad arm(s) ~ N(2.8,2.0)
# Observation noise range from 0.5 to 4.0 with step size 0.1

# Observation noise | mean | standard deviation

0.5 24574.58553511147 1961.1197312854063
0.6 24709.77461325405 1566.1408276890031
0.7 24733.025679571747 1470.0532561627663
0.7999999999999999 24878.68325685805 877.4733359775241
0.8999999999999999 24899.714406080147 735.4847911858445
0.9999999999999999 24903.297263500062 721.2119202752112
1.0999999999999999 24928.899042119232 527.728427688949
1.1999999999999997 24957.10501897594 209.14726646269742
1.2999999999999996 24938.5308364287 386.0906682688653
1.3999999999999995 24953.619300704977 203.2891140000062
1.4999999999999993 24950.27175160893 141.9805850521493
1.5999999999999992 24947.15712331514 144.64724684721529
1.699999999999999 24941.846118110232 140.96665027721664
1.799999999999999 24937.440507276922 146.40818695495025
1.8999999999999988 24925.023675346154 142.23720950558172
1.9999999999999987 24924.354390224824 143.51642083207562
2.0999999999999988 24918.34314585951 141.32301077472718
2.199999999999999 24924.026196252515 146.34637207739416
2.299999999999999 24902.19463821523 140.69163143403608
2.399999999999999 24896.508112214324 143.6801714655952
2.499999999999999 24893.51577751166 139.11060373916095
2.599999999999999 24881.11147054382 140.9091520298861
2.6999999999999993 24885.231962769703 144.6199556566329
2.7999999999999994 24881.95921380494 148.91818035233905
2.8999999999999995 24852.82357315643 141.61791984646192
2.9999999999999996 24857.014751385734 140.31451625007804
3.0999999999999996 24857.99522997386 145.57176110297695
3.1999999999999997 24844.921344281447 141.51933881722408
3.3 24837.226563520104 145.05250028392274
3.4 24826.036502656927 149.45228737132422
3.5 24810.857933707557 144.35396679526542
3.6 24808.608094532206 147.9940765590239
3.7 24801.86725445481 144.75986315015055
3.8000000000000003 24788.40481285963 148.0016850608078
3.9000000000000004 24784.479892498384 150.81809192441716
4.0 24776.50721056947 145.51445211891746
