# Rounds: 5000, repetitions: 1000
# Good arm ~ N(5.0,0.0), 4 bad arm(s) ~ N(2.4,0.0)
# Observation noise range from 0.5 to 4.0 with step size 0.1

# Observation noise | mean | standard deviation

0.5 24991.989600000004 4.337222999032767
0.6 24991.258999999984 5.5838820491422885
0.7 24989.873200000013 5.278062115937674
0.7999999999999999 24986.129200000025 4.1141990707786995
0.8999999999999999 24982.82200000001 4.102392670823189
0.9999999999999999 24980.781000000006 4.166773452084741
1.0999999999999999 24977.83780000001 3.868153793965671
1.1999999999999997 24973.53480000002 3.5050983830238023
1.2999999999999996 24969.977999999974 3.5696636394061922
1.3999999999999995 24965.93240000002 3.6928616908115
1.4999999999999993 24961.275800000025 3.7763786085871995
1.5999999999999992 24957.048200000005 3.9422808548273056
1.699999999999999 24952.18359999997 3.929087523683433
1.799999999999999 24947.394400000005 3.762153963149399
1.8999999999999988 24942.269800000013 4.085675060586391
1.9999999999999987 24936.88259999999 3.9479822446154658
2.0999999999999988 24931.339400000004 4.398767645238126
2.199999999999999 24925.88199999998 4.387724709701416
2.299999999999999 24920.151599999994 4.709751500790204
2.399999999999999 24914.291199999996 4.9557726180925386
2.499999999999999 24907.936800000025 5.143592353822021
2.599999999999999 24901.923000000024 4.979962954784504
2.6999999999999993 24895.688199999964 5.45104528092069
2.7999999999999994 24888.863199999985 5.5254082107920475
2.8999999999999995 24882.38919999997 5.771744657933801
2.9999999999999996 24875.441999999992 5.7612210222887335
3.0999999999999996 24868.25040000002 6.327519050728154
3.1999999999999997 24861.321399999997 6.520335636821876
3.3 24854.18439999999 6.389869096238481
3.4 24847.008400000002 6.7439669728225375
3.5 24839.346199999993 6.793645499962987
3.6 24832.097400000002 7.10016940964344
3.7 24824.73680000002 7.091480441688176
3.8000000000000003 24816.307599999975 7.512548210867408
3.9000000000000004 24808.609000000048 7.870719613047888
4.0 24800.406 8.045508946872253
