# Rounds: 5000, repetitions: 1000
# Good arm ~ N(5.0,3.0), 4 bad arm(s) ~ N(2.5,3.0)
# Observation noise range from 0.5 to 4.0 with step size 0.1

# Observation noise | mean | standard deviation

0.5 23555.22424002927 3858.3763996827156
0.6 23992.31343128339 3189.18241724863
0.7 24049.354572831704 3097.667362413383
0.7999999999999999 24399.04795343955 2407.8449237578975
0.8999999999999999 24482.91182825303 2175.111213645772
0.9999999999999999 24602.15311673623 1897.9774936721817
1.0999999999999999 24684.349261121693 1612.5892240221215
1.1999999999999997 24742.15607144554 1379.3985698645363
1.2999999999999996 24753.920601169943 1301.0648163344988
1.3999999999999995 24774.054335134868 1337.4393478621582
1.4999999999999993 24835.96675573522 897.2641665216295
1.5999999999999992 24919.077883638078 263.4578419601209
1.699999999999999 24882.676995182806 633.6154078342848
1.799999999999999 24896.521431302008 466.5359481957759
1.8999999999999988 24897.18502502893 331.11285132839976
1.9999999999999987 24912.871748583195 220.64145757085768
2.0999999999999988 24902.338568367126 277.0827553576248
2.199999999999999 24905.30817432593 224.34346318290386
2.299999999999999 24894.10102161256 224.990142645998
2.399999999999999 24899.304272205987 220.16583283487103
2.499999999999999 24902.924200875554 221.35799593713017
2.599999999999999 24882.651297632478 219.6832523549837
2.6999999999999993 24881.554868030595 209.47892182716942
2.7999999999999994 24874.59470475714 247.40724339408226
2.8999999999999995 24875.176053908923 218.44859535167535
2.9999999999999996 24875.406299258575 216.03115542270905
3.0999999999999996 24850.165426391344 216.0137264767234
3.1999999999999997 24844.7010174643 216.18521259976586
3.3 24858.3820248158 216.90731628623783
3.4 24846.961479852253 211.02469397639226
3.5 24830.372046470802 225.3171478112524
3.6 24813.956676731745 218.10645340999378
3.7 24805.751026195194 218.2149154197363
3.8000000000000003 24810.996013820444 219.67004149103622
3.9000000000000004 24792.807984318373 229.13998097249714
4.0 24791.48067918308 216.40284346478185
