# Rounds: 500, repetitions: 1000
# Good arm ~ N(5.0,2.0), 2 bad arm(s) ~ N(3.0,2.0)
# Observation noise range from 0.1 to 10.0 with step size 0.1

# Observation noise | mean | standard deviation

0.1 2387.222299539245 305.2038550393652
0.2 2383.8725436637906 309.49044335029595
0.30000000000000004 2415.158720067611 262.430413526676
0.4000000000000001 2424.4762395338767 243.37063800104397
0.5000000000000001 2432.727251703783 232.40496059349488
0.6000000000000001 2449.0362993630047 186.34173846761857
0.7000000000000001 2444.1460284465916 195.59049635827418
0.8 2460.0484153601833 153.38609691752782
0.9 2467.3959691936825 135.71883690653115
1.0 2470.366628052828 115.45810105291432
1.1 2472.7122378153995 102.2999047572159
1.2000000000000002 2473.9610112903847 86.63424936432858
1.3000000000000003 2476.7702841964965 67.4164382945453
1.4000000000000004 2477.6999577631227 62.89933283210337
1.5000000000000004 2473.6766356889502 65.12198007398669
1.6000000000000005 2473.8243491040644 64.44009758665217
1.7000000000000006 2473.189763505626 64.82281609612018
1.8000000000000007 2472.2782748304003 53.2373314052268
1.9000000000000008 2471.754313770314 51.586975820530974
2.000000000000001 2473.084716804751 50.028410419155435
2.100000000000001 2467.3088565267417 51.247574364834875
2.200000000000001 2466.6204896652953 49.157271531774725
2.300000000000001 2464.702675124529 48.65481270073827
2.4000000000000012 2463.9367007010546 50.31994797718979
2.5000000000000013 2462.050698579787 50.586207932241294
2.6000000000000014 2458.171386843213 51.100238883897944
2.7000000000000015 2458.027526965913 49.93051240757307
2.8000000000000016 2450.5348481371816 50.27859260712
2.9000000000000017 2451.4845120700247 51.21317364621292
3.0000000000000018 2450.4602102097124 49.784395878434324
3.100000000000002 2447.2822893453804 49.79565602313501
3.200000000000002 2445.116118915644 51.99737484172933
3.300000000000002 2440.417545132497 50.01117007480036
3.400000000000002 2437.918988806087 49.900772450745
3.500000000000002 2438.0530990155116 50.68916868060488
3.6000000000000023 2432.21397061878 50.86584992761194
3.7000000000000024 2431.1832468067128 52.144324506155705
3.8000000000000025 2427.469833394775 51.930312794363566
3.9000000000000026 2429.022010780291 50.59461411486516
4.000000000000003 2419.3596406669044 51.19719512273223
4.100000000000003 2417.5511562374368 52.60235189923931
4.200000000000004 2413.797419217216 53.11716209575817
4.300000000000004 2412.2407514181864 54.748946405618014
4.400000000000005 2415.727665963569 53.98261103358307
4.500000000000005 2409.1912054718223 54.25221623851858
4.600000000000006 2407.3487042194865 55.11151105998585
4.700000000000006 2402.954428917302 52.6800731141323
4.800000000000007 2397.603501240119 54.92726469859414
4.9000000000000075 2396.1005173283206 55.187661614552745
5.000000000000008 2393.410816947744 54.601353733973475
5.1000000000000085 2389.7182977581683 56.42586488473003
5.200000000000009 2388.8608275181664 57.36593262764466
5.30000000000001 2382.611349936536 58.46232891273342
5.40000000000001 2382.1006360312012 56.784251437917014
5.500000000000011 2381.253922586009 54.60898121177999
5.600000000000011 2374.3746182621894 56.49226936372278
5.700000000000012 2369.134847337112 59.40691760203629
5.800000000000012 2368.4197243003828 58.062694702185034
5.900000000000013 2363.615214518985 56.75116116322106
6.000000000000013 2359.7534363352884 57.29778915505131
6.100000000000014 2356.35678489395 58.76293958756189
6.200000000000014 2354.1947651608534 58.441034272153594
6.300000000000015 2353.6159238752944 58.51130696932271
6.4000000000000155 2343.7200470254406 59.79900107239478
6.500000000000016 2342.9181434615 57.53568082769295
6.6000000000000165 2342.6747496773664 59.32329415342798
6.700000000000017 2339.0814964619326 60.638781661088665
6.800000000000018 2331.8430811109492 59.50650477415146
6.900000000000018 2329.55288511084 59.551861852066914
7.000000000000019 2327.111336114891 61.339130447571456
7.100000000000019 2322.8291030677583 63.058187403744036
7.20000000000002 2314.70476237935 60.71215404141619
7.30000000000002 2318.208949898565 61.37451849107214
7.400000000000021 2313.3566516921483 60.17382415659372
7.500000000000021 2308.316077085238 62.00132509206514
7.600000000000022 2304.964925708267 60.836564021541214
7.700000000000022 2304.3989497425173 60.10080176844979
7.800000000000023 2293.4232069011828 63.97656701778303
7.9000000000000234 2294.455014377654 60.94764910205929
8.000000000000025 2289.555724118274 65.47969426860527
8.100000000000026 2287.8949079051367 62.4374228308679
8.200000000000028 2283.8299987267524 65.39180862554475
8.30000000000003 2281.6450572718113 63.55239473353551
8.40000000000003 2275.04278815426 61.32002065301498
8.500000000000032 2270.135771329904 64.13780435038666
8.600000000000033 2267.4178156423673 64.13296971222216
8.700000000000035 2262.5619291109288 65.76028307751217
8.800000000000036 2257.828382821261 63.89221924337853
8.900000000000038 2256.9887426356872 64.0557035012201
9.000000000000039 2250.4743066117053 66.7783760897012
9.10000000000004 2251.7972532365206 65.78326075580775
9.200000000000042 2246.5766670837666 65.55167088463226
9.300000000000043 2245.3790144092477 65.45165066994174
9.400000000000045 2238.452846752671 62.91524472454827
9.500000000000046 2234.9308234187674 66.00512761991466
9.600000000000048 2230.515207462033 66.32640041683644
9.700000000000049 2225.6670276816526 67.48176657789973
9.80000000000005 2222.7298610687444 68.51361515316468
9.900000000000052 2215.7327034749383 62.79620823315519
10.000000000000053 2218.496015104966 66.20261441286252
