# Rounds: 500, repetitions: 1000
# Good arm ~ N(5.0,1.0), 4 bad arm(s) ~ N(0.5,1.0)
# Observation noise range from 0.5 to 4.0 with step size 0.1

# Observation noise | mean | standard deviation

0.5 2484.9494904875587 23.078502919229102
0.6 2486.0500660516936 23.061880257360748
0.7 2485.6248148797617 22.32606400228753
0.7999999999999999 2484.410703592683 22.954945861421805
0.8999999999999999 2484.4802156101146 23.095677991958087
0.9999999999999999 2483.613039134333 22.957253998048095
1.0999999999999999 2483.156369184789 23.418980900116342
1.1999999999999997 2483.4882491147787 23.340987680131573
1.2999999999999996 2480.191788722441 23.828496490415997
1.3999999999999995 2479.3543488775163 23.374634068424832
1.4999999999999993 2477.795398602393 22.732865192151102
1.5999999999999992 2473.9919605607843 23.514508864892726
1.699999999999999 2473.2874681438634 23.125767321469937
1.799999999999999 2469.833621742069 23.744204528382834
1.8999999999999988 2467.068914573437 24.31256784161852
1.9999999999999987 2466.039640788175 24.443601489347802
2.0999999999999988 2462.5817524397144 23.142109656505646
2.199999999999999 2460.58654803575 24.4128744022241
2.299999999999999 2456.73038592792 23.206159332765914
2.399999999999999 2454.25631525182 23.388269982478768
2.499999999999999 2451.451253190352 24.78853196132879
2.599999999999999 2449.4488811181723 24.29082969681711
2.6999999999999993 2445.436679548992 24.32175948927493
2.7999999999999994 2441.904629886598 24.586940041294955
2.8999999999999995 2438.3421184149474 24.820192888386334
2.9999999999999996 2436.5298045267514 24.6109085211302
3.0999999999999996 2432.8632677893797 24.885984904682434
3.1999999999999997 2429.1001660554043 25.620444312500034
3.3 2423.9596897663732 25.08920882829909
3.4 2421.3849868557763 25.40552284343883
3.5 2418.141376187493 25.43702544848487
3.6 2413.5433443515626 25.033829862390192
3.7 2411.2632047855295 26.721230607708705
3.8000000000000003 2404.6391147381783 26.442889086585357
3.9000000000000004 2401.6459059846156 26.056674251412677
4.0 2399.2397539106923 26.141674904280187
