# Rounds: 500, repetitions: 1000
# Good arm ~ N(5.0,4.0), 4 bad arm(s) ~ N(2.0,4.0)
# Observation noise range from 0.5 to 4.0 with step size 0.1

# Observation noise | mean | standard deviation

0.5 2185.967977657825 568.957726419269
0.6 2203.146066851157 556.0469896457888
0.7 2240.233400714938 513.1745040491031
0.7999999999999999 2245.3839315124087 509.03057397783954
0.8999999999999999 2280.4490538640734 463.18368411795257
0.9999999999999999 2295.076223380197 439.2236905943253
1.0999999999999999 2321.2290911888435 401.62583220679045
1.1999999999999997 2318.4604686860803 391.47450446711315
1.2999999999999996 2355.771205914787 341.2043942671172
1.3999999999999995 2352.5979664757606 338.0772701216982
1.4999999999999993 2370.4501507708883 306.4642333780246
1.5999999999999992 2375.008753250705 283.4167043442982
1.699999999999999 2383.063087547124 248.77212973353093
1.799999999999999 2397.198421578479 237.39646211885508
1.8999999999999988 2388.94362831753 240.69353924653316
1.9999999999999987 2400.677367874168 194.7495822505557
2.0999999999999988 2405.3434975334076 190.83762779410984
2.199999999999999 2398.650145323506 194.27344592027703
2.299999999999999 2403.503729147252 171.65806107720604
2.399999999999999 2409.1991690120885 155.52728100509574
2.499999999999999 2413.9612620395824 138.90859596079454
2.599999999999999 2400.378879723813 141.08823364389886
2.6999999999999993 2405.8917918762427 140.8062431609458
2.7999999999999994 2397.553554238418 137.22295839546783
2.8999999999999995 2395.898884974558 119.29067550459827
2.9999999999999996 2394.351363942658 117.9652388206183
3.0999999999999996 2391.6625430654685 127.52294265011487
3.1999999999999997 2389.73291767417 137.06486638015528
3.3 2384.966603116154 113.98676550883546
3.4 2381.6671341268748 122.9081246324445
3.5 2376.657182147583 115.6826831253215
3.6 2370.237951486108 121.13073782902997
3.7 2371.7151871253473 112.62869978030844
3.8000000000000003 2368.2007605926697 112.79175729100923
3.9000000000000004 2362.612623950177 117.40180854984354
4.0 2357.2119468218466 112.77766717274864
