# Rounds: 500, repetitions: 1000
# Good arm ~ N(5.0,2.0), 4 bad arm(s) ~ N(2.8,2.0)
# Observation noise range from 0.5 to 4.0 with step size 0.1

# Observation noise | mean | standard deviation

0.5 2411.829262350183 254.56395089254212
0.6 2428.9272212880774 217.1684167413431
0.7 2436.8717063676954 202.58356187897186
0.7999999999999999 2455.2891404442744 150.36907439734293
0.8999999999999999 2452.3494651467217 147.28992912115916
0.9999999999999999 2454.4384463358265 126.23046542947313
1.0999999999999999 2457.6525346418434 115.02071463941178
1.1999999999999997 2464.1354798530488 81.80236779918766
1.2999999999999996 2460.5270325027045 91.53894618393255
1.3999999999999995 2459.1016845675963 81.88840345533487
1.4999999999999993 2464.3190888280737 52.00810136751313
1.5999999999999992 2454.1918922290006 62.17293839828002
1.699999999999999 2455.2788426019656 53.06716427171168
1.799999999999999 2452.1377408910316 52.51388198668473
1.8999999999999988 2446.610970864048 56.116117350542964
1.9999999999999987 2446.4288979295056 52.96729746979543
2.0999999999999988 2440.5162438553425 51.064408968601825
2.199999999999999 2439.231770698669 56.26254745227773
2.299999999999999 2438.6554107133666 51.14243462127368
2.399999999999999 2433.911268162511 51.86584433778721
2.499999999999999 2429.9727642483062 52.623769331875046
2.599999999999999 2425.8393351188215 51.22358164095207
2.6999999999999993 2421.7826578417767 54.03726616482171
2.7999999999999994 2415.277756752701 52.37069944598585
2.8999999999999995 2412.4759247983457 51.52437149718695
2.9999999999999996 2409.189062281047 53.80711358088983
3.0999999999999996 2405.9704368387174 55.053432116446004
3.1999999999999997 2401.9202384403943 52.590338488643845
3.3 2398.7262973435854 54.36357798855029
3.4 2396.727993094023 54.93202941716885
3.5 2387.183936354369 55.297786729268005
3.6 2385.365089761478 53.962651349010514
3.7 2380.2244293110225 60.06089571304523
3.8000000000000003 2371.4264578244315 55.59161907430049
3.9000000000000004 2369.486628017319 55.95448960859801
4.0 2366.0637274381174 56.38544156901509
