# Rounds: 500, repetitions: 1000
# Good arm ~ N(5.0,4.0), 4 bad arm(s) ~ N(2.7,4.0)
# Observation noise range from 0.5 to 4.0 with step size 0.1

# Observation noise | mean | standard deviation

0.5 2171.3957887262472 489.1446392851505
0.6 2211.019247608191 460.22290758872384
0.7 2222.516773551983 456.2227192262662
0.7999999999999999 2228.575062704906 444.8008878858307
0.8999999999999999 2233.6190644606386 445.3065921896938
0.9999999999999999 2234.9752915194636 432.82083386841924
1.0999999999999999 2278.489864512804 403.3032166440391
1.1999999999999997 2285.6890151664643 377.1114968443412
1.2999999999999996 2309.796805762699 349.9355063310374
1.3999999999999995 2316.5307735432784 340.81787920807665
1.4999999999999993 2323.472764544271 334.07268777646703
1.5999999999999992 2339.539867583878 304.38400374661086
1.699999999999999 2348.9535914456455 287.39139305748495
1.799999999999999 2344.793249693184 295.20638750959733
1.8999999999999988 2347.023002869359 266.1152252370816
1.9999999999999987 2371.3983825522114 238.7666462180838
2.0999999999999988 2368.3277405318468 239.62396246644468
2.199999999999999 2364.1208296010295 225.45957436730947
2.299999999999999 2361.0224164011297 225.96631600742197
2.399999999999999 2366.510057933982 197.93609727199185
2.499999999999999 2377.4061699647878 186.89604300769804
2.599999999999999 2370.004276317912 176.48313818009242
2.6999999999999993 2373.3991063039125 172.71628991811443
2.7999999999999994 2378.5439640991235 169.26352478609272
2.8999999999999995 2371.0732177603427 169.06057939246
2.9999999999999996 2373.572634701665 141.1359413371518
3.0999999999999996 2379.9744673321493 130.00501143284086
3.1999999999999997 2360.3693480940497 149.43355280284777
3.3 2364.620899652111 140.46552985789256
3.4 2357.6434402682426 154.99701400858171
3.5 2349.094100279365 146.06497815470252
3.6 2345.734819563507 143.97201179673988
3.7 2345.0198910016566 130.43475411692515
3.8000000000000003 2347.6955632333593 127.98102729834989
3.9000000000000004 2345.608073261152 129.22173660633402
4.0 2336.2950920482913 134.4497562669745
