# Rounds: 500, repetitions: 1000
# Good arm ~ N(5.0,5.0), 4 bad arm(s) ~ N(2.0,5.0)
# Observation noise range from 0.5 to 4.0 with step size 0.1

# Observation noise | mean | standard deviation

0.5 2111.88583205374 619.7785961289857
0.6 2064.9772429319382 640.0646240863603
0.7 2090.152928666187 620.4944241670828
0.7999999999999999 2113.941792416753 613.1263935272872
0.8999999999999999 2149.161000155263 583.65369489362
0.9999999999999999 2152.9972498702023 570.1511194920611
1.0999999999999999 2162.5944983461077 558.9992023090914
1.1999999999999997 2202.310566095949 521.2193758390516
1.2999999999999996 2236.3903656108787 485.0261400750747
1.3999999999999995 2223.451382890805 504.7300061395931
1.4999999999999993 2248.8427223845347 463.59047981936556
1.5999999999999992 2292.6169447393777 402.7317616019264
1.699999999999999 2274.709423579254 419.2171175350911
1.799999999999999 2297.8342990593706 389.1735866480442
1.8999999999999988 2321.984195419748 350.16514070686145
1.9999999999999987 2327.3227131661542 345.31072786388853
2.0999999999999988 2338.9970961177173 313.22800935797443
2.199999999999999 2354.962614691928 284.31117265489144
2.299999999999999 2338.6707369326573 295.67346763978486
2.399999999999999 2343.4979993271186 289.39829803146625
2.499999999999999 2345.393846865996 243.21845206875696
2.599999999999999 2360.1435085448875 243.11636764390516
2.6999999999999993 2362.6495877076336 215.30257919446242
2.7999999999999994 2361.293268887522 213.6756834263802
2.8999999999999995 2344.038880763984 230.97068421415975
2.9999999999999996 2363.1035203236834 194.3423028921351
3.0999999999999996 2354.3950403479043 194.32212184021162
3.1999999999999997 2362.3549852691035 188.24894580670113
3.3 2361.7409383353715 188.44862803335033
3.4 2350.961100831145 186.48660161534008
3.5 2342.625158810107 186.07299154760912
3.6 2353.931520209503 167.79211212469397
3.7 2342.1554837639637 167.25795951115055
3.8000000000000003 2347.687315626302 158.0080552206084
3.9000000000000004 2341.4879237446294 162.37648149419238
4.0 2323.484804888695 175.78816801115556
