# Rounds: 500, repetitions: 1000
# Good arm ~ N(5.0,3.0), 4 bad arm(s) ~ N(2.7,3.0)
# Observation noise range from 0.5 to 4.0 with step size 0.1

# Observation noise | mean | standard deviation

0.5 2298.7768628240906 395.2828699711397
0.6 2321.234289484759 367.11893387099263
0.7 2320.932276488048 371.19674377006675
0.7999999999999999 2341.3318757080856 339.15915196510423
0.8999999999999999 2367.8684465777196 298.54718704226434
0.9999999999999999 2370.681874789517 287.8461546533608
1.0999999999999999 2400.3343692744984 241.34799944421246
1.1999999999999997 2409.473723279077 215.88754117042768
1.2999999999999996 2396.930365827114 232.3118052366512
1.3999999999999995 2416.4294946362875 180.24662442976992
1.4999999999999993 2418.8702403459797 176.8775500456261
1.5999999999999992 2420.152822983144 165.3730972527851
1.699999999999999 2415.013798767067 163.44907831953563
1.799999999999999 2426.854073887838 130.07302998234658
1.8999999999999988 2421.892645961451 128.5367280029585
1.9999999999999987 2421.15765903698 124.91894411057176
2.0999999999999988 2416.4713190371513 113.25841839543737
2.199999999999999 2417.2834972061555 115.01069370955007
2.299999999999999 2424.2585238054266 99.13378508620885
2.399999999999999 2417.9094732736894 83.55943726045977
2.499999999999999 2414.1439773763113 96.49168384725635
2.599999999999999 2413.1445511681727 90.9849834225468
2.6999999999999993 2407.9557632211304 99.38414474599428
2.7999999999999994 2403.445893382169 98.52142051477342
2.8999999999999995 2397.9965865268196 93.17069692848345
2.9999999999999996 2397.6618950968073 83.93027954759854
3.0999999999999996 2395.123802705667 92.70612470451375
3.1999999999999997 2393.567476917424 89.92309570018983
3.3 2387.9060871034903 85.13499044707493
3.4 2382.619523537745 89.18527714561921
3.5 2378.8744219207865 91.54501160654493
3.6 2377.3907874373413 90.90853951965208
3.7 2371.6583310888345 88.68579100131785
3.8000000000000003 2362.1886932520456 87.33402552488465
3.9000000000000004 2360.679539177242 89.39521427758446
4.0 2353.940385105354 86.34890921948373
