# Rounds: 500, repetitions: 1000
# Good arm ~ N(5.0,2.0), 4 bad arm(s) ~ N(1.6,2.0)
# Observation noise range from 0.5 to 4.0 with step size 0.1

# Observation noise | mean | standard deviation

0.5 2456.2068553311274 191.87854373748146
0.6 2466.598888788909 154.96518536865986
0.7 2469.629407237038 120.7886014152679
0.7999999999999999 2473.745529950502 89.94820662851846
0.8999999999999999 2477.1580003820145 83.12357460021667
0.9999999999999999 2476.135634512064 50.20995225919806
1.0999999999999999 2473.6268015312917 59.50443635562176
1.1999999999999997 2469.9159904111975 69.39679779678512
1.2999999999999996 2472.92296087512 62.854979985405684
1.3999999999999995 2470.205226396161 48.242962497276714
1.4999999999999993 2467.7503484817616 71.86054620087839
1.5999999999999992 2467.5606876888087 49.131370452461375
1.699999999999999 2468.126034035761 46.37160963714491
1.799999999999999 2463.996312391624 48.62563495702622
1.8999999999999988 2461.5809384176137 47.77478068260006
1.9999999999999987 2456.6090747846188 47.965096058958096
2.0999999999999988 2453.567155284887 46.87262294930801
2.199999999999999 2452.291291880649 49.20849411255852
2.299999999999999 2448.7722129746803 50.353525066687176
2.399999999999999 2444.7061676369717 48.61450087212715
2.499999999999999 2444.3344416888763 49.33479461906786
2.599999999999999 2440.518981657384 49.36672877259684
2.6999999999999993 2438.446854147852 46.47692897102583
2.7999999999999994 2432.2478152918734 50.55175017761556
2.8999999999999995 2433.208792615478 48.106146764549386
2.9999999999999996 2425.2248049802406 48.37724302930625
3.0999999999999996 2421.7019314534405 50.66522533973213
3.1999999999999997 2418.1769799958624 50.08965525939924
3.3 2415.335875777087 49.10615909686515
3.4 2410.1840369815236 51.44627184447189
3.5 2407.2537935541955 49.412461063116105
3.6 2402.942657023412 51.431369429054946
3.7 2395.153457154636 51.593118682945125
3.8000000000000003 2396.6926716981093 51.061223290000335
3.9000000000000004 2386.025293218162 51.10642166987884
4.0 2383.0405398770663 51.11333366943098
