# Rounds: 500, repetitions: 1000
# Good arm ~ N(5.0,2.0), 4 bad arm(s) ~ N(0.5,2.0)
# Observation noise range from 0.5 to 4.0 with step size 0.1

# Observation noise | mean | standard deviation

0.5 2478.2626805501686 87.62279495430016
0.6 2479.6903123820016 56.61359540608332
0.7 2483.6099352829906 45.03507627011316
0.7999999999999999 2480.879056052473 47.237486402892685
0.8999999999999999 2476.7983961118584 45.311140722517116
0.9999999999999999 2476.6058520571496 45.52897651238306
1.0999999999999999 2477.0884837213503 45.75765982333858
1.1999999999999997 2476.7386680076193 52.57445357016962
1.2999999999999996 2475.3170767379856 46.951028338512835
1.3999999999999995 2472.9508031129344 45.58070227620591
1.4999999999999993 2471.162637584567 46.894248105288526
1.5999999999999992 2472.4646273762764 45.74758338486184
1.699999999999999 2469.9201533757378 46.69285824104569
1.799999999999999 2465.919514871431 44.876954464232426
1.8999999999999988 2462.6966713206475 44.50505454792033
1.9999999999999987 2461.257412917198 46.22115843141074
2.0999999999999988 2459.1711147405767 46.166875602900305
2.199999999999999 2458.5359579007313 48.65278449858389
2.299999999999999 2453.3122200098805 47.1697450641477
2.399999999999999 2451.761664548069 49.268792395963764
2.499999999999999 2448.4095526699784 47.43179835087507
2.599999999999999 2444.1692155364863 48.89352549551648
2.6999999999999993 2442.3350291298993 47.440402520882515
2.7999999999999994 2436.623120479519 48.122264979725585
2.8999999999999995 2435.793034602495 49.165013285752806
2.9999999999999996 2432.4167894025895 46.792215736443616
3.0999999999999996 2429.631184964131 48.40957778124351
3.1999999999999997 2428.2417807625984 46.62493479419468
3.3 2421.0827654212662 49.04292850336019
3.4 2415.1433274631468 48.36933163280756
3.5 2414.3577082162874 50.379110471125486
3.6 2410.0472586101646 48.14021163693518
3.7 2403.579527333747 51.878158070283604
3.8000000000000003 2400.7386698784785 50.398799007101196
3.9000000000000004 2397.8612597971533 50.62236905976676
4.0 2395.819120489346 51.647354924575836
