# Rounds: 500, repetitions: 1000
# Good arm ~ N(5.0,5.0), 4 bad arm(s) ~ N(3.9,5.0)
# Observation noise range from 0.5 to 4.0 with step size 0.1

# Observation noise | mean | standard deviation

0.5 2195.275288733822 282.5059127572235
0.6 2205.0156766720584 270.5146461072398
0.7 2196.259414972431 279.57111119825066
0.7999999999999999 2203.206386964141 267.6891364287666
0.8999999999999999 2197.5715710032982 268.0693334291785
0.9999999999999999 2212.2706718629474 269.08279571980523
1.0999999999999999 2212.467800360815 261.47783550066856
1.1999999999999997 2235.732249906454 258.763117765753
1.2999999999999996 2230.29270083622 269.7257715861284
1.3999999999999995 2230.6114824038987 259.1758644365305
1.4999999999999993 2239.8771088804265 256.16095258418915
1.5999999999999992 2250.8334980358322 254.51630812075945
1.699999999999999 2250.6961231357745 247.4671970597592
1.799999999999999 2239.563188629626 243.21359084182527
1.8999999999999988 2254.6185780480437 241.76707278212874
1.9999999999999987 2242.8893346885457 245.47923776808344
2.0999999999999988 2259.5197135211447 242.18342088026978
2.199999999999999 2257.518855243733 231.0876047291176
2.299999999999999 2255.394384893475 228.50962036607112
2.399999999999999 2274.566526865204 221.70114690761017
2.499999999999999 2256.3542869932367 235.3813306871073
2.599999999999999 2271.312476238134 224.9021821323053
2.6999999999999993 2262.7008027730158 210.8407454876392
2.7999999999999994 2255.0587187852993 217.26046057625007
2.8999999999999995 2257.6790314631903 214.28091551300747
2.9999999999999996 2265.966065851796 211.30972728195118
3.0999999999999996 2261.469015013638 208.69419613857474
3.1999999999999997 2266.1317150287914 202.939566548855
3.3 2255.6607361556958 208.70553002789902
3.4 2268.0283865705164 198.750179340082
3.5 2260.5088958724727 197.0459130594936
3.6 2251.72216507307 196.6832773857408
3.7 2270.5057565599413 192.73620069912621
3.8000000000000003 2256.1778914715983 194.25015337752404
3.9000000000000004 2253.852849523239 185.03066353470226
4.0 2255.2070159944087 186.06631998035564
