# Rounds: 500, repetitions: 1000
# Good arm ~ N(5.0,3.0), 4 bad arm(s) ~ N(2.4,3.0)
# Observation noise range from 0.5 to 4.0 with step size 0.1

# Observation noise | mean | standard deviation

0.5 2287.2050935713423 444.9463301605163
0.6 2332.579847869198 384.90033297448167
0.7 2351.6965886348876 351.69372010781325
0.7999999999999999 2357.9698154907596 331.8793583983436
0.8999999999999999 2377.7042500767657 307.89452912322207
0.9999999999999999 2388.9178769288696 285.9630714950329
1.0999999999999999 2393.7324871958103 273.37170748938485
1.1999999999999997 2414.0949037937853 221.5156301788146
1.2999999999999996 2416.015660168493 213.65696214408302
1.3999999999999995 2423.6828558761777 182.75807644446942
1.4999999999999993 2411.8523157328063 202.50361832944273
1.5999999999999992 2433.4739825871548 159.15242550165314
1.699999999999999 2427.477003323513 153.3163353291702
1.799999999999999 2429.986524070598 140.89747318773445
1.8999999999999988 2432.273060832518 112.94460211019229
1.9999999999999987 2433.305818594684 105.63088302811009
2.0999999999999988 2427.9457463655017 114.39848098536743
2.199999999999999 2425.805768500344 95.02813027646683
2.299999999999999 2429.0949747400014 85.88405272283993
2.399999999999999 2426.0648774181736 86.36728952656391
2.499999999999999 2419.7344466485333 83.89672314694978
2.599999999999999 2420.1603473013624 86.79178530827157
2.6999999999999993 2415.0905288783865 92.93990501879757
2.7999999999999994 2415.531808954614 80.43276967288936
2.8999999999999995 2409.3113839621064 79.8475028674063
2.9999999999999996 2406.0484260688854 81.94701619842861
3.0999999999999996 2402.6659417228416 80.76218508689922
3.1999999999999997 2399.894449507625 83.27838055225372
3.3 2392.164474662135 85.31230080531236
3.4 2388.470621999909 82.22808236775391
3.5 2384.4426538049443 84.12218506356578
3.6 2379.5407159181004 77.79369066171577
3.7 2379.0530713574203 84.58184600448891
3.8000000000000003 2372.4286700953835 85.21500489452272
3.9000000000000004 2370.731317314259 82.23325585228905
4.0 2363.9392260803916 85.29289254316718
