# Rounds: 500, repetitions: 1000
# Good arm ~ N(5.0,1.0), 4 bad arm(s) ~ N(4.6,1.0)
# Observation noise range from 0.5 to 4.0 with step size 0.1

# Observation noise | mean | standard deviation

0.5 2453.536011660708 67.85899342085405
0.6 2459.4920405662247 54.533763083615156
0.7 2457.7901894380775 51.020812155531075
0.7999999999999999 2456.4228664583065 46.20802296245334
0.8999999999999999 2453.085426609973 44.51257239622635
0.9999999999999999 2449.360499232539 42.54842219361666
1.0999999999999999 2445.82462279076 36.45350970398008
1.1999999999999997 2442.519266804775 36.09088801034884
1.2999999999999996 2435.8519961414786 36.050271530992866
1.3999999999999995 2433.4689040643993 35.52288382517421
1.4999999999999993 2430.5819397696505 33.992705819788036
1.5999999999999992 2423.7060615238374 36.54125057368424
1.699999999999999 2421.180536187119 34.60108850955906
1.799999999999999 2419.594144784559 33.48158054650706
1.8999999999999988 2415.371029073526 33.404390005349676
1.9999999999999987 2410.479117527522 32.537689855209436
2.0999999999999988 2408.788296222869 32.24550215868451
2.199999999999999 2405.0014427579713 31.829141246785795
2.299999999999999 2403.2214809797415 31.182820613041176
2.399999999999999 2401.578074145032 32.12478155699125
2.499999999999999 2397.0180468780754 29.9740196868098
2.599999999999999 2396.023861605098 31.43589439690482
2.6999999999999993 2392.1957506160416 31.511881917427203
2.7999999999999994 2394.0036653211 28.93749537842399
2.8999999999999995 2389.777211164966 31.193210040046992
2.9999999999999996 2388.0543777623034 28.5301463516807
3.0999999999999996 2384.3472793048827 28.254688336496905
3.1999999999999997 2384.880011951884 29.769123937561783
3.3 2384.6250253690005 29.766757314797097
3.4 2379.094668940797 28.80049662277461
3.5 2379.8503716400865 27.31100839487636
3.6 2378.263887754254 27.590341976663215
3.7 2377.4199664246353 28.549122087509115
3.8000000000000003 2375.66534202946 26.78096153399037
3.9000000000000004 2375.3562106338204 27.525697684093092
4.0 2373.126906986532 27.798580534281633
