# Rounds: 500, repetitions: 1000
# Good arm ~ N(5.0,0.0), 4 bad arm(s) ~ N(1.0,0.0)
# Observation noise range from 0.5 to 4.0 with step size 0.1

# Observation noise | mean | standard deviation

0.5 2487.691999999996 3.3051565863148147
0.6 2487.6000000000045 3.564927588143818
0.7 2487.387999999999 3.5628850879800296
0.7999999999999999 2487.276000000002 3.907312515155492
0.8999999999999999 2487.1960000000004 4.033094326921893
0.9999999999999999 2486.792000000002 4.260385767379204
1.0999999999999999 2486.072000000001 4.762509579780101
1.1999999999999997 2484.8759999999975 5.665396784049658
1.2999999999999996 2483.248000000001 5.3932906081151675
1.3999999999999995 2480.1199999999994 5.4220843777093135
1.4999999999999993 2477.972000000003 5.501771122600957
1.5999999999999992 2475.260000000004 4.998137791356046
1.699999999999999 2472.7960000000016 4.937890922931197
1.799999999999999 2470.7520000000018 4.8820416149732395
1.8999999999999988 2468.047999999999 4.955628542804097
1.9999999999999987 2465.5280000000002 5.677450964072704
2.0999999999999988 2463.040000000001 5.425480240111061
2.199999999999999 2460.196 5.74478777559156
2.299999999999999 2457.292000000003 5.7629808214106975
2.399999999999999 2454.2000000000003 6.230796323330062
2.499999999999999 2451.191999999999 6.113633331539597
2.599999999999999 2447.816000000002 6.088284751160368
2.6999999999999993 2444.888 6.336845556869073
2.7999999999999994 2441.712000000002 6.682642719292599
2.8999999999999995 2437.8120000000026 7.002691889101968
2.9999999999999996 2434.744000000002 7.0051078175525285
3.0999999999999996 2430.728000000002 7.624181539296131
3.1999999999999997 2426.86 7.875685774992964
3.3 2423.9440000000013 7.739817101764744
3.4 2419.804000000002 8.338772039042615
3.5 2416.0359999999996 8.682516345512406
3.6 2412.1800000000053 8.748722200421035
3.7 2407.944 9.00610759284904
3.8000000000000003 2404.3800000000006 8.641891128814517
3.9000000000000004 2400.1119999999974 9.227817109620737
4.0 2395.987999999999 9.5185323689347
