# Rounds: 500, repetitions: 1000
# Good arm ~ N(5.0,1.0), 4 bad arm(s) ~ N(4.7,1.0)
# Observation noise range from 0.5 to 4.0 with step size 0.1

# Observation noise | mean | standard deviation

0.5 2454.371976965863 53.45202865493946
0.6 2454.9878242672944 49.17510386188857
0.7 2453.069853772474 47.490361609980724
0.7999999999999999 2454.002529722515 41.533259243173745
0.8999999999999999 2448.719757310703 39.5047646644618
0.9999999999999999 2448.18066446999 37.472188068479504
1.0999999999999999 2444.740523772866 36.02735531604672
1.1999999999999997 2440.994469420552 35.34992751174278
1.2999999999999996 2434.6066982262446 33.28881778202714
1.3999999999999995 2435.185545322414 33.40139276866741
1.4999999999999993 2431.1129777408414 33.35386231137295
1.5999999999999992 2428.2741229234703 32.308743337845584
1.699999999999999 2426.147499640967 31.51384858854136
1.799999999999999 2423.9539257217375 31.082767212733554
1.8999999999999988 2421.389781879805 29.388279100499624
1.9999999999999987 2419.675750056675 30.44173697941868
2.0999999999999988 2418.3982186990766 29.507677734798186
2.199999999999999 2414.7536800176285 29.467598659965827
2.299999999999999 2413.143534618977 27.814520798638725
2.399999999999999 2411.290191975839 28.449335054965193
2.499999999999999 2411.423815397835 26.70382484990536
2.599999999999999 2408.0322682328874 27.140432613093004
2.6999999999999993 2409.1401251412544 27.71688638863003
2.7999999999999994 2408.620612165451 25.88852293186329
2.8999999999999995 2404.363003243519 26.849071344732753
2.9999999999999996 2405.965703587856 26.351284686407432
3.0999999999999996 2404.5192139386236 26.839762269915138
3.1999999999999997 2402.129626868578 27.261466135427856
3.3 2403.084468881773 25.801247085954664
3.4 2403.357965197701 25.680531334671183
3.5 2402.2127682614523 26.254717618970478
3.6 2400.2920942934206 25.992890762033124
3.7 2399.6779118519394 25.082702898725493
3.8000000000000003 2399.7462210413823 24.678763109829298
3.9000000000000004 2399.9424695583816 24.37739935309109
4.0 2397.0610183776107 24.96558854887138
