# Rounds: 500, repetitions: 1000
# Good arm ~ N(5.0,3.0), 4 bad arm(s) ~ N(0.5,3.0)
# Observation noise range from 0.5 to 4.0 with step size 0.1

# Observation noise | mean | standard deviation

0.5 2403.187704057244 386.83236744016324
0.6 2390.5151275499393 393.38267209155487
0.7 2415.5649431499087 331.42402423627044
0.7999999999999999 2432.298286982453 276.5636774175106
0.8999999999999999 2455.53555487629 175.92225135735532
0.9999999999999999 2456.8652705932345 156.72770360175267
1.0999999999999999 2455.9861779249763 167.10376011748735
1.1999999999999997 2458.348437209758 148.4848682325098
1.2999999999999996 2454.8389006806024 142.6490562357272
1.3999999999999995 2460.2339774825227 114.14068504852767
1.4999999999999993 2460.507522685165 80.83618046311813
1.5999999999999992 2460.7699903243797 79.43487541474327
1.699999999999999 2461.445687299935 80.80820850244146
1.799999999999999 2459.691973152756 100.00421210565104
1.8999999999999988 2455.9771191682125 102.12093363595118
1.9999999999999987 2453.4636170107983 71.64601759875201
2.0999999999999988 2453.84304528853 71.01672908952563
2.199999999999999 2452.5447780398626 73.29477268088392
2.299999999999999 2451.45101153689 71.97358229205656
2.399999999999999 2443.6434354060357 75.27852799793487
2.499999999999999 2446.885938284791 71.95583019781176
2.599999999999999 2439.7376715623113 71.51574999778818
2.6999999999999993 2435.9950562895237 72.11603858284504
2.7999999999999994 2435.866559566099 72.03983151777582
2.8999999999999995 2430.513853562239 73.78494720956908
2.9999999999999996 2426.859901849814 70.3880172685809
3.0999999999999996 2427.075414768384 73.72789574788094
3.1999999999999997 2420.4085700903347 75.00385780525109
3.3 2418.77143318246 72.62425699216222
3.4 2412.773415054911 72.06249719979685
3.5 2409.193945601979 74.89027156852512
3.6 2400.8044583330593 74.19694405668794
3.7 2402.8152784870567 76.15527420769915
3.8000000000000003 2399.260892410815 72.1544073967854
3.9000000000000004 2394.3583426763444 74.88630408871525
4.0 2388.7740187648265 78.2509866824379
