# Rounds: 500, repetitions: 1000
# Good arm ~ N(5.0,2.0), 4 bad arm(s) ~ N(1.4,2.0)
# Observation noise range from 0.5 to 4.0 with step size 0.1

# Observation noise | mean | standard deviation

0.5 2466.3610301376075 148.03440843796696
0.6 2473.0865824001485 117.89440898364873
0.7 2475.5890716767076 73.8204013487644
0.7999999999999999 2479.6047610769124 68.86010921024057
0.8999999999999999 2474.240784744641 93.2778977172139
0.9999999999999999 2478.9245243393507 48.05375200642246
1.0999999999999999 2475.610029838008 66.11687384475526
1.1999999999999997 2475.258134284872 52.61079073884131
1.2999999999999996 2473.8415131789725 49.19927779590764
1.3999999999999995 2470.6996060101987 46.75702789340256
1.4999999999999993 2470.650691147634 46.563680901114076
1.5999999999999992 2469.6307024281145 47.843516635892115
1.699999999999999 2467.015462473624 47.49193419126969
1.799999999999999 2465.3875881466433 47.56763540485933
1.8999999999999988 2461.9586512213436 47.8747668271427
1.9999999999999987 2455.781258145284 48.99760983685422
2.0999999999999988 2457.417599119379 47.6288630880983
2.199999999999999 2451.2201823246482 48.02859083368104
2.299999999999999 2451.8421092731232 48.85155110537403
2.399999999999999 2448.316252696086 49.08270552352206
2.499999999999999 2444.776439718019 47.764670819703795
2.599999999999999 2438.96748332618 48.437222307443484
2.6999999999999993 2440.5926287973152 50.08925991177055
2.7999999999999994 2435.057384599949 49.84266459944769
2.8999999999999995 2431.458272733887 47.686135151530856
2.9999999999999996 2429.593910809047 48.83100486387241
3.0999999999999996 2423.2656433167717 47.42692602734511
3.1999999999999997 2419.4049605624286 50.64454672421088
3.3 2417.9654399863 48.747912882599856
3.4 2413.6975170484166 49.91251202850099
3.5 2407.240165977844 49.60505191677487
3.6 2403.9818999125814 50.56052998658151
3.7 2403.554968016757 52.751762627299684
3.8000000000000003 2395.6115573749726 51.07542258870189
3.9000000000000004 2391.4568732337425 52.07747937659686
4.0 2386.8853316297113 52.95324738281109
