# Rounds: 500, repetitions: 1000
# Good arm ~ N(5.0,3.0), 4 bad arm(s) ~ N(1.6,3.0)
# Observation noise range from 0.5 to 4.0 with step size 0.1

# Observation noise | mean | standard deviation

0.5 2347.2612696994925 427.032995639119
0.6 2390.5247539894904 354.4909228624167
0.7 2368.477262453196 384.6325201256859
0.7999999999999999 2404.1750036546678 314.2354454200391
0.8999999999999999 2415.562931353774 291.985632392088
0.9999999999999999 2424.200578265973 244.89324710539123
1.0999999999999999 2439.014830012158 198.1396459669442
1.1999999999999997 2442.751444217497 182.26992366683638
1.2999999999999996 2434.0690518605065 212.88220941898817
1.3999999999999995 2441.284361179299 178.5065141907772
1.4999999999999993 2450.9658742494894 106.75565964662222
1.5999999999999992 2442.463896562776 150.26806352054246
1.699999999999999 2448.9149006787607 103.78719220356051
1.799999999999999 2444.935513016154 101.41643785164601
1.8999999999999988 2442.6809420189584 103.26054186022265
1.9999999999999987 2443.8785059991687 85.68402345956024
2.0999999999999988 2445.426258868039 77.44920595807994
2.199999999999999 2438.8479713670304 100.4268350883649
2.299999999999999 2440.265501684789 77.27063920463272
2.399999999999999 2434.5426402777084 73.78336375132504
2.499999999999999 2432.4189918016173 72.45027254346591
2.599999999999999 2432.8460580519054 71.64536041867959
2.6999999999999993 2425.513893093442 79.41086814632243
2.7999999999999994 2420.715420128318 73.83538998813113
2.8999999999999995 2418.7195461448505 76.17175866708337
2.9999999999999996 2419.354015870646 77.17857259986879
3.0999999999999996 2412.5773636333697 79.28200751171623
3.1999999999999997 2409.6206560199066 75.1624632179533
3.3 2405.487926160948 72.92866675419506
3.4 2401.7705055944966 76.91128208349531
3.5 2399.1694980080924 77.52951912514877
3.6 2397.549312627719 73.5920864400544
3.7 2390.8155698398396 72.82768840265982
3.8000000000000003 2384.2558821282723 79.33314718958462
3.9000000000000004 2383.529987619323 77.39754823892096
4.0 2382.3321346953285 79.09953459859844
