# Rounds: 500, repetitions: 1000
# Good arm ~ N(5.0,2.0), 4 bad arm(s) ~ N(0.8,2.0)
# Observation noise range from 0.5 to 4.0 with step size 0.1

# Observation noise | mean | standard deviation

0.5 2480.880559745773 69.23413135747691
0.6 2476.502830826862 80.66648235427952
0.7 2476.50517322479 77.33963568779092
0.7999999999999999 2477.010829207576 72.61797259320134
0.8999999999999999 2477.7289065366717 82.91782469540966
0.9999999999999999 2479.93536241589 48.46854898475129
1.0999999999999999 2477.1961767585253 46.27846621576269
1.1999999999999997 2476.6757499621344 45.79036796690896
1.2999999999999996 2474.695062190438 56.075047309558364
1.3999999999999995 2473.776527201174 47.83850241679159
1.4999999999999993 2472.16331674028 45.452716124258316
1.5999999999999992 2470.622409104085 44.85189208463629
1.699999999999999 2468.9826678243535 46.25834628907701
1.799999999999999 2464.676937471766 47.12836848967487
1.8999999999999988 2462.640135943497 47.14008602257035
1.9999999999999987 2461.7442555870352 46.105365848929004
2.0999999999999988 2460.1210532823056 44.212338420151035
2.199999999999999 2456.121312307543 47.37744047751444
2.299999999999999 2454.3023061391805 45.10203766314155
2.399999999999999 2450.8104618269786 45.71888824342308
2.499999999999999 2445.111444910995 46.24793393440014
2.599999999999999 2444.4867548422276 49.31334958231474
2.6999999999999993 2440.492040405169 50.805296342327956
2.7999999999999994 2437.025755116845 48.22125910478114
2.8999999999999995 2436.77405927907 49.25957678938831
2.9999999999999996 2428.121491803806 48.57558087274954
3.0999999999999996 2427.4258461973996 49.40905854464314
3.1999999999999997 2427.141043657634 47.995953758362376
3.3 2417.0884116163347 47.329874343863935
3.4 2416.9012975739947 47.421756848727235
3.5 2412.9524954035724 49.81286038458142
3.6 2410.5097801565735 47.025906381983894
3.7 2404.2670352755176 51.61720470967711
3.8000000000000003 2400.4663866221363 50.91808909540697
3.9000000000000004 2397.5521019945154 49.299648249104266
4.0 2394.1686043819623 48.068412044821144
