# Rounds: 500, repetitions: 1000
# Good arm ~ N(5.0,1.0), 4 bad arm(s) ~ N(2.8,1.0)
# Observation noise range from 0.5 to 4.0 with step size 0.1

# Observation noise | mean | standard deviation

0.5 2489.930847520488 24.614001379792292
0.6 2486.604866397324 34.81169784434324
0.7 2487.937490739682 23.053915249652935
0.7999999999999999 2486.488390008431 23.14332614422665
0.8999999999999999 2484.455740535903 24.342134400372938
0.9999999999999999 2483.1673680060235 23.409052101623427
1.0999999999999999 2481.7018723205865 23.627195657072175
1.1999999999999997 2477.663223443085 23.641053963859736
1.2999999999999996 2475.649938237315 24.328509152140402
1.3999999999999995 2474.1679609193834 25.27288538311498
1.4999999999999993 2469.441493425202 24.376666199169414
1.5999999999999992 2467.2648201454654 24.819121893929413
1.699999999999999 2464.741442320719 24.250991829911122
1.799999999999999 2461.4839133964697 25.2564116756174
1.8999999999999988 2455.9696812298084 24.45197495998193
1.9999999999999987 2452.103187558825 24.72812920409926
2.0999999999999988 2450.103462241365 24.750117597751572
2.199999999999999 2447.3489790541853 24.287205257324732
2.299999999999999 2444.340728903002 24.843084876613734
2.399999999999999 2440.5258800413108 25.54832997518481
2.499999999999999 2436.5609695694384 26.41325443499402
2.599999999999999 2431.1482782329267 25.753925872439225
2.6999999999999993 2429.2821638566293 26.75591177853351
2.7999999999999994 2423.3604236579868 26.837646929275085
2.8999999999999995 2418.970519072747 27.360000529397897
2.9999999999999996 2416.0206663911767 26.70836969837162
3.0999999999999996 2411.4736770109303 27.19972530572143
3.1999999999999997 2406.0134804192708 26.941426885071433
3.3 2403.69450509215 27.999863708576708
3.4 2398.701855069675 28.365391128348996
3.5 2394.2592390418313 27.499770402136104
3.6 2388.2603064488635 28.91046368312795
3.7 2386.110576230513 29.348571981150574
3.8000000000000003 2381.9060979310843 28.054805664379938
3.9000000000000004 2376.506286484211 29.33086351292959
4.0 2372.408467031439 28.708405643782797
