# Rounds: 500, repetitions: 1000
# Good arm ~ N(5.0,3.0), 4 bad arm(s) ~ N(2.5,3.0)
# Observation noise range from 0.5 to 4.0 with step size 0.1

# Observation noise | mean | standard deviation

0.5 2297.3710937577807 420.172792439916
0.6 2331.0615108946045 374.9436079566242
0.7 2337.635370425529 369.1978483910958
0.7999999999999999 2368.1822720141395 330.7602329520286
0.8999999999999999 2372.517891116178 297.7668990245169
0.9999999999999999 2390.1823704825297 279.824994764465
1.0999999999999999 2398.6395479803 256.2246230736618
1.1999999999999997 2404.420098621652 233.80860656674113
1.2999999999999996 2405.2970483371537 234.4884589103039
1.3999999999999995 2414.0407315210564 203.33241029123388
1.4999999999999993 2407.9257288174776 206.2016435414745
1.5999999999999992 2428.551468351226 146.19936195961017
1.699999999999999 2422.9502264070793 171.12845865723799
1.799999999999999 2424.9262539421366 132.18293822076947
1.8999999999999988 2423.7871660634164 128.84605460511875
1.9999999999999987 2430.679815972263 96.7983687549709
2.0999999999999988 2426.5176032853064 106.82193914742344
2.199999999999999 2426.88856064887 92.24162687576957
2.299999999999999 2416.420978476427 98.18286865734815
2.399999999999999 2421.1915474495772 88.82025679751881
2.499999999999999 2422.501810794742 100.5298471837099
2.599999999999999 2418.500778687937 92.40473899341504
2.6999999999999993 2414.764415539987 84.61993201555227
2.7999999999999994 2409.9209433046635 92.42782531540811
2.8999999999999995 2401.8159902774087 92.30417137670416
2.9999999999999996 2402.7276237216283 83.44150130627611
3.0999999999999996 2399.432270825239 87.12492236232004
3.1999999999999997 2385.96295892955 84.50888133016797
3.3 2389.0503998093845 81.69056086964454
3.4 2392.094737350602 81.5441360170511
3.5 2383.176817674299 85.97543748862493
3.6 2376.6611726110395 87.70119795538878
3.7 2373.5785749251477 82.41047545716336
3.8000000000000003 2370.5440837049596 81.91917998181921
3.9000000000000004 2367.611676808356 83.78200314438584
4.0 2358.9032256846335 84.9847581898818
