# Rounds: 500, repetitions: 1000
# Good arm ~ N(5.0,3.0), 4 bad arm(s) ~ N(2.2,3.0)
# Observation noise range from 0.5 to 4.0 with step size 0.1

# Observation noise | mean | standard deviation

0.5 2318.9545346623154 422.7101504921441
0.6 2343.8433419999524 390.17169424585137
0.7 2357.103942508479 366.76409651683866
0.7999999999999999 2368.006239088635 346.49215569780955
0.8999999999999999 2364.6869076439066 345.5000196126075
0.9999999999999999 2391.889102598245 278.7189072326615
1.0999999999999999 2412.7688506378104 232.36468619254157
1.1999999999999997 2408.02988163252 256.22025335671606
1.2999999999999996 2418.8716828954944 213.49829588691
1.3999999999999995 2432.2584307575303 172.06803999371388
1.4999999999999993 2435.069345092722 164.06400220688766
1.5999999999999992 2430.59898201587 152.47381508969016
1.699999999999999 2441.8668270761536 117.39352214761364
1.799999999999999 2428.490104976137 144.3079648808986
1.8999999999999988 2437.6825361798014 104.32145021728141
1.9999999999999987 2434.762387633831 115.81921015330056
2.0999999999999988 2428.780715979663 110.81314782520116
2.199999999999999 2431.621705786374 105.88106054930488
2.299999999999999 2430.6282825222497 81.33807985171198
2.399999999999999 2427.2377722920833 83.87531368912458
2.499999999999999 2423.7606249165397 94.3649272069021
2.599999999999999 2427.3001462659367 83.1238694666386
2.6999999999999993 2417.656772322448 83.54317916527133
2.7999999999999994 2418.6469252231996 83.87187432120888
2.8999999999999995 2410.4625743566835 78.99729523878918
2.9999999999999996 2406.2411903474267 85.29626372576749
3.0999999999999996 2402.9477536837285 81.39675710301314
3.1999999999999997 2398.686659082941 81.34007661727415
3.3 2395.084722936191 81.54416251494266
3.4 2396.9970642837925 83.20431842651021
3.5 2383.1459643728094 79.82209824533719
3.6 2390.7624090985782 81.84776089371749
3.7 2381.390433201929 82.32732398645476
3.8000000000000003 2381.5572687059216 80.48938660065343
3.9000000000000004 2370.6565019087493 80.89271235391197
4.0 2369.6612323666177 78.73655433545754
