# Rounds: 1000, repetitions: 1000
# Good arm ~ N(5.0,3.0), 13 bad arm(s) ~ N(4.0,3.0)
# Observation noise range from 0.5 to 8.0 with step size 0.1

# Observation noise | mean | standard deviation

0.5 4477.5649999724665 449.33597807752767
0.6 4531.48328008226 434.27600141254027
0.7 4542.4578154372975 429.022583400469
0.7999999999999999 4574.2794124902275 414.88482408965695
0.8999999999999999 4579.972376799872 400.5518121320803
0.9999999999999999 4602.967737770415 378.1001557624284
1.0999999999999999 4590.474329117701 380.51479339403306
1.1999999999999997 4619.273684973554 350.8921007423788
1.2999999999999996 4620.831187596667 335.55118631615323
1.3999999999999995 4632.365080929068 321.2135091349255
1.4999999999999993 4622.675932110164 322.65611687688204
1.5999999999999992 4620.3921836879035 308.0457109574973
1.699999999999999 4611.083767892684 303.7277995727649
1.799999999999999 4610.974670009746 280.0119408273052
1.8999999999999988 4601.556839602542 268.4116967818547
1.9999999999999987 4611.102750250267 255.53528701261283
2.0999999999999988 4587.533004629408 248.5229455234537
2.199999999999999 4573.826145538025 246.78633054147542
2.299999999999999 4574.833015184131 241.68889216389698
2.399999999999999 4545.468835052211 246.48649109480954
2.499999999999999 4547.273599431623 220.56121445336686
2.599999999999999 4544.262378911846 225.0648663946779
2.6999999999999993 4522.884104823235 211.4368526529727
2.7999999999999994 4517.830120308298 203.41631688515852
2.8999999999999995 4508.731316001628 207.03740628936612
2.9999999999999996 4498.664586714941 207.67180914406384
3.0999999999999996 4481.479679874557 203.29207519120405
3.1999999999999997 4482.65266236863 193.6553583327604
3.3 4455.689022457024 195.86683420906317
3.4 4447.426500625093 197.0470894512339
3.5 4453.371489920319 192.55494347095697
3.6 4421.694531323307 189.62837382981533
3.7 4415.274631519769 189.73780642000239
3.8000000000000003 4409.232425690793 183.8268121464389
3.9000000000000004 4404.52236883285 181.03887866503013
4.0 4396.0455241652135 176.75726649252678
4.1 4381.344215835888 176.7911072984738
4.199999999999999 4375.701716585868 175.90068719331464
4.299999999999999 4368.962151805923 170.93563053162578
4.399999999999999 4367.081988414007 161.33196563747424
4.499999999999998 4346.836815617939 167.638718153427
4.599999999999998 4349.6373839054 165.85370311546336
4.6999999999999975 4346.561979173698 168.67921558446105
4.799999999999997 4331.27936221651 166.3977683893844
4.899999999999997 4324.924814654539 157.15700446258847
4.9999999999999964 4303.382779682693 163.37576302834708
5.099999999999996 4310.141027292567 158.34191994359236
5.199999999999996 4296.455615359434 153.14564488849857
5.299999999999995 4301.748311675679 150.568775692781
5.399999999999995 4296.322640609753 153.66789560479808
5.499999999999995 4286.482126913466 147.41321259693635
5.599999999999994 4287.552147854574 146.12877136950004
5.699999999999994 4280.4241267591215 147.09404285627573
5.799999999999994 4266.701437922352 145.2450511166253
5.899999999999993 4273.182543226938 143.57869231813163
5.999999999999993 4265.20818387942 139.2860977628797
6.0999999999999925 4258.658753236957 146.32535090715163
6.199999999999992 4258.58167819259 140.4413523042454
6.299999999999992 4244.551057163014 138.36177926385756
6.3999999999999915 4252.563829656937 139.70872957886834
6.499999999999991 4245.978159573952 132.1912848668868
6.599999999999991 4246.0158733601975 140.17945723895963
6.69999999999999 4234.168656712311 134.43593377821617
6.79999999999999 4236.273443491727 129.98645920350572
6.89999999999999 4232.808518990407 135.02451657867314
6.999999999999989 4230.024821509883 136.74639485216468
7.099999999999989 4230.167833818052 137.05291613310445
7.199999999999989 4226.18792613812 132.49847294062025
7.299999999999988 4219.977399860083 135.07093366735836
7.399999999999988 4222.700307748449 128.90781704274568
7.499999999999988 4208.2058969465725 125.10297153472891
7.599999999999987 4203.064561539246 122.23492985173598
7.699999999999987 4201.504258547318 125.07594598161516
7.7999999999999865 4204.649244844898 126.63494174378228
7.899999999999986 4204.031801375409 119.33257075749337
7.999999999999986 4201.978566589484 125.60793547585402
