# Rounds: 10000, repetitions: 1000
# Good arm ~ N(5.0,5.0), 13 bad arm(s) ~ N(0.5,5.0)
# Observation noise range from 0.5 to 8.0 with step size 0.1

# Observation noise | mean | standard deviation

0.5 43852.723849163645 14964.96705289715
0.6 44208.650445121515 14468.764926272737
0.7 45189.78661113832 13211.626139634309
0.7999999999999999 46050.874349194375 12020.554907713913
0.8999999999999999 46413.79867947117 11415.700544136911
0.9999999999999999 47047.6948962938 10091.899779883941
1.0999999999999999 47762.69284027533 8564.251090425876
1.1999999999999997 47733.04365224906 8729.600483564798
1.2999999999999996 48339.30946455306 7217.235811981748
1.3999999999999995 48708.665858861794 6351.187780713183
1.4999999999999993 48992.65055696949 5244.907000092602
1.5999999999999992 48990.372977161394 4883.465248547133
1.699999999999999 49249.83395775447 3962.732939122712
1.799999999999999 49332.114815850815 3713.5391536892735
1.8999999999999988 49557.68912618553 1996.164273772102
1.9999999999999987 49537.223764214665 2947.614273280195
2.0999999999999988 49553.307573682905 1879.0171600153844
2.199999999999999 49656.36050691339 818.4360789693737
2.299999999999999 49653.98797254405 710.3063452737235
2.399999999999999 49677.239429141075 580.5739202095556
2.499999999999999 49604.577239783626 936.6323460365512
2.599999999999999 49657.32939184445 556.1247117342277
2.6999999999999993 49661.246790770754 547.9724053571027
2.7999999999999994 49610.647937548296 670.6031006097928
2.8999999999999995 49606.4869882308 525.528928562518
2.9999999999999996 49595.52896665597 722.2458272757788
3.0999999999999996 49550.71582095053 951.7342019459077
3.1999999999999997 49539.11172926029 568.1003411556964
3.3 49555.07146168136 535.6242430682463
3.4 49555.37287180348 495.13251902014224
3.5 49517.468993997674 534.5316609729169
3.6 49498.382314281465 511.49594160590794
3.7 49465.352162907926 504.8946127604996
3.8000000000000003 49452.665733573675 504.0529009983543
3.9000000000000004 49450.926750195555 530.7011452969948
4.0 49404.256688683614 527.871249575289
4.1 49388.02313647447 504.18843769263054
4.199999999999999 49374.30006091348 534.2940953836949
4.299999999999999 49351.55542283735 506.9383841280091
4.399999999999999 49311.497660373 527.8859795920596
4.499999999999998 49297.18409476903 514.7174596345536
4.599999999999998 49292.69704468169 517.2478937722457
4.6999999999999975 49245.48626133041 528.5657923462397
4.799999999999997 49241.33979569042 536.8042889079954
4.899999999999997 49215.63343030887 518.3069564245562
4.9999999999999964 49186.07457823886 523.8307836142882
5.099999999999996 49146.05547483117 507.7850175875567
5.199999999999996 49107.35304276874 516.5977942431158
5.299999999999995 49108.14721957301 515.4352191000339
5.399999999999995 49073.653913782415 512.4674386281445
5.499999999999995 49057.785106494775 527.8257352604414
5.599999999999994 49016.79765290549 520.6083195736927
5.699999999999994 48987.530461421244 523.6052091673263
5.799999999999994 48945.8260340678 519.4855168711131
5.899999999999993 48927.633596118736 515.684437011164
5.999999999999993 48922.3381538421 535.3734112340106
6.0999999999999925 48900.2127038574 558.3368761430347
6.199999999999992 48847.548533439156 523.7117644862238
6.299999999999992 48821.48259046713 517.5045508466206
6.3999999999999915 48805.89942939837 521.1103493265716
6.499999999999991 48796.51666132011 522.8538281425691
6.599999999999991 48714.13548100444 524.9108793346135
6.69999999999999 48676.48535764397 518.0727473005674
6.79999999999999 48693.49557028097 544.3959087084345
6.89999999999999 48648.50207604679 534.1335921501071
6.999999999999989 48572.26646398812 530.0101938940475
7.099999999999989 48613.030718721966 531.9621572568751
7.199999999999989 48561.61303427599 545.5456238519862
7.299999999999988 48469.655396281894 524.4512259242928
7.399999999999988 48496.643038486334 526.9912324850269
7.499999999999988 48432.1489236682 532.0485190975928
7.599999999999987 48381.65576059838 544.6145426977871
7.699999999999987 48377.9943087641 544.2006981897571
7.7999999999999865 48333.99669570925 538.766643719064
7.899999999999986 48308.884471986625 554.7669683346227
7.999999999999986 48256.26427251489 545.5456365891652
