# Rounds: 10000, repetitions: 1000
# Good arm ~ N(5.0,3.0), 13 bad arm(s) ~ N(3.0,3.0)
# Observation noise range from 0.5 to 8.0 with step size 0.1

# Observation noise | mean | standard deviation

0.5 46424.90165833644 7359.290822901352
0.6 46748.5238118368 6966.787256601493
0.7 47492.93956384372 6152.063948989414
0.7999999999999999 48210.84318536177 5142.847382319112
0.8999999999999999 48231.93946444559 5088.014545330652
0.9999999999999999 48717.0153051404 4137.6089980185
1.0999999999999999 48825.92843342186 4019.3230866244357
1.1999999999999997 49203.61512814515 2990.6321666660874
1.2999999999999996 49230.10137973332 2766.159034961882
1.3999999999999995 49533.67888340611 1876.7305940041097
1.4999999999999993 49561.18354110442 1782.5456255990762
1.5999999999999992 49535.574875067236 1586.4617391383515
1.699999999999999 49631.37686052616 1096.9868305127877
1.799999999999999 49624.05418238837 961.2207881698065
1.8999999999999988 49628.52334119486 902.8569217370874
1.9999999999999987 49634.43023008644 456.4437738845763
2.0999999999999988 49613.104589817776 562.757116344089
2.199999999999999 49600.10883532047 380.33238037068895
2.299999999999999 49619.07708349222 349.0268421484221
2.399999999999999 49585.89372965995 377.847878564445
2.499999999999999 49560.89476555837 391.89339426910414
2.599999999999999 49530.69597077488 367.10052098121116
2.6999999999999993 49510.040356039564 346.8326661677072
2.7999999999999994 49460.55482973528 714.5831352161354
2.8999999999999995 49468.07339601759 322.94285948671376
2.9999999999999996 49425.3657608953 328.9987859917972
3.0999999999999996 49399.67402769946 307.24434101033995
3.1999999999999997 49389.32349437642 324.58516895250136
3.3 49342.5000552857 327.9167215228564
3.4 49306.78755694737 328.16145112901694
3.5 49286.78410428126 309.7425015222418
3.6 49249.732948283396 328.92472832353104
3.7 49219.19039974816 332.33096586219847
3.8000000000000003 49186.654398200924 328.54994409482725
3.9000000000000004 49138.42207741193 321.35025893285695
4.0 49131.34208024321 327.19506011999505
4.1 49062.884928872874 342.87999712538897
4.199999999999999 49039.038418153796 320.7106077654261
4.299999999999999 49003.949398969926 322.6445200255335
4.399999999999999 48969.67783072829 333.12337493131986
4.499999999999998 48944.320549887285 335.26430822530153
4.599999999999998 48881.81844082263 337.12387117063986
4.6999999999999975 48874.988588296386 330.83660838774745
4.799999999999997 48813.40116394891 335.22022659525805
4.899999999999997 48797.62416968787 335.4323465552704
4.9999999999999964 48746.67084048976 337.1055977041651
5.099999999999996 48717.9716034784 340.93336777276056
5.199999999999996 48702.27233676959 339.99320327741367
5.299999999999995 48640.02072827517 350.85098784351123
5.399999999999995 48586.16435802164 332.04607384433507
5.499999999999995 48551.05908873647 335.98267186410385
5.599999999999994 48511.78711639814 345.9148249884345
5.699999999999994 48479.73159607832 330.8692519076323
5.799999999999994 48444.61250426001 348.30328726898284
5.899999999999993 48389.19063803965 339.9516284805226
5.999999999999993 48353.73980657447 360.6343957915046
6.0999999999999925 48303.75971387222 339.2837256852231
6.199999999999992 48271.777870221 354.92905243612586
6.299999999999992 48259.97338525566 355.5229324473827
6.3999999999999915 48189.48726456097 362.81104571411277
6.499999999999991 48153.624998737076 360.42509977113934
6.599999999999991 48091.26037412295 357.09978160277075
6.69999999999999 48046.998708527484 365.6517277442749
6.79999999999999 48019.33470535031 360.96373043259587
6.89999999999999 47972.83230340157 361.63895757181274
6.999999999999989 47922.55260490785 349.75854624417076
7.099999999999989 47879.595720861784 361.7556773297701
7.199999999999989 47846.029693459925 376.641119084994
7.299999999999988 47784.68106602681 360.95591788254956
7.399999999999988 47761.637212566806 382.5469927797697
7.499999999999988 47699.7426739378 376.857248155742
7.599999999999987 47684.65371638721 383.3479218515428
7.699999999999987 47609.12393288361 366.3772703812398
7.7999999999999865 47564.172755675645 386.79358446651173
7.899999999999986 47531.60063273861 388.08927628511015
7.999999999999986 47469.15688184576 382.5831952107068
