# Rounds: 10, repetitions: 1000
# Good arm ~ N(5.0,2.0), 3 bad arm(s) ~ N(3.0,2.0)
# Observation noise range from 1.0e-2 to 3.0 with step size 1.0e-2

# Observation noise | mean | standard deviation

1.0e-2 43.479055758956655 9.524163089663562
2.0e-2 43.64968373384503 9.185938158625499
3.0e-2 43.142086233338496 9.380242249475078
3.9999999999999994e-2 43.60452720383671 9.645568860940195
4.999999999999999e-2 43.08212021230439 9.570348317296379
5.9999999999999984e-2 42.78584820472553 9.229951967013912
6.999999999999998e-2 43.39439061369622 9.119468738506429
7.999999999999997e-2 43.60036928444825 9.455895379543605
8.999999999999997e-2 43.45077983222045 9.691708647483686
9.999999999999996e-2 43.04989392490036 9.813600034446859
0.10999999999999996 43.55793268446866 9.203108088865772
0.11999999999999995 43.27301332927624 9.040258778681189
0.12999999999999995 42.84173159024615 9.427156577426208
0.13999999999999996 43.53686067513366 9.642017110810988
0.14999999999999997 43.65255161365522 9.465720456117783
0.15999999999999998 42.660543221919845 9.291977978893494
0.16999999999999998 43.094166430257204 8.994952607567173
0.18 43.19471366669493 9.349453192913048
0.19 43.17913926952135 9.353220913055338
0.2 42.76937724644796 9.370629137385542
0.21000000000000002 43.348874520307994 9.23266025939051
0.22000000000000003 43.28244177709964 9.324538231184068
0.23000000000000004 43.329889251943726 9.303393593068991
0.24000000000000005 43.08699417163908 9.466116262850816
0.25000000000000006 42.81946243064532 9.353150234498134
0.26000000000000006 43.15920392278468 9.294099200345064
0.2700000000000001 43.02911371717247 9.182972648901941
0.2800000000000001 43.22861682658823 9.147745993367364
0.2900000000000001 43.08236569843493 9.421106585642587
0.3000000000000001 43.254527198585826 9.383405540112488
0.3100000000000001 43.07460681392933 9.426880222096466
0.3200000000000001 43.481642771640516 9.487476652143949
0.3300000000000001 43.52313291856994 9.008076803160398
0.34000000000000014 42.881840418094555 9.385709671365785
0.35000000000000014 43.27372956679866 9.580797732456025
0.36000000000000015 42.93020548552714 9.330372801847446
0.37000000000000016 43.4675323101992 9.713093830754447
0.38000000000000017 43.40627153611438 9.456444210813613
0.3900000000000002 42.69695036777843 9.160689920984908
0.4000000000000002 42.553096827210524 9.446869025230594
0.4100000000000002 43.30410981808915 9.57177066172949
0.4200000000000002 42.93745610699333 9.473892677556755
0.4300000000000002 42.84842224133685 9.240375857461022
0.4400000000000002 43.60473386372471 9.89604650691628
0.45000000000000023 43.193801268543815 9.42496369019517
0.46000000000000024 42.70073950529545 9.280492878087072
0.47000000000000025 43.14940803614967 9.035655722592912
0.48000000000000026 42.88057712441244 9.286958498565351
0.49000000000000027 43.14255664869559 9.15724285298091
0.5000000000000002 42.45909522077042 9.415993804544781
0.5100000000000002 43.27483018718566 9.4262198837792
0.5200000000000002 43.03319476194162 9.288756822830283
0.5300000000000002 43.47233737602812 9.410109238757201
0.5400000000000003 42.918151690990534 9.372623337382574
0.5500000000000003 42.617844243088086 9.043124931012471
0.5600000000000003 42.55665563747534 9.143106326444467
0.5700000000000003 42.958146780084626 9.140737515267055
0.5800000000000003 42.73785794925024 9.172271123966482
0.5900000000000003 42.60807915696299 9.367021199443315
0.6000000000000003 42.892750226691554 9.128630906501737
0.6100000000000003 42.77155651397354 9.095149450901715
0.6200000000000003 42.88116900630805 9.366253969022285
0.6300000000000003 42.49085478439169 9.051554846642981
0.6400000000000003 42.45294942522047 9.18378479136129
0.6500000000000004 42.265269316525284 9.130722738085455
0.6600000000000004 43.2244874709746 9.449096225797888
0.6700000000000004 42.824199509588944 8.872864564274341
0.6800000000000004 42.779210705487934 9.262679479627286
0.6900000000000004 42.68346796296544 9.221410081664635
0.7000000000000004 42.87331969387354 9.380483449097328
0.7100000000000004 42.4356980006161 9.221803017957274
0.7200000000000004 42.80643661637626 8.821425677103976
0.7300000000000004 43.0383693880154 9.400861334620014
0.7400000000000004 42.58803936450834 9.502861920216978
0.7500000000000004 42.57991398644426 9.356349077556168
0.7600000000000005 42.4336979068824 9.263870440192001
0.7700000000000005 42.85820842494382 9.262648191010703
0.7800000000000005 42.10134297236901 9.403305971033651
0.7900000000000005 42.29272170197441 9.210719439753117
0.8000000000000005 42.52636841938631 9.296443937951146
0.8100000000000005 42.87007821436103 9.10656046261475
0.8200000000000005 42.425700090828514 9.237389944828076
0.8300000000000005 42.48790286483541 8.994136711477674
0.8400000000000005 42.4069076591013 9.379676111864612
0.8500000000000005 42.787320901945556 9.513782710346089
0.8600000000000005 42.673983718682486 9.376524181993286
0.8700000000000006 42.35752040534738 9.191803285492716
0.8800000000000006 42.86828525662915 9.298489334851634
0.8900000000000006 42.58029731605192 9.156088355320119
0.9000000000000006 42.65171506674836 9.194642646867377
0.9100000000000006 42.55060653339783 9.380364407263354
0.9200000000000006 42.76162234594006 9.534904242851415
0.9300000000000006 42.265430427877476 9.083600968068732
0.9400000000000006 42.54146896576202 9.180688222671547
0.9500000000000006 42.80066313710777 9.056205895092424
0.9600000000000006 42.41667956217558 9.0962132368323
0.9700000000000006 42.50344713027206 9.126561612877584
0.9800000000000006 42.48885898468382 8.745058741121131
0.9900000000000007 42.275237232102015 9.141722709135795
1.0000000000000007 42.96585362881882 9.190685085775424
1.0100000000000007 42.564008435898074 9.272893223586843
1.0200000000000007 42.33613986601041 9.023832633390736
1.0300000000000007 42.10634150843414 9.372227723248578
1.0400000000000007 42.238733053017 8.610896215636593
1.0500000000000007 42.52972073577251 9.205475694260654
1.0600000000000007 42.73694076743703 9.087140732663153
1.0700000000000007 41.831736744160914 9.314581833987964
1.0800000000000007 42.23802563739527 8.860619805632222
1.0900000000000007 42.793924879047786 9.080798571007703
1.1000000000000008 42.77830574860705 9.009380116991077
1.1100000000000008 42.0848442602995 8.913714136366162
1.1200000000000008 42.661911912426845 8.911553570164301
1.1300000000000008 42.343050671684416 8.923346936903462
1.1400000000000008 42.29494398769301 9.514258939636353
1.1500000000000008 42.277812212394196 8.982313662760124
1.1600000000000008 42.47851123589933 9.237524992902943
1.1700000000000008 41.95262424793697 9.068642199904069
1.1800000000000008 41.86345152954121 8.907611837265788
1.1900000000000008 42.628960301950286 8.965248369137216
1.2000000000000008 41.92210314156897 8.861550148380157
1.2100000000000009 42.27843911216709 8.790119505208958
1.2200000000000009 42.321772205257986 9.12191130848806
1.2300000000000009 41.634816305965856 9.008707823307027
1.2400000000000009 42.249560670274334 8.78947972508803
1.2500000000000009 42.16169979022151 9.029803248017688
1.260000000000001 41.98261234159164 9.32633706717401
1.270000000000001 42.014825447316426 8.994672977669468
1.280000000000001 41.61880621343656 8.922618872946654
1.290000000000001 41.37338101399878 8.854579502837666
1.300000000000001 41.88158452060837 8.91839952801805
1.310000000000001 42.245529313917416 8.983045492101946
1.320000000000001 42.19055713429853 8.87107937557664
1.330000000000001 42.48219416948938 9.041041562960613
1.340000000000001 42.213512253278864 9.087000051001928
1.350000000000001 42.020709121209336 8.534768917046982
1.360000000000001 41.98424223590834 8.847465702200457
1.370000000000001 42.25129618562212 9.417077011943434
1.380000000000001 41.95439864576181 9.091007139177227
1.390000000000001 41.397127394387965 8.970237926838248
1.400000000000001 41.83724745354191 8.899253755695579
1.410000000000001 42.46164700588079 9.097213844396698
1.420000000000001 41.92136478829107 9.087951284511286
1.430000000000001 41.42186513953458 9.221361821231847
1.440000000000001 42.052439603231605 8.848520856904637
1.450000000000001 41.45055430245568 9.007145709332304
1.460000000000001 41.316606878383126 9.243618823384987
1.470000000000001 41.59222157825593 9.216553114930331
1.480000000000001 42.14826514632808 8.964404196546456
1.490000000000001 42.07812507726046 9.012894645376626
1.500000000000001 41.76512159081279 9.351225870916199
1.5100000000000011 41.33407618663882 8.913819171902054
1.5200000000000011 41.82821964464045 8.864977211791693
1.5300000000000011 41.60044618610988 8.977070423024887
1.5400000000000011 41.076852826029345 8.794398325947178
1.5500000000000012 41.79669822762292 9.192978032704044
1.5600000000000012 41.89299989030484 9.088148916643988
1.5700000000000012 41.1665522117413 8.703286427092221
1.5800000000000012 41.558623959778444 8.373435466687717
1.5900000000000012 41.56514324696343 8.735330681712178
1.6000000000000012 41.34190424620136 8.564610198275943
1.6100000000000012 41.23059935820099 8.687056705920499
1.6200000000000012 41.544329964408725 9.332699545136036
1.6300000000000012 41.47915306075111 9.04000912091567
1.6400000000000012 41.58133714528445 8.907224072843432
1.6500000000000012 41.41390079500392 8.490054033665121
1.6600000000000013 41.25207591015089 8.567395039672228
1.6700000000000013 41.35724840600318 9.05352223128105
1.6800000000000013 41.13341206353115 8.437612024273225
1.6900000000000013 41.69199341626721 9.123340318366308
1.7000000000000013 41.41073267402889 8.877450284345738
1.7100000000000013 40.91134387983732 8.570269469043103
1.7200000000000013 41.64983938516959 8.927936715374216
1.7300000000000013 41.98492262418852 9.135912916936702
1.7400000000000013 41.58478333056551 8.77330222344199
1.7500000000000013 40.8886889946883 8.54870236690222
1.7600000000000013 41.04415206088797 8.656748492269973
1.7700000000000014 41.42065165737657 9.371281985559813
1.7800000000000014 41.44703622459262 8.99801919996835
1.7900000000000014 41.547747882357356 8.673308245707782
1.8000000000000014 41.08553429359352 8.42198817684621
1.8100000000000014 40.93548054254514 8.45946384773627
1.8200000000000014 41.347769836644275 8.87961403975997
1.8300000000000014 41.21303300832191 8.725984864371146
1.8400000000000014 41.066821748552876 8.63140804249344
1.8500000000000014 41.24560344387985 8.708362528915384
1.8600000000000014 40.494233180264196 8.761359339487862
1.8700000000000014 41.48426883063118 8.702999722315258
1.8800000000000014 40.64448714859809 8.549718131493204
1.8900000000000015 41.07480511654754 8.520472261831827
1.9000000000000015 40.79846358708573 8.68312260098428
1.9100000000000015 40.87439031721607 8.372788014398248
1.9200000000000015 41.27732563330836 8.633593123744403
1.9300000000000015 40.645751476518775 8.997063639677348
1.9400000000000015 41.12123285666774 8.586678590263773
1.9500000000000015 41.19570207629421 8.552611263105023
1.9600000000000015 40.76171412960743 8.511642176777771
1.9700000000000015 40.89036282086052 8.658092081858774
1.9800000000000015 40.82638686807426 8.701033797956585
1.9900000000000015 41.019112746724225 8.84733824945317
2.0000000000000018 40.808593545395446 8.439753638410442
2.010000000000002 40.77393334830193 8.454530160273377
2.0200000000000022 40.65050567956139 8.708179941096258
2.0300000000000025 40.92584838239493 8.639835203585898
2.0400000000000027 40.61583907198043 8.826242303587605
2.050000000000003 40.7142552426569 8.680627815004497
2.060000000000003 40.743678659467534 8.762382181337292
2.0700000000000034 40.98744231464555 8.597730517005129
2.0800000000000036 41.36326814494029 8.542583956003744
2.090000000000004 40.57631379948257 8.507986274124312
2.100000000000004 40.887652807636144 8.77095484628606
2.1100000000000043 41.069757947963076 8.528997920571232
2.1200000000000045 40.633761071929676 8.346864116113522
2.130000000000005 40.90721930267232 8.757509260756006
2.140000000000005 40.668786268226405 8.347160006984987
2.1500000000000052 40.81818400904723 8.408847817128228
2.1600000000000055 40.4566865588969 8.49202917462068
2.1700000000000057 40.461441099831994 8.901249651913847
2.180000000000006 40.360746944345436 8.430583368538825
2.190000000000006 40.64312901166509 8.311233189837916
2.2000000000000064 40.538586953299685 8.553360806456896
2.2100000000000066 40.53940516989826 8.357999022747242
2.220000000000007 40.57983730294502 8.364282059941345
2.230000000000007 40.52815270038437 8.9862491213305
2.2400000000000073 40.52384781924275 8.433198807621757
2.2500000000000075 39.971054956462645 8.705350460356808
2.260000000000008 40.69342949559167 8.545392972401155
2.270000000000008 40.44457557975425 8.857442369897917
2.2800000000000082 40.44387786006193 8.328664683586828
2.2900000000000085 40.054766624715356 8.582834261482681
2.3000000000000087 40.63779859281605 8.522762208629036
2.310000000000009 40.47578711565084 8.526467716827906
2.320000000000009 40.3761377248243 8.52442885648513
2.3300000000000094 39.99104676457313 8.410102954120791
2.3400000000000096 40.250636292900694 8.118895837846095
2.35000000000001 40.70172951038538 8.362259401550373
2.36000000000001 40.07272955533876 8.563570054237777
2.3700000000000103 40.109290267664484 8.13253687913205
2.3800000000000106 39.958634434591445 8.292908071204304
2.390000000000011 40.349680291034865 8.329746443006643
2.400000000000011 40.254641909047294 8.233413089886746
2.4100000000000112 40.50934010804038 8.534507166888202
2.4200000000000115 40.05822575086233 8.329480366678391
2.4300000000000117 40.51059609733234 8.505818321772352
2.440000000000012 40.14422200663119 8.392049556346118
2.450000000000012 39.868985663060485 8.601475794419228
2.4600000000000124 40.50410765072462 8.699601639546092
2.4700000000000126 40.140835592052404 8.309323508791964
2.480000000000013 40.7070160275066 8.516303553873245
2.490000000000013 39.69548946892845 8.186266698704824
2.5000000000000133 39.785763663491736 8.38942316862815
2.5100000000000136 40.00060177612713 8.228954328216831
2.520000000000014 39.69826411800376 8.396494852213078
2.530000000000014 40.56736066601691 8.43245189374125
2.5400000000000142 40.345543989327304 8.424605973707296
2.5500000000000145 40.00811043498575 8.200373756595331
2.5600000000000147 40.37501665672735 8.249032692209772
2.570000000000015 39.88513061606232 8.311603232102792
2.580000000000015 40.466656480710014 8.386056098595107
2.5900000000000154 39.98351801555795 8.360345573634511
2.6000000000000156 40.06558147439707 8.446376880018839
2.610000000000016 40.375455907209364 8.227994264359399
2.620000000000016 39.929656736109024 7.787211647562052
2.6300000000000163 39.925740234030215 8.257189150328278
2.6400000000000166 40.072596602601884 8.229788554518013
2.650000000000017 40.1052926695966 8.336416852840655
2.660000000000017 39.857180731141845 8.35455884674511
2.6700000000000172 39.52518313765109 8.307170762181226
2.6800000000000175 39.71529035179256 8.018876890263828
2.6900000000000177 40.5695266713887 8.425396674368416
2.700000000000018 40.13183140070015 8.378160305855435
2.710000000000018 39.73771912759694 7.827337327639172
2.7200000000000184 39.510844121394214 8.168626533334198
2.7300000000000186 39.82749908440155 8.199281363137183
2.740000000000019 39.92418764935751 8.10842176985163
2.750000000000019 39.60264324802869 8.201027223874632
2.7600000000000193 39.91989183399559 8.174436162337837
2.7700000000000196 39.75183520512067 7.940749433280891
2.78000000000002 39.54427174703789 8.023974339586166
2.79000000000002 40.036678014081346 8.129743302341918
2.8000000000000203 39.79248331249454 8.054114897758199
2.8100000000000205 39.4167011427786 7.8275745813837005
2.8200000000000207 39.707219131638404 8.118006938465808
2.830000000000021 39.79701686740063 8.099319441519224
2.840000000000021 39.332694232369505 8.367401348395244
2.8500000000000214 39.49252281262454 7.817039892716069
2.8600000000000216 39.92175279287961 8.173956415358239
2.870000000000022 39.56324428220935 8.04747738988622
2.880000000000022 39.68796706589395 8.025392822934547
2.8900000000000223 39.625209458908365 7.859000830652665
2.9000000000000226 39.65205860767994 7.846670307916857
2.910000000000023 39.796263620946156 7.749777122924887
2.920000000000023 39.64043301252367 8.128161392704502
2.9300000000000233 39.23755146756271 8.144522071311703
2.9400000000000235 39.51327929225948 7.775248593111055
2.9500000000000237 39.688352886727856 7.831702959948409
2.960000000000024 39.63383461779917 8.51207464529158
2.970000000000024 39.32588162070639 8.035423476133959
2.9800000000000244 39.50490368030333 8.023760085465632
2.9900000000000246 39.42349080105185 7.8473745876423076
3.000000000000025 39.296251504009255 8.062981201107057
