# Rounds: 50, repetitions: 1000
# Good arm ~ N(5.0,2.0), 1 bad arm(s) ~ N(3.8,2.0)
# Observation noise range from 0.5 to 4.0 with step size 0.1

# Observation noise | mean | standard deviation

0.5 239.68737778051258 24.859716468033113
0.6 239.03072096666804 24.52381693761947
0.7 238.4895846568068 23.993456209852884
0.7999999999999999 239.661328364761 23.562904760284688
0.8999999999999999 239.09318129023552 24.110496633613508
0.9999999999999999 239.4599483614701 22.234293846754046
1.0999999999999999 238.1178375643964 23.30117559613341
1.1999999999999997 239.68659487347475 22.36077141121101
1.2999999999999996 239.70807108531878 20.967353157714804
1.3999999999999995 236.56448928975206 22.354589745253957
1.4999999999999993 237.54724041087172 21.29636557953679
1.5999999999999992 237.19955219213222 20.887513741534367
1.699999999999999 236.83773042309306 21.17430706693725
1.799999999999999 236.4759623629164 21.06254963653232
1.8999999999999988 235.6219882667268 19.9123911327834
1.9999999999999987 235.4191204532607 20.76357748547296
2.0999999999999988 234.54723708103734 21.009850083971024
2.199999999999999 235.84772086960973 20.050671410834052
2.299999999999999 233.91832713189098 20.659772912318548
2.399999999999999 235.65562821517344 20.4175343091672
2.499999999999999 234.18509177619293 19.850593695585278
2.599999999999999 233.14276418142578 19.162730677553817
2.6999999999999993 231.72022406987728 19.367218571644866
2.7999999999999994 232.22505474670297 20.471973155506337
2.8999999999999995 230.90152120938777 19.22138189297634
2.9999999999999996 231.6962998867453 19.511851936332633
3.0999999999999996 230.63502106626143 19.14088919250673
3.1999999999999997 229.83501301563115 19.358527285086236
3.3 230.390710979533 19.143449932832226
3.4 227.20716502071477 19.494976305540412
3.5 227.4209916721534 18.26182638185111
3.6 227.8248394881713 18.558971208419024
3.7 228.15823855694796 19.05949187838632
3.8000000000000003 227.1964441560657 18.35343048828164
3.9000000000000004 227.1444524358058 18.961185544851315
4.0 226.90246330204775 19.164590803565634
