# Rounds: 50, repetitions: 1000
# Good arm ~ N(5.0,3.0), 1 bad arm(s) ~ N(3.5,3.0)
# Observation noise range from 0.5 to 4.0 with step size 0.1

# Observation noise | mean | standard deviation

0.5 232.6825296971437 36.475995365527375
0.6 231.37038660225537 35.618658871804435
0.7 232.05961008974919 35.9107964905925
0.7999999999999999 233.54763125019156 34.96895089745207
0.8999999999999999 230.77293976208045 34.975228883438014
0.9999999999999999 232.6791794770108 32.78840366806964
1.0999999999999999 234.24824688042995 31.73222978120667
1.1999999999999997 233.20012380103648 34.63638902508184
1.2999999999999996 233.8942899241055 33.83597978540314
1.3999999999999995 232.57632383022627 31.45952314351253
1.4999999999999993 233.19818705505094 32.705216211299565
1.5999999999999992 233.16988205240477 30.917360106672014
1.699999999999999 232.36500258854252 32.156677768668146
1.799999999999999 231.5831671208073 31.06869955574039
1.8999999999999988 229.66527311336068 30.649722663377716
1.9999999999999987 232.74498614355167 30.641109429119833
2.0999999999999988 232.6724996131055 30.369225122335813
2.199999999999999 228.63690824347563 30.92742593287101
2.299999999999999 231.04256232271493 29.55032475426289
2.399999999999999 231.54274340462533 30.338262929602017
2.499999999999999 228.238036756095 29.322126291387942
2.599999999999999 230.10290641486952 29.80801963741198
2.6999999999999993 227.99994049405393 28.466610041373713
2.7999999999999994 230.20625327486985 29.096795735152696
2.8999999999999995 226.48991354692126 29.448676218219184
2.9999999999999996 226.8561922115803 28.373407219687035
3.0999999999999996 227.88231963008178 29.39070377883243
3.1999999999999997 226.49897750614338 28.428090039255043
3.3 226.01623560931836 28.307210313150996
3.4 223.5063486936547 28.435022941691532
3.5 223.95288555908562 27.653744129067054
3.6 226.61826079245262 26.305311821628337
3.7 223.19078662502187 28.497581773892964
3.8000000000000003 224.41658644961225 26.8189499847652
3.9000000000000004 223.2809272344656 26.79106759089488
4.0 223.2833092708678 27.56533334869019
