# Rounds: 50, repetitions: 1000
# Good arm ~ N(5.0,2.0), 1 bad arm(s) ~ N(0.7,2.0)
# Observation noise range from 0.5 to 4.0 with step size 0.1

# Observation noise | mean | standard deviation

0.5 247.1724111482601 22.236071781421533
0.6 246.71339812568883 17.17956503846522
0.7 247.52259378442002 15.907197271814061
0.7999999999999999 247.06248104703585 17.969702793210534
0.8999999999999999 246.07963982624344 17.217449619101274
0.9999999999999999 247.68882099401176 18.005383589429233
1.0999999999999999 247.53369443384153 14.63281234060698
1.1999999999999997 246.85203966015138 16.462508654218404
1.2999999999999996 245.8513744574013 15.379013716905051
1.3999999999999995 245.85596012656643 15.95794550430346
1.4999999999999993 245.89378299008138 15.109818264565089
1.5999999999999992 245.6447442489608 16.314066261042896
1.699999999999999 245.24098798464524 15.554526726926245
1.799999999999999 244.13970786234884 15.225013145655408
1.8999999999999988 244.51511342404586 16.294707390543657
1.9999999999999987 243.80134619522084 15.895950150076484
2.0999999999999988 242.488990427111 15.958518857509107
2.199999999999999 242.799154746248 15.86357236663328
2.299999999999999 241.0581203179649 16.36280692104681
2.399999999999999 240.96568444434993 15.729705234137057
2.499999999999999 240.10023774495946 16.53730371251732
2.599999999999999 240.60498505536708 16.441165642714964
2.6999999999999993 237.7884067911591 16.80634781381935
2.7999999999999994 237.25082101395907 16.90298342974261
2.8999999999999995 237.13921504434347 16.60549826896772
2.9999999999999996 236.84448505007634 17.155251252629274
3.0999999999999996 234.84417987951036 17.778545641335377
3.1999999999999997 235.27728943858742 16.90555414685381
3.3 233.6315988451974 18.14900535362974
3.4 232.99383906085671 17.717456393046938
3.5 231.79706849953882 17.505624772922896
3.6 231.46875327257672 17.58260086108012
3.7 230.84402801354616 17.90649090100496
3.8000000000000003 228.3042467499406 18.449625109704883
3.9000000000000004 227.99878283827533 18.441988065797695
4.0 226.30751697361515 18.42902083352272
