# Rounds: 50, repetitions: 1000
# Good arm ~ N(5.0,2.0), 1 bad arm(s) ~ N(3.9,2.0)
# Observation noise range from 0.5 to 4.0 with step size 0.1

# Observation noise | mean | standard deviation

0.5 239.0362034236703 24.4655134310974
0.6 239.5635568445245 23.685357832270995
0.7 239.76967835408948 22.981703108065528
0.7999999999999999 237.88725318088132 23.505771220351928
0.8999999999999999 240.2226938996528 22.50286516567179
0.9999999999999999 238.02485022533983 22.496864849227464
1.0999999999999999 239.062969114839 22.347770959795323
1.1999999999999997 238.8919707952479 22.07067896513614
1.2999999999999996 238.60484492664025 21.05158401329292
1.3999999999999995 237.15051447429767 21.821511928351264
1.4999999999999993 238.70435515559208 20.60543592554711
1.5999999999999992 236.80888455996018 21.393285291210603
1.699999999999999 237.16080221067816 21.090089420461084
1.799999999999999 236.93896866089722 20.596165728465284
1.8999999999999988 237.23833945556422 20.216513311853316
1.9999999999999987 236.05796263069166 20.06549830407259
2.0999999999999988 235.25476987046125 20.56934750314349
2.199999999999999 235.26200849245512 19.527796816305802
2.299999999999999 235.40068687895754 19.60331041991972
2.399999999999999 233.7062333810829 20.73914101216381
2.499999999999999 233.47224417897849 19.91344776681246
2.599999999999999 232.5188452949565 19.63629879583372
2.6999999999999993 233.05726361239616 19.519996028011008
2.7999999999999994 231.8230287396244 19.269157610078715
2.8999999999999995 230.8603071453283 19.81361448402479
2.9999999999999996 231.6617515213402 19.05599208437763
3.0999999999999996 232.66589168919822 18.61598529311935
3.1999999999999997 231.44841102268663 18.531308465320254
3.3 229.0310229811807 18.22390081972294
3.4 230.34820850727417 18.51882218137381
3.5 229.68828458704263 19.111453879933123
3.6 229.858615040852 18.794900937994754
3.7 229.0806027564979 18.175481218305464
3.8000000000000003 228.35168423443068 18.095020088690273
3.9000000000000004 227.78569456275275 17.617555663533704
4.0 226.85682230369147 18.42002487669288
