# Rounds: 50, repetitions: 1000
# Good arm ~ N(5.0,5.0), 1 bad arm(s) ~ N(4.8,5.0)
# Observation noise range from 0.5 to 4.0 with step size 0.1

# Observation noise | mean | standard deviation

0.5 252.10758454921995 35.76984606061777
0.6 250.42648971082545 36.226464418937134
0.7 250.31479577652766 36.295758714208176
0.7999999999999999 249.80130649153247 35.76773108686418
0.8999999999999999 249.47805228031663 35.481504214002186
0.9999999999999999 249.33558277746687 36.01219218130994
1.0999999999999999 249.96964604076152 35.89901319826209
1.1999999999999997 248.99254320399268 37.15718420494083
1.2999999999999996 246.80166672619862 36.05386668748623
1.3999999999999995 247.0225054009518 36.21962464874456
1.4999999999999993 248.71589977508958 34.94852595160426
1.5999999999999992 247.4237284875692 35.509091874147984
1.699999999999999 249.43064666823926 36.211001035993725
1.799999999999999 248.27283696473134 36.458672794733616
1.8999999999999988 250.47429999389004 35.746375713673125
1.9999999999999987 247.13485396531073 34.66395645198993
2.0999999999999988 247.92471613500342 36.01132989139188
2.199999999999999 249.10150951920056 34.629175106222675
2.299999999999999 250.68478835186568 35.485889028787845
2.399999999999999 249.19162026255526 36.322549725842556
2.499999999999999 250.37355622990748 36.015965887391204
2.599999999999999 249.64087411132374 35.75701983837301
2.6999999999999993 249.7447379712587 34.192156780277806
2.7999999999999994 248.77893782299134 36.35725061249025
2.8999999999999995 248.31881464143666 36.40655945921583
2.9999999999999996 249.74902278561402 36.49893936351117
3.0999999999999996 248.36195116221145 36.023075957814015
3.1999999999999997 249.20949855125374 35.736515828101794
3.3 250.59643197016595 36.72062731275519
3.4 248.38100495088682 35.71519012951196
3.5 248.37838837818492 36.18915046536779
3.6 249.0719964471651 35.62882076757707
3.7 248.13823041915802 35.04705380449233
3.8000000000000003 248.2859970350997 35.77002921123266
3.9000000000000004 250.05639912313438 35.686988171986556
4.0 248.77294938279633 35.05244028921557
