# Rounds: 50, repetitions: 1000
# Good arm ~ N(5.0,5.0), 1 bad arm(s) ~ N(0.0,5.0)
# Observation noise range from 0.5 to 4.0 with step size 0.1

# Observation noise | mean | standard deviation

0.5 225.76507119058178 70.62534399638072
0.6 221.38660594659152 75.24637136882204
0.7 225.940513079406 72.83436271808488
0.7999999999999999 228.34029271685822 70.11490180102145
0.8999999999999999 224.66436138643007 70.0818287626917
0.9999999999999999 224.56080620764553 71.00537187747943
1.0999999999999999 229.88883572322982 63.05066771298877
1.1999999999999997 229.1645122712828 61.12376109698293
1.2999999999999996 225.43402620306608 64.15310484586493
1.3999999999999995 231.58778394924 59.623521723926764
1.4999999999999993 232.31271250151914 56.27216656762054
1.5999999999999992 229.04627755988864 58.30787479893552
1.699999999999999 233.9602464756901 49.05562794685326
1.799999999999999 231.99926689706788 53.50532398688646
1.8999999999999988 231.93893212754006 49.58189026893905
1.9999999999999987 228.04658441651853 54.02759320868721
2.0999999999999988 230.6162575478826 51.72812602291356
2.199999999999999 231.7841304087068 50.20993398624356
2.299999999999999 231.9820096755168 44.503374302456194
2.399999999999999 231.94413945244577 46.091104218246954
2.499999999999999 231.36240283107983 48.22957786114171
2.599999999999999 230.88899634426488 44.24906714935549
2.6999999999999993 230.30968789202154 44.20374134395635
2.7999999999999994 232.2933073448557 44.55266137652057
2.8999999999999995 230.72162426477578 43.441906036556865
2.9999999999999996 229.09380123383974 43.394831589915285
3.0999999999999996 225.98286146030966 46.47510427137069
3.1999999999999997 225.85686494661036 46.13629036754001
3.3 225.8731350190794 46.0722910595446
3.4 224.3483584730575 43.777580880675096
3.5 225.796986463665 47.88413128800569
3.6 224.4064646184038 45.03741238392394
3.7 221.00010419403958 45.53193099297052
3.8000000000000003 221.69936829708027 42.67301176897852
3.9000000000000004 221.29285833905337 44.4898558596134
4.0 222.0507353055234 45.39641303691845
