# Rounds: 50, repetitions: 1000
# Good arm ~ N(5.0,4.0), 1 bad arm(s) ~ N(0.5,4.0)
# Observation noise range from 0.5 to 4.0 with step size 0.1

# Observation noise | mean | standard deviation

0.5 233.9835022877613 58.278999945413254
0.6 227.9508117719425 63.11174854565117
0.7 234.11917622350845 54.07483768505137
0.7999999999999999 231.39192430788663 58.13215680481462
0.8999999999999999 234.6568482784585 49.758491036722326
0.9999999999999999 235.35061280734593 50.0066027897609
1.0999999999999999 237.62772268205498 46.24338467897025
1.1999999999999997 236.25351535789133 49.14433292714626
1.2999999999999996 233.9182295436404 46.668273618147964
1.3999999999999995 239.32443359416214 39.21987539902689
1.4999999999999993 236.3619065949542 43.51599775505501
1.5999999999999992 235.59162080741532 42.89066072142046
1.699999999999999 236.14751920270885 39.33658469328924
1.799999999999999 238.33399549697833 39.17440073907541
1.8999999999999988 237.63929330010964 35.95892809219837
1.9999999999999987 233.44748620370817 38.026000069520975
2.0999999999999988 235.91873214697884 35.003075952926906
2.199999999999999 236.84650575928381 37.58628747723098
2.299999999999999 234.74647407095648 35.06311282851977
2.399999999999999 233.91328869498352 37.31781788783175
2.499999999999999 236.51972841106658 35.65589100356059
2.599999999999999 234.25635190090733 36.645199220613286
2.6999999999999993 232.8408365197335 33.98947645548353
2.7999999999999994 231.887656508628 35.08298302011667
2.8999999999999995 231.78089855935212 35.874896461927804
2.9999999999999996 232.512250629687 35.539936455199026
3.0999999999999996 230.00249714996485 36.545773214454044
3.1999999999999997 228.53796726554572 35.64812148220805
3.3 228.16535133837644 35.91370595836036
3.4 226.5413405361217 36.25078569215508
3.5 228.11884254328317 36.318860747082006
3.6 228.5855126331226 34.999660005945195
3.7 226.0970376642963 35.686580525809966
3.8000000000000003 225.70293456371903 35.75875910577106
3.9000000000000004 224.61393150100224 35.40645635516814
4.0 223.03817669922182 35.713550773521895
