# Rounds: 50, repetitions: 1000
# Good arm ~ N(5.0,5.0), 1 bad arm(s) ~ N(2.7,5.0)
# Observation noise range from 0.5 to 4.0 with step size 0.1

# Observation noise | mean | standard deviation

0.5 218.44586870580216 59.32705950970588
0.6 218.9097995040277 58.81806513854071
0.7 220.24861965062556 60.06298516639507
0.7999999999999999 219.0026264498265 59.125050372352675
0.8999999999999999 221.17026662202227 55.54747680938548
0.9999999999999999 221.40264302946085 56.70086198764975
1.0999999999999999 219.69798431794723 55.05772563294525
1.1999999999999997 222.3823381508421 56.809698524972674
1.2999999999999996 220.18138811172062 54.684949256511416
1.3999999999999995 217.59130484649916 54.11430326116753
1.4999999999999993 219.08014959563084 54.67311252505125
1.5999999999999992 220.75052350770855 53.39617887840449
1.699999999999999 221.80975806838717 52.32585299309926
1.799999999999999 223.47873987060325 52.16199068470983
1.8999999999999988 221.50288838471235 51.88984099642064
1.9999999999999987 220.40434378980865 52.15862877558458
2.0999999999999988 220.97193981000143 49.766059009043836
2.199999999999999 223.13642713841597 51.91924377780311
2.299999999999999 221.9626185366156 50.57940774690106
2.399999999999999 220.47117471910818 49.446787341941636
2.499999999999999 217.37290329051044 51.07379177192785
2.599999999999999 219.8405374116525 51.14730787825685
2.6999999999999993 220.6696150058881 49.959343961411435
2.7999999999999994 219.62560005398902 48.703744129754256
2.8999999999999995 218.98358051063448 49.90524797335873
2.9999999999999996 220.53011614649017 49.013646560918495
3.0999999999999996 217.46476673835372 48.64535134028724
3.1999999999999997 221.13007844399772 46.89017848281848
3.3 220.22391599554177 46.852132501869015
3.4 216.62656662934174 48.793519552805634
3.5 218.41592013460732 46.12523988711225
3.6 217.01531919561955 46.78015376201445
3.7 215.01676492161738 47.81560731890974
3.8000000000000003 216.76735144723864 47.86308370765576
3.9000000000000004 217.20915845586515 46.72221287895133
4.0 213.3581251662271 46.62635146287162
