# Rounds: 50, repetitions: 1000
# Good arm ~ N(5.0,3.0), 1 bad arm(s) ~ N(3.2,3.0)
# Observation noise range from 0.5 to 4.0 with step size 0.1

# Observation noise | mean | standard deviation

0.5 231.13467884219952 38.078544297425964
0.6 233.12920294076875 38.14516900946867
0.7 231.34307424283804 37.93276827502264
0.7999999999999999 233.89386873791935 37.16518000717014
0.8999999999999999 233.8506359688121 35.7357911540507
0.9999999999999999 232.0180355341946 36.09103633357366
1.0999999999999999 232.11789940949737 35.45073797769099
1.1999999999999997 231.30568568644009 37.28614168158876
1.2999999999999996 232.54767865689234 35.96169624425659
1.3999999999999995 232.3536733030423 35.094434745089906
1.4999999999999993 233.95513920023328 34.86562635481479
1.5999999999999992 230.8143310269938 35.32865753348038
1.699999999999999 231.49036398587677 33.7953869366701
1.799999999999999 232.06315481599157 33.41069542107379
1.8999999999999988 233.18747620398466 31.783120722749636
1.9999999999999987 232.5177366260375 31.18481770965859
2.0999999999999988 232.0339810748983 30.984745727677808
2.199999999999999 231.46575254272489 30.70461420428938
2.299999999999999 231.20839382119448 31.199911278279988
2.399999999999999 229.5187927177831 31.96218846271627
2.499999999999999 229.20210132411168 31.474803793774683
2.599999999999999 229.8434569889373 32.20876381552339
2.6999999999999993 229.1712938071346 30.131587432791882
2.7999999999999994 228.19842417368685 30.450555460282086
2.8999999999999995 226.70357928037052 29.792386467137373
2.9999999999999996 226.58565525545512 30.253116101136982
3.0999999999999996 227.43726727271502 29.79185207722567
3.1999999999999997 223.64060886267336 29.400522327640967
3.3 225.99332776466463 29.024681428793443
3.4 224.1590476035925 28.4773015574515
3.5 224.26972230206053 29.371189430963994
3.6 224.6958341426939 28.651364496791178
3.7 225.78203668557327 29.011062754512906
3.8000000000000003 224.19467816403056 29.51283995349741
3.9000000000000004 221.4083024932944 28.40319393409585
4.0 222.2045308021626 27.429321281542403
