# Rounds: 50, repetitions: 1000
# Good arm ~ N(5.0,1.0), 1 bad arm(s) ~ N(4.1,1.0)
# Observation noise range from 0.5 to 4.0 with step size 0.1

# Observation noise | mean | standard deviation

0.5 246.19966418149014 12.65733991024486
0.6 246.28892534839423 12.046786990951155
0.7 245.77996485288546 12.035860902077347
0.7999999999999999 245.3787567447374 11.215578431396146
0.8999999999999999 244.82817615335523 11.902317656538393
0.9999999999999999 244.7502460059668 11.453797342685986
1.0999999999999999 243.62762419140952 11.615462433791786
1.1999999999999997 244.4754360097081 11.203999065197891
1.2999999999999996 243.3156146130228 11.182171176631423
1.3999999999999995 243.22409573048517 11.540488730125881
1.4999999999999993 242.62259556141666 11.088438561040492
1.5999999999999992 241.14213731436539 11.01340808913746
1.699999999999999 240.74293130239602 10.912544749494623
1.799999999999999 240.3663052671283 11.421562609346687
1.8999999999999988 240.21606145787572 10.92984810357664
1.9999999999999987 238.98375130323387 11.461882553120097
2.0999999999999988 238.29454778202958 11.200844174079233
2.199999999999999 238.6408012498323 11.404514735153354
2.299999999999999 237.47921188690293 11.189788353329329
2.399999999999999 236.85744911966265 11.360605016772169
2.499999999999999 236.13968171969452 11.064579624577009
2.599999999999999 236.18273746389937 11.110270927191594
2.6999999999999993 235.79952799451874 10.882752953026788
2.7999999999999994 234.6101438192445 11.01781956675405
2.8999999999999995 234.29622069309028 11.016673245106759
2.9999999999999996 233.9680369893084 10.698390098204845
3.0999999999999996 233.06420675507832 10.701284988684542
3.1999999999999997 232.94661200881276 10.955965414059945
3.3 232.59075502704883 10.415996373312662
3.4 232.45044568186583 10.787298994915945
3.5 231.35665208467216 10.799336814705136
3.6 231.17700143798635 10.360788645794344
3.7 232.27965920013486 10.46423668980138
3.8000000000000003 230.71913246910108 10.471780034050205
3.9000000000000004 231.34262432663542 10.466977367286264
4.0 230.5761391895654 10.311448014600735
