# Rounds: 50, repetitions: 1000
# Good arm ~ N(5.0,2.0), 1 bad arm(s) ~ N(0.3,2.0)
# Observation noise range from 0.5 to 4.0 with step size 0.1

# Observation noise | mean | standard deviation

0.5 247.8308854776004 19.11573961653998
0.6 248.00362827875736 18.94282677945452
0.7 248.01448258573564 14.721732064588352
0.7999999999999999 248.39358077246106 14.776601181316963
0.8999999999999999 247.6109641785978 16.820598172129046
0.9999999999999999 247.87207700294587 15.302711591385044
1.0999999999999999 246.76441113472603 15.648868510389937
1.1999999999999997 247.4222887508546 14.420195148099603
1.2999999999999996 246.81915089886976 15.402857522469827
1.3999999999999995 246.199026992405 15.216948333414294
1.4999999999999993 245.62120004247134 15.318002607206399
1.5999999999999992 245.78338212736054 15.84528692804821
1.699999999999999 244.91475032664167 15.387314190282675
1.799999999999999 244.11695999356328 15.565728384174175
1.8999999999999988 244.22176473616807 16.321432379727625
1.9999999999999987 243.78698825979473 15.740156523711187
2.0999999999999988 242.88040619689892 15.77236155264713
2.199999999999999 242.5665662312767 16.149786436460406
2.299999999999999 242.56041862257786 15.73577807373685
2.399999999999999 241.31853957531965 16.195499432234264
2.499999999999999 240.36284272386962 16.851561937080135
2.599999999999999 240.0695845741698 16.31281026994083
2.6999999999999993 238.63847387098824 17.06909455893958
2.7999999999999994 239.4007962365406 15.92708793690319
2.8999999999999995 238.38531464842248 16.739607246665003
2.9999999999999996 236.21709902983878 17.08548583921814
3.0999999999999996 235.81119882580182 16.700191883186136
3.1999999999999997 234.72638209476634 17.200282543008274
3.3 234.3828325383468 17.24077052089618
3.4 232.11793837694884 17.34033368811026
3.5 232.55715135336544 16.714716177206782
3.6 231.5251988049365 16.809724680437768
3.7 231.29870062265402 17.88282422238461
3.8000000000000003 229.50366630755383 18.649216823000838
3.9000000000000004 228.61179247036915 17.71849596188927
4.0 226.9315377161752 18.71227287724175
