# Rounds: 50, repetitions: 1000
# Good arm ~ N(5.0,0.0), 1 bad arm(s) ~ N(3.5,0.0)
# Observation noise range from 0.5 to 4.0 with step size 0.1

# Observation noise | mean | standard deviation

0.5 249.68849999999995 5.478113496220908
0.6 249.64200000000005 5.623874461966912
0.7 249.19200000000012 5.39928590540346
0.7999999999999999 248.68349999999995 5.818671212973354
0.8999999999999999 248.54700000000005 5.241637698827153
0.9999999999999999 248.08500000000004 5.363351614479552
1.0999999999999999 247.48049999999998 5.408708152033528
1.1999999999999997 247.0800000000002 5.451588742726265
1.2999999999999996 246.4949999999999 5.383303349705909
1.3999999999999995 246.12299999999996 5.291348539774088
1.4999999999999993 245.6534999999999 5.433388395785776
1.5999999999999992 244.43850000000003 5.89000508572871
1.699999999999999 244.14899999999994 5.4204409580937325
1.799999999999999 243.03300000000016 6.183295573085936
1.8999999999999988 242.18849999999995 6.111633972991182
1.9999999999999987 241.85099999999977 6.128732361619376
2.0999999999999988 241.09650000000005 5.859588084714033
2.199999999999999 240.15300000000005 6.162147601531712
2.299999999999999 239.69849999999994 6.215825305961735
2.399999999999999 239.03100000000032 6.59420370647759
2.499999999999999 237.63900000000027 6.800987607137119
2.599999999999999 236.4839999999998 7.014088781975983
2.6999999999999993 236.25 6.894638209219976
2.7999999999999994 235.16849999999994 7.207065945969249
2.8999999999999995 234.90300000000013 6.894572222127065
2.9999999999999996 233.85599999999982 7.445414575307242
3.0999999999999996 232.83150000000012 7.647080200023146
3.1999999999999997 231.80099999999996 7.578544275342955
3.3 231.57000000000005 7.879383521867969
3.4 230.4059999999999 8.201458890217518
3.5 229.83449999999982 7.594638785899454
3.6 229.0064999999997 8.362932882451974
3.7 228.31799999999964 8.179993171652908
3.8000000000000003 227.18999999999983 8.620946625558048
3.9000000000000004 226.4850000000003 8.73791314480328
4.0 225.91950000000003 8.387736516717366
