# Rounds: 50, repetitions: 1000
# Good arm ~ N(5.0,2.0), 1 bad arm(s) ~ N(0.4,2.0)
# Observation noise range from 0.5 to 4.0 with step size 0.1

# Observation noise | mean | standard deviation

0.5 247.63029437953182 17.9439705939615
0.6 248.52346952147468 14.762976202116239
0.7 247.75841006421703 16.45986354539512
0.7999999999999999 248.13344971040107 14.679664943802875
0.8999999999999999 248.01430503178622 16.799326791320734
0.9999999999999999 247.70144688754652 15.121480498295416
1.0999999999999999 247.64975906927856 15.390096820779394
1.1999999999999997 247.37325522777894 15.917221797703178
1.2999999999999996 246.46304627672413 15.717563609238905
1.3999999999999995 245.8654555264183 15.292020500762495
1.4999999999999993 245.27225694462683 15.606135929047106
1.5999999999999992 245.68837827044803 15.564873979640149
1.699999999999999 244.3125449667877 15.46487449269938
1.799999999999999 244.92761827366425 15.32301956318527
1.8999999999999988 243.59418590846806 16.20859101912558
1.9999999999999987 244.6335238708505 16.026271400802276
2.0999999999999988 243.40850578142306 16.50584778506338
2.199999999999999 242.63425549912876 15.655646984077602
2.299999999999999 242.97168243872218 16.46490264027275
2.399999999999999 240.47005222432668 15.610032042133646
2.499999999999999 241.02614193299056 16.848852898327387
2.599999999999999 239.31680634239842 16.61980676472361
2.6999999999999993 238.69918693268423 16.29450849293442
2.7999999999999994 238.2473568778312 17.115126155298167
2.8999999999999995 237.37382818054118 17.277500835251697
2.9999999999999996 237.83132144384203 16.77105717021566
3.0999999999999996 236.01967965585104 17.023520632818848
3.1999999999999997 234.82207616721885 16.605800174493076
3.3 233.9320392634327 17.307358555173817
3.4 233.97158054474204 18.04005697249493
3.5 232.90257969037688 17.703973988396974
3.6 231.5344217929303 17.11490836532202
3.7 230.35397440019065 18.109419572990475
3.8000000000000003 229.83821651662768 17.783945018683397
3.9000000000000004 227.9278566953716 18.076889823290248
4.0 227.6637169732243 17.89976197656885
