# Rounds: 50, repetitions: 1000
# Good arm ~ N(5.0,3.0), 1 bad arm(s) ~ N(4.8,3.0)
# Observation noise range from 0.5 to 4.0 with step size 0.1

# Observation noise | mean | standard deviation

0.5 249.3604247378893 21.6784013317692
0.6 249.9666778570256 22.097840381082108
0.7 250.55267856093008 21.916401679815376
0.7999999999999999 249.88127276668672 21.26593900738711
0.8999999999999999 249.9309235284518 21.36283248460375
0.9999999999999999 249.68619133294712 21.01675097722423
1.0999999999999999 249.06655429459033 21.412844211279328
1.1999999999999997 248.1887759572517 21.934503119657293
1.2999999999999996 248.98957439555502 21.85770276126555
1.3999999999999995 249.41459872144708 21.549013249854283
1.4999999999999993 250.3743596433162 21.618526145814045
1.5999999999999992 249.2750022882663 22.598454635600717
1.699999999999999 248.74373352212214 21.133644387227466
1.799999999999999 249.90175940197432 21.875232979532544
1.8999999999999988 248.49569176507399 21.52520706958994
1.9999999999999987 250.04372721399852 21.367934525568838
2.0999999999999988 249.05152851062806 21.032870699789314
2.199999999999999 248.34355796312568 21.657497182989086
2.299999999999999 250.02223880087138 21.299939940140202
2.399999999999999 248.4701984635985 21.698492759047376
2.499999999999999 249.31526916886273 21.464438697866164
2.599999999999999 247.87628724612475 22.2079452117316
2.6999999999999993 249.74520273472817 21.51097351114457
2.7999999999999994 249.21595183264031 21.67233332723908
2.8999999999999995 247.0568764587363 21.33173292373373
2.9999999999999996 248.39943818453744 21.47801429767312
3.0999999999999996 247.84062469010698 22.122548850004303
3.1999999999999997 248.6249799115276 21.276524656798323
3.3 248.34329917953124 21.534953832755185
3.4 247.2655629301764 22.04042893180398
3.5 248.34126046168407 21.25055385097742
3.6 248.72088821557924 21.505119639582038
3.7 246.87297160677593 21.002664347780296
3.8000000000000003 248.01188813042535 21.48841773578236
3.9000000000000004 247.7374577347374 21.90616650247584
4.0 248.58603933142925 20.96534724050403
