# Rounds: 50, repetitions: 1000
# Good arm ~ N(5.0,4.0), 1 bad arm(s) ~ N(1.9,4.0)
# Observation noise range from 0.5 to 4.0 with step size 0.1

# Observation noise | mean | standard deviation

0.5 223.714182790205 57.683823272695584
0.6 223.85613064644016 59.05410672461588
0.7 226.7169914833941 57.86899458782685
0.7999999999999999 228.07159240069305 54.28149945947977
0.8999999999999999 226.15195520175016 53.478720500403774
0.9999999999999999 226.5133900639268 54.505242917954085
1.0999999999999999 226.18955838242454 54.690327658189744
1.1999999999999997 227.16629927874266 52.27230755493424
1.2999999999999996 230.15305759896873 49.97965875205999
1.3999999999999995 227.96428842917916 48.8709546088882
1.4999999999999993 229.28097256037393 47.90851895859457
1.5999999999999992 229.20518202069027 43.950956182422985
1.699999999999999 230.83579311499477 46.587042664344644
1.799999999999999 229.71560801255444 45.205844686179915
1.8999999999999988 230.3105201169611 45.63869435337375
1.9999999999999987 230.62286440096048 45.033107701358404
2.0999999999999988 230.03587501463957 43.18120342269972
2.199999999999999 230.4001054473594 40.62999115360783
2.299999999999999 228.16277368011785 42.64765051517647
2.399999999999999 230.67348680481663 38.835520097693966
2.499999999999999 228.9980078806384 41.4627409419442
2.599999999999999 228.26813512428296 40.872331682905674
2.6999999999999993 226.8470818507782 39.434104644028885
2.7999999999999994 227.78022136317037 41.87552854343027
2.8999999999999995 224.78803250654704 40.910348250161974
2.9999999999999996 225.19426706759637 39.710540678450506
3.0999999999999996 225.26396299735606 39.441597552957724
3.1999999999999997 224.305336552971 40.538565059147935
3.3 223.75382305910085 40.653435179848515
3.4 225.99094635069972 37.84336293500191
3.5 223.36416110630987 38.89900343799085
3.6 223.50911440680994 38.87671503717852
3.7 222.02956115639464 38.97856022877997
3.8000000000000003 217.91412199497782 40.12865630006863
3.9000000000000004 219.29968403954993 38.472214817957635
4.0 218.4037878130576 38.91678817948755
