# Rounds: 50, repetitions: 1000
# Good arm ~ N(5.0,5.0), 1 bad arm(s) ~ N(1.7,5.0)
# Observation noise range from 0.5 to 4.0 with step size 0.1

# Observation noise | mean | standard deviation

0.5 219.19908670776667 68.71842277890727
0.6 219.4517699820281 65.88870247297626
0.7 216.90452607840726 69.00078518985349
0.7999999999999999 219.05874339455903 65.90913567836529
0.8999999999999999 215.92350294607544 67.46297085488966
0.9999999999999999 219.09362775811192 65.41468557572648
1.0999999999999999 219.61393528222104 65.47445831405295
1.1999999999999997 223.82627708902706 63.153672395276935
1.2999999999999996 220.92896000254487 59.59594532893476
1.3999999999999995 218.31807479579072 63.04532929158201
1.4999999999999993 222.69653074245412 59.74497925410734
1.5999999999999992 219.0147825396611 62.15053472808701
1.699999999999999 224.02486721938837 56.14953447444881
1.799999999999999 224.0581827280882 56.88662579993581
1.8999999999999988 226.1734566017912 57.22129834210151
1.9999999999999987 223.41359683359673 55.779953843508665
2.0999999999999988 225.26450526137765 54.49495640452137
2.199999999999999 219.75430367070996 53.639455292123884
2.299999999999999 222.19476817385302 55.63331507740532
2.399999999999999 221.0165361776724 55.26616388380222
2.499999999999999 224.2487249277958 52.47052342566915
2.599999999999999 221.65452024797324 48.6403733425779
2.6999999999999993 223.62509171525826 52.12527389147612
2.7999999999999994 223.4120317297282 49.532862372480686
2.8999999999999995 218.5003291409218 52.11765305967132
2.9999999999999996 221.27333668042922 50.195643820248385
3.0999999999999996 220.10542757709644 51.496498841263524
3.1999999999999997 220.72000427643985 52.18691131534882
3.3 219.02459039798507 49.43848116555146
3.4 220.8208218914454 47.66177790622485
3.5 220.9893176232782 46.982536867684914
3.6 215.90648723669284 49.48106355563179
3.7 218.5891798936744 50.17297834781806
3.8000000000000003 214.89591688344447 48.296558717760526
3.9000000000000004 213.8124753495269 47.950972992527184
4.0 215.77889473923827 48.17268180745704
