# Rounds: 50, repetitions: 1000
# Good arm ~ N(5.0,0.0), 1 bad arm(s) ~ N(2.2,0.0)
# Observation noise range from 0.5 to 4.0 with step size 0.1

# Observation noise | mean | standard deviation

0.5 249.72200000000007 4.239080773682628
0.6 249.48399999999998 4.581896744556546
0.7 249.4476 4.817034155791074
0.7999999999999999 249.37480000000002 4.543902729153878
0.8999999999999999 249.20679999999996 4.884601630951373
0.9999999999999999 248.61039999999974 5.4353504831679915
1.0999999999999999 248.68599999999984 4.752463562186451
1.1999999999999997 248.2239999999999 5.133218671938103
1.2999999999999996 247.87680000000006 4.844127096529078
1.3999999999999995 247.51839999999973 4.816793844762632
1.4999999999999993 247.0732 4.721369832272542
1.5999999999999992 246.77080000000012 4.221925154714571
1.699999999999999 245.91120000000038 4.850133849530183
1.799999999999999 245.3792 5.1972626351666
1.8999999999999988 244.81079999999992 5.179698121766608
1.9999999999999987 244.32080000000008 4.85006912636619
2.0999999999999988 243.67959999999988 4.963424162754946
2.199999999999999 242.79759999999996 5.292969844026109
2.299999999999999 242.24319999999986 5.444286364071422
2.399999999999999 241.50679999999977 5.174817145802608
2.499999999999999 240.4623999999997 5.942098516077868
2.599999999999999 240.14319999999998 5.531163306893743
2.6999999999999993 239.2836000000001 5.776072545774874
2.7999999999999994 237.74920000000012 6.365458225329756
2.8999999999999995 237.39359999999988 6.138237287446386
2.9999999999999996 236.5003999999998 6.447210743132752
3.0999999999999996 235.54839999999982 6.432367588438397
3.1999999999999997 234.8540000000002 6.751885066553788
3.3 234.00560000000004 6.865430997598217
3.4 233.17399999999984 6.970353637357983
3.5 231.5611999999998 7.723620191909299
3.6 230.83320000000032 7.461850774236701
3.7 229.7244000000002 7.748429699158579
3.8000000000000003 229.40239999999974 7.607150779561514
3.9000000000000004 227.62719999999953 7.896683973528268
4.0 226.93560000000016 8.48804686483172
