# Rounds: 50, repetitions: 1000
# Good arm ~ N(5.0,2.0), 1 bad arm(s) ~ N(2.3,2.0)
# Observation noise range from 0.5 to 4.0 with step size 0.1

# Observation noise | mean | standard deviation

0.5 242.65877527677807 27.262398515206527
0.6 244.47857047407066 26.100409435806522
0.7 243.391099691164 26.27178036877324
0.7999999999999999 243.65796234590658 23.979778978849225
0.8999999999999999 243.47958702862823 24.2783071205383
0.9999999999999999 245.2392704057898 20.090613937549996
1.0999999999999999 244.15185230953125 20.322249114451186
1.1999999999999997 244.83370217908785 18.612912893225246
1.2999999999999996 243.30365447435224 21.45641470783184
1.3999999999999995 242.04925004859786 20.39142429884453
1.4999999999999993 242.90761384297602 21.046727574518698
1.5999999999999992 241.2634788748788 20.194290962659785
1.699999999999999 242.8248981704333 17.894133004914867
1.799999999999999 241.39868190039627 20.07600168548846
1.8999999999999988 240.8137097229717 18.32279797994431
1.9999999999999987 241.50632472798313 18.219424166695397
2.0999999999999988 239.80740204873706 18.725736234074517
2.199999999999999 241.1283784653657 18.104872075845144
2.299999999999999 238.1181152008001 19.22156182781103
2.399999999999999 239.14398318996692 18.839583019166174
2.499999999999999 238.18195813306517 18.081035150706747
2.599999999999999 236.66620065050364 19.267814870368795
2.6999999999999993 235.78851123565144 18.47144793930583
2.7999999999999994 235.65635760985725 18.809781303637436
2.8999999999999995 235.26805852032692 18.661640638393322
2.9999999999999996 233.14308432049498 19.489292767322265
3.0999999999999996 233.3866384556998 19.303507166491222
3.1999999999999997 232.041398203906 19.269662732323884
3.3 231.31906347134094 19.27131587628581
3.4 230.0633348054698 19.880547524805728
3.5 229.6568547070528 19.213517537358282
3.6 227.85063966375563 21.095854006740765
3.7 227.09445044913153 20.076390076444927
3.8000000000000003 226.35965449898478 20.69545048275265
3.9000000000000004 226.16715299016454 19.8032776888448
4.0 225.09919477549337 19.836152787400888
