# Rounds: 50, repetitions: 1000
# Good arm ~ N(5.0,2.0), 1 bad arm(s) ~ N(1.5,2.0)
# Observation noise range from 0.5 to 4.0 with step size 0.1

# Observation noise | mean | standard deviation

0.5 245.9015488956817 22.56986919785068
0.6 245.6094423666526 20.43154462447735
0.7 246.16109587221365 21.18614650685347
0.7999999999999999 246.07524889836958 19.83004454278666
0.8999999999999999 246.08634770512342 18.551228774444787
0.9999999999999999 244.62337022194106 17.32136652766675
1.0999999999999999 246.3348812547658 17.39348313418048
1.1999999999999997 246.40119802857305 16.408758231792707
1.2999999999999996 245.92972924688465 16.130074869810315
1.3999999999999995 245.26902667546824 16.220221537381747
1.4999999999999993 244.78650412562737 16.727568725056095
1.5999999999999992 243.51253370278303 15.169712545068805
1.699999999999999 244.54399976972786 16.438861897107937
1.799999999999999 242.99907352506148 16.99372908231057
1.8999999999999988 243.39303423063842 16.537576715375508
1.9999999999999987 243.23842538748073 17.098029911293413
2.0999999999999988 242.59778745823346 16.88830556660115
2.199999999999999 241.3743350133599 16.731700433125788
2.299999999999999 240.60054290385406 17.596894298189483
2.399999999999999 240.09288784245697 17.768283742803533
2.499999999999999 239.1889276504351 17.56370018573776
2.599999999999999 238.2346679174464 17.626877404231003
2.6999999999999993 237.80441120523807 17.19083313647274
2.7999999999999994 236.74213410885582 17.598460758418778
2.8999999999999995 237.19872154563313 18.464283397470968
2.9999999999999996 235.44725065798508 18.06611306209746
3.0999999999999996 235.26625318022855 18.08611432786606
3.1999999999999997 233.79716587331347 17.61889775927013
3.3 232.96498239009043 18.490906707964704
3.4 230.7682794144995 18.43981106181142
3.5 230.95527312378456 17.81564910716065
3.6 230.73716670418122 18.889535520020605
3.7 229.10671149510415 19.39304339023931
3.8000000000000003 228.85898236057875 19.654643363732617
3.9000000000000004 227.38912351350655 19.257896952979298
4.0 225.7097585079973 19.448489419195983
