# Rounds: 50, repetitions: 1000
# Good arm ~ N(5.0,4.0), 1 bad arm(s) ~ N(0.1,4.0)
# Observation noise range from 0.5 to 4.0 with step size 0.1

# Observation noise | mean | standard deviation

0.5 233.36551460305793 57.372612412901496
0.6 237.74062538875407 48.75477879286044
0.7 235.04004966046824 53.47962366863729
0.7999999999999999 233.71843043032592 56.41185732124563
0.8999999999999999 234.13772455497548 51.55779423271577
0.9999999999999999 233.94070955194232 54.49300883163317
1.0999999999999999 234.43123974074524 52.43019911331308
1.1999999999999997 236.42408156107987 46.55187760803559
1.2999999999999996 237.06594363236934 44.60863025656851
1.3999999999999995 236.53568415874793 45.89287317039677
1.4999999999999993 235.90441905037636 43.511552397174796
1.5999999999999992 238.37829880666794 40.93868016261977
1.699999999999999 238.72876740491222 39.77621240192697
1.799999999999999 238.17711603370796 36.03263242878947
1.8999999999999988 237.01139491468612 35.93034021128551
1.9999999999999987 235.53382026056966 36.91476205884859
2.0999999999999988 235.83114978170408 37.29879541424746
2.199999999999999 236.93582316930545 35.73898777588331
2.299999999999999 235.39307298758467 34.6313267698221
2.399999999999999 234.52854523287488 34.607432161091104
2.499999999999999 235.86429941756458 33.98812223194642
2.599999999999999 234.87774217905982 35.41969847820168
2.6999999999999993 234.64136746094374 32.73475188321889
2.7999999999999994 234.07948164638856 34.42942637164609
2.8999999999999995 232.83223743308807 35.11516331527898
2.9999999999999996 232.4018130620087 34.6884405620606
3.0999999999999996 232.3957004325736 34.14010810138869
3.1999999999999997 229.73917047862392 35.6200282435908
3.3 228.995335520754 34.28064360121586
3.4 228.6859424749938 34.24140574338359
3.5 227.82783952090833 34.61673649134951
3.6 226.73931984041226 34.67424303543775
3.7 227.47083255325853 35.86217172529905
3.8000000000000003 226.05885546591685 34.26038020479464
3.9000000000000004 226.05472059564994 34.95715290134837
4.0 223.40773130669893 35.19236374736101
