# Rounds: 50, repetitions: 1000
# Good arm ~ N(5.0,1.0), 1 bad arm(s) ~ N(0.1,1.0)
# Observation noise range from 0.5 to 4.0 with step size 0.1

# Observation noise | mean | standard deviation

0.5 248.62813629978208 8.077385570224179
0.6 249.20645874372602 7.628485826843324
0.7 248.86953512211585 7.445733661024178
0.7999999999999999 248.920116005449 8.10997912223007
0.8999999999999999 248.46163338419262 7.542686087884882
0.9999999999999999 248.74066597373815 7.3748372496551555
1.0999999999999999 248.74741610592483 7.74135238735846
1.1999999999999997 248.17458280273664 7.865510260669085
1.2999999999999996 247.534893965675 8.247124562700552
1.3999999999999995 247.23215332640802 8.011889952416366
1.4999999999999993 247.46090242788958 8.32386627346309
1.5999999999999992 246.5368040922417 8.430948156254694
1.699999999999999 246.28688546229068 8.23800948705717
1.799999999999999 245.72348211232728 8.587632712904169
1.8999999999999988 245.63963952860485 8.95570576673175
1.9999999999999987 244.73911790875184 9.037555297364603
2.0999999999999988 244.40393473707252 8.200578478437201
2.199999999999999 244.1446083812408 8.77392416990151
2.299999999999999 243.21076432351413 8.97888663291364
2.399999999999999 241.97481184248812 8.924573699657094
2.499999999999999 241.77601533183832 9.084320624017932
2.599999999999999 241.09612754647424 8.967436538087501
2.6999999999999993 240.1144486770684 9.273481114191629
2.7999999999999994 239.50357969506842 8.9752576155265
2.8999999999999995 239.03057081225387 9.343092541303394
2.9999999999999996 238.02819900041447 9.116561062186866
3.0999999999999996 236.98870597901296 9.490198786245314
3.1999999999999997 236.236475068174 9.964894792222992
3.3 235.69077324650726 10.120127119499394
3.4 234.06359102497623 10.075612549453725
3.5 233.6578310233159 10.667120106160034
3.6 232.2514518166936 10.183630482529626
3.7 232.22780355632767 10.048259922775719
3.8000000000000003 230.50151901971506 10.594499556890998
3.9000000000000004 230.13024092326992 10.777734427609907
4.0 228.21091558841584 11.335275229700251
