# Rounds: 50, repetitions: 1000
# Good arm ~ N(5.0,1.0), 1 bad arm(s) ~ N(2.3,1.0)
# Observation noise range from 0.5 to 4.0 with step size 0.1

# Observation noise | mean | standard deviation

0.5 249.25631082432295 8.418681204562402
0.6 249.08721680410744 8.57000912472606
0.7 249.47701952183277 8.33443806476644
0.7999999999999999 248.48972640939496 8.641643871144622
0.8999999999999999 248.70343227909956 8.793367772802874
0.9999999999999999 248.41310867715788 9.954427666218107
1.0999999999999999 248.2156801767755 9.05310985062423
1.1999999999999997 247.4597357403362 9.31954739709268
1.2999999999999996 247.15041648208137 8.915536867292158
1.3999999999999995 246.40852843260626 8.884938530922526
1.4999999999999993 245.9157227602549 9.295229165742445
1.5999999999999992 245.6149124971946 9.039155081262118
1.699999999999999 245.57221349861342 9.28490907884594
1.799999999999999 244.4762043009432 9.520048682209339
1.8999999999999988 243.99872503417936 9.34131074564394
1.9999999999999987 242.92814879928966 9.578562095437217
2.0999999999999988 242.24362763951376 9.825526641398296
2.199999999999999 241.9386644656549 10.063052064518438
2.299999999999999 241.54016462925557 9.827646894631139
2.399999999999999 240.94792832850328 9.784668378553981
2.499999999999999 239.36440699187818 10.322561084310893
2.599999999999999 239.15897913626802 10.371922618670736
2.6999999999999993 237.89491218505162 10.79391225270351
2.7999999999999994 237.16471411937133 10.642129960395147
2.8999999999999995 236.59814423507495 11.105060990991179
2.9999999999999996 235.36404503800705 10.909539557849682
3.0999999999999996 235.63966823595533 11.047844522701194
3.1999999999999997 233.7403431209448 11.322474688071699
3.3 232.79287409881897 11.719399007906892
3.4 231.90194660366706 11.905206803055345
3.5 231.52927482024862 11.907887546258374
3.6 230.68125122059925 11.765603744560128
3.7 229.22420663511306 12.142044444165768
3.8000000000000003 227.9547806549611 11.989182492181975
3.9000000000000004 227.7407545261173 11.956211610471808
4.0 225.92975306350218 12.150681331467435
