# Rounds: 10000, repetitions: 1000
# Good arm ~ N(5.0,3.0), 13 bad arm(s) ~ N(5.0,3.0)
# Observation noise range from 0.5 to 8.0 with step size 0.1

# Observation noise | mean | standard deviation

0.5 49993.48278998452 305.24877494141066
0.6 50014.13267441963 291.4343285195476
0.7 50016.08352743592 300.51964794080266
0.7999999999999999 49993.54966786654 294.60602243388956
0.8999999999999999 50021.73392354859 300.69329428264837
0.9999999999999999 50010.2279366857 304.05062660198246
1.0999999999999999 50011.619155352084 292.7353127501471
1.1999999999999997 50001.137733675554 309.1246390291286
1.2999999999999996 50002.91388502253 306.4310560463184
1.3999999999999995 50009.5130518585 293.3477383409552
1.4999999999999993 50004.580772194306 292.8164990990693
1.5999999999999992 50006.43454762535 300.297920139993
1.699999999999999 49997.57961469119 303.3278748189373
1.799999999999999 50010.7779103108 292.6607877963135
1.8999999999999988 50008.43932987327 299.48540578561085
1.9999999999999987 49993.12200195739 297.93089146776583
2.0999999999999988 49996.738185670765 310.4738255633291
2.199999999999999 49993.18817864975 301.36721334988806
2.299999999999999 50003.8925804074 286.99826699634633
2.399999999999999 50001.53394433873 301.38062316213257
2.499999999999999 50008.499823414684 295.267595743409
2.599999999999999 50001.22721027066 298.1661057771375
2.6999999999999993 49993.595261139286 298.7917500125805
2.7999999999999994 50003.39938423682 286.57651339107696
2.8999999999999995 50015.55913210506 288.0423190003135
2.9999999999999996 50008.19441446566 306.90906720530313
3.0999999999999996 50005.79052847085 295.9836072356422
3.1999999999999997 50022.59013269524 291.427640799066
3.3 50001.147072025626 308.7120058357227
3.4 50011.620542424 305.90698658579123
3.5 50003.4777187521 298.72009609926437
3.6 50010.402581944916 304.21302319911166
3.7 50034.31807174362 307.91669391300087
3.8000000000000003 49994.582386420174 301.7365805611879
3.9000000000000004 49996.729176895096 302.27066618057523
4.0 49994.182003644906 312.257494318458
4.1 50000.88391654842 301.2830730379659
4.199999999999999 50012.26605594066 312.7833396482233
4.299999999999999 50004.221196414765 288.2564805107946
4.399999999999999 49996.029451341965 296.8836576668177
4.499999999999998 49988.643535761614 304.2562658623161
4.599999999999998 50003.41454076391 299.37721279205203
4.6999999999999975 49995.676308396665 298.0165971745471
4.799999999999997 50010.309219204806 305.1974624893801
4.899999999999997 50012.05297154093 303.6495648225217
4.9999999999999964 49997.50153299369 308.5110982718683
5.099999999999996 50015.49463699595 289.7566499315965
5.199999999999996 50000.35073866402 292.192924040084
5.299999999999995 50008.66978238183 301.9294895596782
5.399999999999995 50014.19984212474 312.3677935639691
5.499999999999995 50013.288317171966 309.15667365191223
5.599999999999994 50016.60016399193 311.1392500544627
5.699999999999994 50003.473286084634 304.0794321496615
5.799999999999994 49998.412992961625 303.9149215805169
5.899999999999993 50005.65047647693 309.8108881065334
5.999999999999993 50007.511920492485 303.6564945890514
6.0999999999999925 49999.06225761246 288.3641326108319
6.199999999999992 50006.691355052004 299.2088756497508
6.299999999999992 50007.99074090423 305.89608926242266
6.3999999999999915 49986.04945461143 297.7176211327095
6.499999999999991 50001.46143010471 305.21002686442904
6.599999999999991 50010.11072414421 292.37853639942045
6.69999999999999 50011.719498870414 287.08337457604244
6.79999999999999 49998.02193031478 295.78318568895685
6.89999999999999 50003.67073298641 305.1369528125287
6.999999999999989 50020.38136854962 306.7552698852707
7.099999999999989 50009.350681780415 308.74787917463493
7.199999999999989 50002.851524873746 297.31886634281955
7.299999999999988 49994.13668536678 300.22847538879176
7.399999999999988 49998.68308321322 300.3723187544593
7.499999999999988 50015.74719369623 295.12624545425496
7.599999999999987 50015.85962125815 299.1265198137509
7.699999999999987 50009.17998159479 286.6777218809533
7.7999999999999865 50005.86180853134 307.2182309956142
7.899999999999986 49985.83789857239 297.6588318313954
7.999999999999986 49998.11424480652 302.3896976543529
