# Rounds: 10000, repetitions: 1000
# Good arm ~ N(5.0,0.0), 13 bad arm(s) ~ N(1.0,0.0)
# Observation noise range from 0.5 to 8.0 with step size 0.1

# Observation noise | mean | standard deviation

0.5 49952.27200000002 2.46334814512367
0.6 49952.25999999998 2.520863890565027
0.7 49951.87600000007 3.391183292616944
0.7999999999999999 49951.69600000003 3.483635991276857
0.8999999999999999 49950.5 4.941094455119677
0.9999999999999999 49945.847999999954 5.764905040859781
1.0999999999999999 49931.06400000003 7.214426654416311
1.1999999999999997 49911.60799999994 6.449180407457085
1.2999999999999996 49901.22800000006 3.3715550393524887
1.3999999999999995 49896.28800000001 4.391849763407754
1.4999999999999993 49887.89600000004 6.4129798308048835
1.5999999999999992 49874.26000000009 7.366047695926092
1.699999999999999 49858.659999999996 7.076614902513683
1.799999999999999 49845.047999999995 6.556270333099492
1.8999999999999988 49832.696 6.957297462951329
1.9999999999999987 49818.08799999996 7.973947569418834
2.0999999999999988 49801.984000000026 8.187476948289927
2.199999999999999 49786.59200000003 8.146404108556105
2.299999999999999 49770.54000000002 8.733881192269662
2.399999999999999 49753.83999999999 9.083661866940712
2.499999999999999 49737.388000000006 9.58610188498685
2.599999999999999 49719.95200000004 9.5557840604007
2.6999999999999993 49701.97199999999 9.939114749413228
2.7999999999999994 49682.72000000005 10.314843478986718
2.8999999999999995 49664.50000000007 10.758891845992029
2.9999999999999996 49644.68399999996 11.066644234573397
3.0999999999999996 49625.09200000001 11.527203147876323
3.1999999999999997 49604.64799999999 11.337929469027541
3.3 49583.91199999998 11.924363565677023
3.4 49563.19200000003 12.643852379832767
3.5 49542.16400000003 12.742663751330857
3.6 49520.68799999997 13.110398107553374
3.7 49498.52799999992 13.524204971831665
3.8000000000000003 49475.452000000005 13.36047148113414
3.9000000000000004 49452.991999999926 14.481493350122701
4.0 49429.627999999946 14.119950034932325
4.1 49406.540000000045 14.572328322980903
4.199999999999999 49381.76799999997 15.009979196370368
4.299999999999999 49357.44000000001 15.813679915581595
4.399999999999999 49331.939999999966 15.62461290811819
4.499999999999998 49309.03199999996 16.060913078929502
4.599999999999998 49281.636000000006 16.56641029160958
4.6999999999999975 49256.712000000014 16.854469114425694
4.799999999999997 49230.64399999996 17.347685903491712
4.899999999999997 49204.55600000001 17.030234669343102
4.9999999999999964 49177.60399999999 18.913087767175565
5.099999999999996 49151.023999999976 18.489924318430976
5.199999999999996 49122.928 18.50019116314957
5.299999999999995 49096.116 18.497802915825243
5.399999999999995 49067.95199999993 19.692676240102557
5.499999999999995 49039.96000000004 18.381520075344294
5.599999999999994 49010.59199999997 20.214503757504648
5.699999999999994 48981.059999999976 20.04869946780463
5.799999999999994 48951.256000000096 20.931617151968968
5.899999999999993 48923.840000000026 21.27540935077501
5.999999999999993 48893.24 22.17498884171379
6.0999999999999925 48864.99599999996 21.8059506438836
6.199999999999992 48832.34400000006 21.266074153682432
6.299999999999992 48801.89999999996 22.75952539039426
6.3999999999999915 48771.34800000006 22.41636432139238
6.499999999999991 48741.34799999996 23.172739843873966
6.599999999999991 48708.576000000045 24.00559294190632
6.69999999999999 48677.40000000004 23.548641968031628
6.79999999999999 48646.45199999997 23.406485416644063
6.89999999999999 48611.136000000035 23.834882118559005
6.999999999999989 48581.50000000002 25.43503373186157
7.099999999999989 48548.80800000002 24.578837548900626
7.199999999999989 48513.81600000004 26.061722071984494
7.299999999999988 48480.62800000001 25.29326719436175
7.399999999999988 48448.89199999997 26.01124604706436
7.499999999999988 48413.93599999995 26.81736517771796
7.599999999999987 48378.99200000005 26.473775643016968
7.699999999999987 48346.61999999997 27.843398766222194
7.7999999999999865 48309.97199999999 26.816979068611857
7.899999999999986 48275.16800000002 28.364066991464362
7.999999999999986 48240.32400000001 29.456046623446948
