# Rounds: 1000, repetitions: 1000
# Good arm ~ N(5.0,2.0), 19 bad arm(s) ~ N(3.0,2.0)
# Observation noise range from 0.1 to 10.0 with step size 0.1

# Observation noise | mean | standard deviation

0.1 4605.371214575815 699.1727192229974
0.2 4631.700274663444 666.2374636452492
0.30000000000000004 4677.359183032789 607.6512538162763
0.4000000000000001 4733.283818243718 521.9056922234226
0.5000000000000001 4738.165498755864 494.1184737301662
0.6000000000000001 4771.639096430238 436.8550539179094
0.7000000000000001 4793.772765079612 383.2904262201317
0.8 4814.510730482512 317.10364362947314
0.9 4812.821610230137 290.3761530426115
1.0 4814.905031721059 271.4341869611008
1.1 4817.595007860571 230.91766515055232
1.2000000000000002 4816.1209578169255 196.62406631181173
1.3000000000000003 4800.248903423445 191.64750273309508
1.4000000000000004 4787.7984247737095 184.33232291214097
1.5000000000000004 4791.6511598443685 117.53598302652013
1.6000000000000005 4776.673404302662 133.03720169327863
1.7000000000000006 4760.731824341485 113.63853274500273
1.8000000000000007 4745.155343256657 113.58917338690779
1.9000000000000008 4731.297840113145 109.96830891612251
2.000000000000001 4708.933122301652 98.00667310228037
2.100000000000001 4689.147254700102 103.18990726566587
2.200000000000001 4669.798692390279 103.81205898538215
2.300000000000001 4652.913289714315 98.90571324796461
2.4000000000000012 4637.011209707001 98.65427115334346
2.5000000000000013 4617.608453821037 93.95992000175639
2.6000000000000014 4597.4113338885245 96.81726443749578
2.7000000000000015 4574.0939233555355 100.50432037031608
2.8000000000000016 4554.969615503959 102.42277473317911
2.9000000000000017 4533.896314384096 100.57042084319842
3.0000000000000018 4516.8695483249385 98.16232937062988
3.100000000000002 4490.055110738166 98.86963849458965
3.200000000000002 4470.383560067814 109.07912299688442
3.300000000000002 4449.851275771621 109.47835563602122
3.400000000000002 4428.760739900919 106.33492038028318
3.500000000000002 4411.197524234321 106.5344942740494
3.6000000000000023 4389.339435693138 109.67275184395294
3.7000000000000024 4360.731405705134 105.3880272851228
3.8000000000000025 4334.213521654206 119.30020873198465
3.9000000000000026 4318.193848007807 111.25023737037323
4.000000000000003 4303.696246933294 113.92743849795488
4.100000000000003 4281.062234580548 117.74067108758871
4.200000000000004 4260.933475368991 120.74144893842407
4.300000000000004 4238.017285061709 118.22848491899587
4.400000000000005 4220.440805894415 120.89780970203533
4.500000000000005 4198.104328861988 128.61257440271936
4.600000000000006 4175.9759598830815 122.04785169460304
4.700000000000006 4154.832131272446 128.99950179076208
4.800000000000007 4131.544121067761 124.54763399697103
4.9000000000000075 4117.436634209613 131.47901013972486
5.000000000000008 4100.258404952812 128.6088913582895
5.1000000000000085 4072.503747628652 129.45333477504616
5.200000000000009 4058.1104025886393 130.92866709065663
5.30000000000001 4035.3209601837743 134.08213799520166
5.40000000000001 4021.569533365372 131.9983215725475
5.500000000000011 3993.542004137468 131.26724535446726
5.600000000000011 3983.5151019119444 139.6418722120548
5.700000000000012 3970.439963248492 138.05919652031648
5.800000000000012 3956.244050903632 129.68707514475096
5.900000000000013 3923.3474512183657 140.7632251044243
6.000000000000013 3907.6859274427543 133.00423880033432
6.100000000000014 3897.5260192042942 133.10360847503617
6.200000000000014 3877.771589757236 136.94738652868122
6.300000000000015 3862.0645604794395 138.2364522233845
6.4000000000000155 3840.1169274610943 141.19598501751761
6.500000000000016 3822.397213642344 136.80225587946208
6.6000000000000165 3815.3116364633047 133.16031430929132
6.700000000000017 3784.454280382916 139.7381248596633
6.800000000000018 3779.529075100863 140.40529704110074
6.900000000000018 3768.43893359553 134.90178265971787
7.000000000000019 3748.7826498479667 134.19013695114157
7.100000000000019 3738.4368000778068 134.1540693746096
7.20000000000002 3721.4844020479404 136.29743069318553
7.30000000000002 3702.471635434042 132.08965867653498
7.400000000000021 3694.0527119377475 132.30572514941446
7.500000000000021 3673.5967147533743 140.05298460951175
7.600000000000022 3665.8755874255216 135.3401825954823
7.700000000000022 3658.742648600767 132.39865173935746
7.800000000000023 3646.386921072985 131.28725887426566
7.9000000000000234 3638.2634909063086 131.50471424163274
8.000000000000025 3616.577471835622 134.03330627058952
8.100000000000026 3604.5937579514034 127.10301709106206
8.200000000000028 3589.3709931282506 129.4256243953971
8.30000000000003 3583.0986775415254 130.7443643754761
8.40000000000003 3571.821034452253 135.5337121784185
8.500000000000032 3560.905504501166 125.90244572721492
8.600000000000033 3551.483787925623 119.84617029465862
8.700000000000035 3535.4662740102062 123.4923572878726
8.800000000000036 3528.787374257687 122.95083550142935
8.900000000000038 3523.5573376829434 125.2677070718554
9.000000000000039 3520.3902557370775 124.54452935928964
9.10000000000004 3503.1963110570077 124.08533917280883
9.200000000000042 3501.01756627817 120.94851281180368
9.300000000000043 3486.924621434303 121.33813441654715
9.400000000000045 3473.270976471006 116.52295684096735
9.500000000000046 3471.7031605018656 116.98249644706894
9.600000000000048 3459.5340418969718 116.24589200725177
9.700000000000049 3448.732136274022 115.75447832605268
9.80000000000005 3454.0295092361234 117.1355524809314
9.900000000000052 3440.227374196507 111.78473873163591
10.000000000000053 3420.602454785101 115.90169894794165
