# Rounds: 1000, repetitions: 1000
# Good arm ~ N(5.0,4.0), 19 bad arm(s) ~ N(4.9,4.0)
# Observation noise range from 0.5 to 8.0 with step size 0.1

# Observation noise | mean | standard deviation

0.5 4902.318054995031 128.565713849949
0.6 4912.415909032406 124.76258823370222
0.7 4908.503642246662 125.25135466262303
0.7999999999999999 4916.6057368283555 127.97402474945982
0.8999999999999999 4916.647646332605 125.29803578864082
0.9999999999999999 4915.797995574486 121.76299845904947
1.0999999999999999 4912.940280592004 128.88846110526492
1.1999999999999997 4911.7959590278715 126.91499011595883
1.2999999999999996 4911.628258211528 131.0447373327013
1.3999999999999995 4912.281481605148 126.94125861870862
1.4999999999999993 4911.0452949539595 132.310867473456
1.5999999999999992 4909.144069604011 127.1815678702889
1.699999999999999 4910.000403883538 134.9673348692761
1.799999999999999 4906.676771065066 128.57418595277048
1.8999999999999988 4909.9693435247 131.43745651285298
1.9999999999999987 4908.119806206865 128.34492617392763
2.0999999999999988 4910.524615226966 126.73566279357856
2.199999999999999 4911.4459802334295 122.43035432280199
2.299999999999999 4910.7354337149545 130.70381123233219
2.399999999999999 4913.320224143638 129.8398075425805
2.499999999999999 4913.730036376534 125.75026912636872
2.599999999999999 4906.973565112294 126.74211731326773
2.6999999999999993 4908.241536138747 125.19756873915166
2.7999999999999994 4914.304494877352 124.76150020581011
2.8999999999999995 4914.277548393521 121.42695449349618
2.9999999999999996 4911.9943099338 125.30576080368122
3.0999999999999996 4904.105376673325 127.45296423069075
3.1999999999999997 4906.3097910421375 121.38921407261651
3.3 4911.683785257195 123.26571306849097
3.4 4908.632759964291 127.81176660727242
3.5 4907.471835174736 124.17833641142789
3.6 4912.415013948004 124.35239573452624
3.7 4913.666188974435 127.08816907055073
3.8000000000000003 4913.294136583449 128.5379035546593
3.9000000000000004 4913.126957783139 125.46170728605156
4.0 4903.379441801046 125.47624408634431
4.1 4912.298619385682 130.23986855490003
4.199999999999999 4911.81832470167 127.47037694166005
4.299999999999999 4904.427209526187 132.74094469048984
4.399999999999999 4915.817102516943 123.29385134271489
4.499999999999998 4910.293179370319 126.06322664619482
4.599999999999998 4905.963476254117 127.74208082272085
4.6999999999999975 4906.137193395945 127.28623752448567
4.799999999999997 4914.02203649983 126.64812353205971
4.899999999999997 4912.497903449692 127.62778524956704
4.9999999999999964 4904.176804144147 126.1293051530215
5.099999999999996 4913.176178047522 128.6579572617437
5.199999999999996 4911.291669136039 130.31350750119725
5.299999999999995 4907.548433500962 126.50711865778153
5.399999999999995 4908.2331558629585 131.94036050779945
5.499999999999995 4907.983133701404 126.1076257174152
5.599999999999994 4909.278653849505 128.08720236643921
5.699999999999994 4909.268828572107 127.30208552741868
5.799999999999994 4914.267411785838 130.25307075747267
5.899999999999993 4906.855017577711 131.8881325843974
5.999999999999993 4908.5631048769055 128.81932238150821
6.0999999999999925 4913.6818156201 123.88372375013378
6.199999999999992 4906.909945930796 129.43786354340236
6.299999999999992 4902.070065421051 124.41684512356234
6.3999999999999915 4912.082157776013 131.93486606390576
6.499999999999991 4909.742178059409 125.24213086142574
6.599999999999991 4910.781568491149 123.9065822831783
6.69999999999999 4904.1844578951495 126.06869208484608
6.79999999999999 4902.952298090958 130.8822972102028
6.89999999999999 4912.112014387901 124.77430794676134
6.999999999999989 4914.365388529239 124.26898093332905
7.099999999999989 4906.99777725382 126.44164713634882
7.199999999999989 4919.950195194574 125.93843005494416
7.299999999999988 4917.686741401848 126.65197001210396
7.399999999999988 4913.3761517782505 124.050825885149
7.499999999999988 4913.658857319803 120.31377827131863
7.599999999999987 4908.479895007195 122.1853333499554
7.699999999999987 4913.637077311338 127.91873010685964
7.7999999999999865 4907.132069136047 127.2940198595065
7.899999999999986 4911.360520021071 124.97396791717627
7.999999999999986 4907.703689648432 128.0675454008089
