# Rounds: 500, repetitions: 1000
# Good arm ~ N(5.0,5.0), 16 bad arm(s) ~ N(4.9,5.0)
# Observation noise range from 0.5 to 8.0 with step size 0.1

# Observation noise | mean | standard deviation

0.5 2459.1059558322704 112.21868745799544
0.6 2457.4865023857596 113.25104325184188
0.7 2458.4725349995642 107.99336532202996
0.7999999999999999 2457.151729856577 113.30470436048486
0.8999999999999999 2464.4286391242454 115.8119483729988
0.9999999999999999 2453.5572410792192 115.01407726395702
1.0999999999999999 2456.982887769052 110.10866704573286
1.1999999999999997 2454.014722155734 110.50579999332912
1.2999999999999996 2457.657695005921 114.9580518792765
1.3999999999999995 2459.1660024704374 110.98560669772414
1.4999999999999993 2460.6427618132084 110.47911636613316
1.5999999999999992 2463.2224006345627 106.54272311674744
1.699999999999999 2457.877547408099 113.4046789430084
1.799999999999999 2460.1668957811394 109.56849965091511
1.8999999999999988 2458.028723315083 114.513979243574
1.9999999999999987 2459.1771194808443 113.87330589243365
2.0999999999999988 2451.564647736871 111.95901970794945
2.199999999999999 2460.196970975505 112.8615271979945
2.299999999999999 2456.9984721645474 110.25703145872492
2.399999999999999 2462.018112061521 109.39076759370354
2.499999999999999 2455.355114266009 111.38979296630951
2.599999999999999 2461.545878002928 110.18750926143561
2.6999999999999993 2461.6444716204533 106.36004077945107
2.7999999999999994 2456.2708963710757 109.38808877315402
2.8999999999999995 2456.1126327453712 114.72492589609367
2.9999999999999996 2463.5107824942934 113.10125946730619
3.0999999999999996 2456.7861689376205 115.59763184887709
3.1999999999999997 2463.7987529813545 116.57695468876194
3.3 2454.433041673514 112.28060370127824
3.4 2455.1480476225183 114.32922359452567
3.5 2458.6992332963587 112.7604879188425
3.6 2454.8768992381447 113.04945939027154
3.7 2456.5156013822984 115.75599591037259
3.8000000000000003 2459.2248808196823 114.06268468431223
3.9000000000000004 2456.909936624591 114.76927874995933
4.0 2461.50882886712 115.06065911391651
4.1 2452.1069537690396 113.48787636666594
4.199999999999999 2458.0476348812526 115.18735094929336
4.299999999999999 2454.713514272613 109.1530280147304
4.399999999999999 2458.618657098101 112.92333093939345
4.499999999999998 2459.1796386166966 109.14283910498463
4.599999999999998 2455.3334541802874 112.17800018462464
4.6999999999999975 2456.9298849579227 110.91084394761609
4.799999999999997 2453.594570706487 116.29364000995628
4.899999999999997 2458.9690783637134 110.35778113477835
4.9999999999999964 2461.5071509457794 110.77944527258737
5.099999999999996 2461.9699115980684 108.93105313112913
5.199999999999996 2459.051213314599 109.6436483000173
5.299999999999995 2456.2779263107213 110.25618131291974
5.399999999999995 2459.8514226628395 109.42517248966769
5.499999999999995 2460.178931399104 111.5913874265818
5.599999999999994 2459.6567067302517 111.87369026116704
5.699999999999994 2460.826067680946 114.86090598038805
5.799999999999994 2456.1267940858284 111.51356259858318
5.899999999999993 2460.0733421985215 113.55658014753087
5.999999999999993 2458.0497149419884 114.69997925240051
6.0999999999999925 2459.6715350448167 107.33802410949738
6.199999999999992 2463.399463334674 111.46360341105095
6.299999999999992 2456.817305875885 110.54498647493222
6.3999999999999915 2457.51697255286 112.65512151309461
6.499999999999991 2457.0428218224997 110.86134731919435
6.599999999999991 2462.7488553869543 117.272339596725
6.69999999999999 2461.823798593948 117.52916172741948
6.79999999999999 2458.5996759510394 112.89502446148651
6.89999999999999 2455.442004760731 109.53439800855932
6.999999999999989 2461.463346013019 109.10533542407555
7.099999999999989 2459.1508888225003 109.61446156864366
7.199999999999989 2453.6488191776084 110.24078381983242
7.299999999999988 2465.460829151753 111.38078037850664
7.399999999999988 2465.7228217953266 109.36763067895988
7.499999999999988 2461.9860933504438 110.1828779877075
7.599999999999987 2452.950704301082 115.26609541040428
7.699999999999987 2458.635186738316 112.83690907188188
7.7999999999999865 2460.188968200293 112.70595756760054
7.899999999999986 2455.4520595112804 109.60897031478
7.999999999999986 2457.597005936083 114.71522435872703
