# Rounds: 500, repetitions: 1000
# Good arm ~ N(5.0,4.0), 16 bad arm(s) ~ N(1.0,4.0)
# Observation noise range from 0.5 to 8.0 with step size 0.1

# Observation noise | mean | standard deviation

0.5 2111.5804200542516 625.4872827596197
0.6 2110.156680067963 615.4194246733075
0.7 2139.2078672219086 561.258044309355
0.7999999999999999 2127.3043209149246 582.1709292422695
0.8999999999999999 2194.948021765046 484.7273168899775
0.9999999999999999 2194.5743661121396 481.08086872669094
1.0999999999999999 2223.5225485349297 422.500932585647
1.1999999999999997 2209.1771173501784 431.3681800778946
1.2999999999999996 2209.8527723221023 412.18988881961377
1.3999999999999995 2231.033151564386 374.03778426144197
1.4999999999999993 2233.8837966390984 361.4783494394812
1.5999999999999992 2233.2522450745537 346.7048577451742
1.699999999999999 2229.5350726553147 327.70071656788366
1.799999999999999 2264.5585496557874 239.04969306319686
1.8999999999999988 2244.8800248482758 276.8376158393077
1.9999999999999987 2253.227846530426 214.18561270663795
2.0999999999999988 2236.6730509141175 240.30823212525397
2.199999999999999 2246.7820466911626 165.95845123611605
2.299999999999999 2229.5091075232854 203.20983246206399
2.399999999999999 2220.4458859783963 202.8944985672771
2.499999999999999 2209.283682791006 221.7056038551827
2.599999999999999 2206.3415635179563 167.29735252425615
2.6999999999999993 2200.105509381521 162.92270775170806
2.7999999999999994 2197.1640247218934 153.27593277719706
2.8999999999999995 2178.9539994958727 167.53278235576823
2.9999999999999996 2160.016196674185 152.55160364644058
3.0999999999999996 2154.2938917468628 156.3056679505084
3.1999999999999997 2137.0133140798257 161.33783266589776
3.3 2129.578061388235 159.47949043480418
3.4 2120.9783081845803 155.09792820946635
3.5 2107.6661317976136 156.33517407342322
3.6 2090.8198377841045 163.60749182834542
3.7 2079.366531069768 157.10614192043323
3.8000000000000003 2069.128517752368 155.15570117234796
3.9000000000000004 2053.119911339219 168.24087488821107
4.0 2038.9476201081793 157.13001056823705
4.1 2020.3482453772801 167.6699903652995
4.199999999999999 2001.8530327618205 164.09734881199782
4.299999999999999 1990.9984038723878 162.10019096427777
4.399999999999999 1981.5494656973594 155.6744773325884
4.499999999999998 1964.732069072028 168.9893789715349
4.599999999999998 1946.8571085681192 169.90823290043588
4.6999999999999975 1943.9506958891138 170.12197528666957
4.799999999999997 1916.4689327285962 179.414145698312
4.899999999999997 1898.2534725110938 179.44658919111274
4.9999999999999964 1885.7874288787891 174.9018573313775
5.099999999999996 1867.9102612851545 177.963823720059
5.199999999999996 1850.8127317057222 176.10233901243524
5.299999999999995 1830.278296677831 190.40889255134337
5.399999999999995 1830.6935311840973 178.33527644080334
5.499999999999995 1808.1029461975195 173.75745821173183
5.599999999999994 1788.933105904731 188.75518679737493
5.699999999999994 1774.969302658354 187.08696677653774
5.799999999999994 1762.9498497578 187.37952138261414
5.899999999999993 1744.8864797954025 186.0336927676741
5.999999999999993 1718.1887040159347 192.68721291845554
6.0999999999999925 1712.8756998581155 183.79214087233902
6.199999999999992 1680.7475047794117 201.01386590988994
6.299999999999992 1671.4483714283883 196.50609275253794
6.3999999999999915 1672.528978689417 195.74335788460894
6.499999999999991 1640.6267464285718 192.0608873705856
6.599999999999991 1630.1516070186328 199.24586646616248
6.69999999999999 1611.0026088310215 205.8012734697813
6.79999999999999 1594.0241481884607 209.51083287749066
6.89999999999999 1578.1457158969256 196.6629175849387
6.999999999999989 1563.3141304737026 197.3810799301001
7.099999999999989 1551.2242941714414 200.06394899672512
7.199999999999989 1529.7177090589953 205.15335042695932
7.299999999999988 1518.6170568593027 200.15320678734037
7.399999999999988 1498.5358156729458 205.01819008681298
7.499999999999988 1492.3537849384497 198.7442762319145
7.599999999999987 1465.6888511674501 204.92413410747662
7.699999999999987 1454.2818453160992 210.4704405560958
7.7999999999999865 1447.998629385093 206.67740619510204
7.899999999999986 1431.8361922425559 207.5090169017765
7.999999999999986 1421.1549194048907 207.62036902218136
