# Rounds: 500, repetitions: 1000
# Good arm ~ N(5.0,2.0), 16 bad arm(s) ~ N(3.0,2.0)
# Observation noise range from 0.5 to 8.0 with step size 0.1

# Observation noise | mean | standard deviation

0.5 2350.205115974463 239.6014747010471
0.6 2338.467925036585 247.88123756693898
0.7 2359.511382961612 196.78004683655982
0.7999999999999999 2355.641350154602 198.20784713927816
0.8999999999999999 2361.720844449353 177.17520469045624
0.9999999999999999 2354.274101372377 179.95153820337805
1.0999999999999999 2351.5899063255993 159.9025500443138
1.1999999999999997 2354.8220103558097 134.226777492433
1.2999999999999996 2354.542041931487 113.56815912927306
1.3999999999999995 2344.694887597963 108.72298336613879
1.4999999999999993 2338.98054201622 91.28242669320879
1.5999999999999992 2331.121780569162 99.68373697450905
1.699999999999999 2318.714063421827 102.62002766292368
1.799999999999999 2309.487306465271 82.77869584422758
1.8999999999999988 2304.2277715494897 78.57144929822259
1.9999999999999987 2286.4978456710137 83.8069778371764
2.0999999999999988 2274.4798570597372 80.85847399655546
2.199999999999999 2263.919524921164 84.04501273059998
2.299999999999999 2246.2901541717742 83.99774220239982
2.399999999999999 2237.4115183856293 88.09198645737658
2.499999999999999 2226.8091619126626 80.8317410514923
2.599999999999999 2213.6198077249464 80.02672149337634
2.6999999999999993 2197.012706711403 81.13905116152108
2.7999999999999994 2187.6314192575046 84.25138510951001
2.8999999999999995 2170.700452738023 87.28403438137684
2.9999999999999996 2160.816837857591 82.59372191825746
3.0999999999999996 2143.0771976739184 83.6669497995063
3.1999999999999997 2138.452431698952 84.23509968938582
3.3 2121.5317716747372 92.87638450522721
3.4 2114.3969196401135 90.82974278644684
3.5 2089.7901795318726 88.60117499940064
3.6 2085.3452964492135 88.89927431503412
3.7 2067.373846954705 90.28057819265912
3.8000000000000003 2055.7628512432525 94.30337341374981
3.9000000000000004 2045.9725587302773 92.75620513015565
4.0 2030.4579776159962 90.30387618375958
4.1 2027.4676422891273 94.97965983568427
4.199999999999999 2012.8256178075637 95.56373715687128
4.299999999999999 1999.4728299342573 95.32998036385804
4.399999999999999 1989.6307685073918 95.00068050500798
4.499999999999998 1974.7051645863996 97.4120399534317
4.599999999999998 1966.4374806740184 95.4923042326846
4.6999999999999975 1958.5175189146557 93.50072764191256
4.799999999999997 1944.4950330084778 97.3026338588868
4.899999999999997 1940.6577347533062 91.72325649205987
4.9999999999999964 1924.0005975937186 95.92917060496255
5.099999999999996 1915.6557009172896 93.06137426880993
5.199999999999996 1903.507738714456 97.1738200205304
5.299999999999995 1897.3540104527028 93.42598803961651
5.399999999999995 1883.6451341985705 94.99207010985882
5.499999999999995 1879.3553451957612 93.86300292535574
5.599999999999994 1866.7152900099343 96.76814923543782
5.699999999999994 1858.5195186635167 91.91898259799693
5.799999999999994 1852.7617711718249 94.7048023531675
5.899999999999993 1842.737754427899 98.59460783610989
5.999999999999993 1836.2185812689736 89.64624577318921
6.0999999999999925 1828.9379029266954 89.95136180324361
6.199999999999992 1819.853814887819 89.76995470939553
6.299999999999992 1814.1611622790774 87.84041735720771
6.3999999999999915 1803.6635533561314 90.65750150361261
6.499999999999991 1792.891911608167 87.6096345867635
6.599999999999991 1792.9957428630287 87.34418082355243
6.69999999999999 1787.4219145292316 84.08366393373302
6.79999999999999 1782.383565259718 85.91139934873357
6.89999999999999 1770.9882017202324 83.884678976701
6.999999999999989 1768.6576253122546 84.44971740972893
7.099999999999989 1761.3035180278005 85.6184428698388
7.199999999999989 1758.8712270450987 79.22068686533522
7.299999999999988 1751.1055992105698 78.92415124880849
7.399999999999988 1747.1244174532367 79.42912739308227
7.499999999999988 1742.5856124703366 79.42664602399647
7.599999999999987 1734.202549043383 80.51519801330893
7.699999999999987 1732.282451135335 77.38602901908473
7.7999999999999865 1727.9931432987016 77.73207443030171
7.899999999999986 1720.883506390093 76.97795305907057
7.999999999999986 1719.078816764627 75.03672972009562
