# Rounds: 50, repetitions: 1000
# Good arm ~ N(5.0,2.0), 13 bad arm(s) ~ N(4.5,2.0)
# Observation noise range from 0.5 to 8.0 with step size 0.1

# Observation noise | mean | standard deviation

0.5 232.84929746125675 14.778092999485956
0.6 231.92001129500434 14.791599211294299
0.7 232.4061113954172 14.60727727724284
0.7999999999999999 231.8614378386984 14.609328098514846
0.8999999999999999 232.38618826487678 14.646169979937433
0.9999999999999999 232.50241100071077 14.688273887818058
1.0999999999999999 232.7321653290045 14.808898444483143
1.1999999999999997 232.59520429452138 15.122005959345891
1.2999999999999996 232.86825403952577 14.040179438135041
1.3999999999999995 232.1628659660892 14.733409989391184
1.4999999999999993 231.65535333043596 14.72030395891101
1.5999999999999992 231.69747032790067 15.329382061065589
1.699999999999999 232.70926927698633 14.711666636975663
1.799999999999999 232.3205203563754 15.289327296566622
1.8999999999999988 232.6311280844413 14.44475287874226
1.9999999999999987 232.49683002615714 14.61426573319622
2.0999999999999988 232.09021979539673 15.298046282161266
2.199999999999999 231.60190081832067 14.871314206323552
2.299999999999999 231.64025225139181 14.661143682960802
2.399999999999999 231.58702018374427 14.591563325251544
2.499999999999999 231.3090799229633 14.950303548604678
2.599999999999999 231.90256213107003 14.505135947294017
2.6999999999999993 231.8268425665422 13.806930451922971
2.7999999999999994 232.05289560763296 14.988957799434989
2.8999999999999995 230.7271028588155 14.753620493684686
2.9999999999999996 231.81300326391178 14.30589715476851
3.0999999999999996 231.58918117207782 14.357176655526706
3.1999999999999997 231.6198849174903 14.189119523220272
3.3 232.04924894079582 14.672402531423023
3.4 231.36604139453627 14.121159028144273
3.5 231.17375148269346 14.311409194924927
3.6 230.86319331710177 14.642872948707833
3.7 231.88478816002308 14.412449233906
3.8000000000000003 231.9337276835264 14.498243249516676
3.9000000000000004 231.72417511066772 14.253626443680133
4.0 231.61306109736404 14.801909050757073
4.1 231.49264118126766 15.150207777599908
4.199999999999999 231.78027831315717 14.479366995200396
4.299999999999999 230.96686229907738 14.67177957548273
4.399999999999999 230.8606435828463 14.402342441944631
4.499999999999998 231.41647051515417 14.732228854490623
4.599999999999998 231.64435465629242 14.40871481531065
4.6999999999999975 231.31330802704093 14.03114358107991
4.799999999999997 230.76533480185503 14.398518144478897
4.899999999999997 231.82337078188502 14.295538224321568
4.9999999999999964 231.3655519626992 14.459026032285058
5.099999999999996 230.91403751480132 14.527542159022351
5.199999999999996 231.65355836000424 14.781255864971095
5.299999999999995 231.21619060676892 14.500886587049235
5.399999999999995 231.09215408124965 14.455704629518381
5.499999999999995 231.10207095452853 13.639064699853517
5.599999999999994 230.90576336867446 13.813045960447853
5.699999999999994 231.53787726903218 14.061958396332694
5.799999999999994 230.67683822020214 14.424613289917795
5.899999999999993 230.9602484244454 14.02754455493753
5.999999999999993 231.12993589018615 15.130999252994865
6.0999999999999925 230.85985113675508 14.238152704017592
6.199999999999992 230.96337767448853 14.497652840756295
6.299999999999992 231.63499615464033 14.316109056255524
6.3999999999999915 230.77974753918392 14.238909022038767
6.499999999999991 231.53965282464435 13.666294547831686
6.599999999999991 231.3966203626663 14.136051718242236
6.69999999999999 231.4722857617794 14.008815146788686
6.79999999999999 230.94957672866533 14.500623848454723
6.89999999999999 230.29296426257304 14.249247391038576
6.999999999999989 232.44076334533312 14.574057286507367
7.099999999999989 231.3990659612865 14.296862372759483
7.199999999999989 231.2481364584591 14.163737112797834
7.299999999999988 231.28732979269734 13.942399407746775
7.399999999999988 230.74328102899682 14.186128374867067
7.499999999999988 230.9395726315797 14.357481363598172
7.599999999999987 231.45487084419113 14.441838825447485
7.699999999999987 232.20357189411092 14.072584089299692
7.7999999999999865 231.6818623719891 14.392706675124268
7.899999999999986 230.8288082686378 14.211556948118998
7.999999999999986 231.88402406343002 14.244840544290424
