# Rounds: 5000, repetitions: 1000
# Good arm ~ N(5.0,4.0), 13 bad arm(s) ~ N(5.0,4.0)
# Observation noise range from 0.5 to 8.0 with step size 0.1

# Observation noise | mean | standard deviation

0.5 25005.511042314185 274.6388048528755
0.6 25001.393408854903 284.9866301911807
0.7 25013.589031460077 275.50401805508625
0.7999999999999999 25000.328396172736 279.9971771363015
0.8999999999999999 25001.990845365148 283.37334196313725
0.9999999999999999 25004.121268449635 287.1791444571618
1.0999999999999999 25000.759058181986 279.1680465860977
1.1999999999999997 24991.711316500077 280.02818916419164
1.2999999999999996 25004.72955692523 288.7987511106915
1.3999999999999995 24997.54853469523 280.526687664388
1.4999999999999993 25012.815573211326 282.9235250249801
1.5999999999999992 25009.803184798362 297.1899091053359
1.699999999999999 25029.237514476532 283.59906520766856
1.799999999999999 25009.887904876377 276.1959410045551
1.8999999999999988 25007.105183500204 282.3099140530641
1.9999999999999987 25003.61837932056 278.229791477937
2.0999999999999988 25002.903605076062 293.4050763251204
2.199999999999999 25006.43049133888 278.0110654335317
2.299999999999999 25002.337177993308 298.80087796896134
2.399999999999999 25006.657003770335 288.6353515166829
2.499999999999999 25004.037758541133 278.00214040324624
2.599999999999999 24993.379660007693 279.2021907069506
2.6999999999999993 24986.098127332392 276.81587923771485
2.7999999999999994 25003.890676687846 274.8442566091054
2.8999999999999995 24999.909459292645 286.85083542211623
2.9999999999999996 24994.83125011541 281.9143750248968
3.0999999999999996 25000.719543026502 278.3350112935863
3.1999999999999997 25011.506018386135 295.23978249282277
3.3 25004.919515361526 274.99470547019723
3.4 24999.118493073882 285.37753215023287
3.5 25011.60741012405 275.7196350284434
3.6 25006.387977591156 283.4186762291991
3.7 25011.676761704686 287.0424593471462
3.8000000000000003 25002.104475897937 279.192562753594
3.9000000000000004 25006.04473665465 279.4552049513146
4.0 25026.210458774363 280.45691644658046
4.1 25000.442805661103 291.7890917859984
4.199999999999999 25017.748715023023 286.9747151205423
4.299999999999999 24993.205673184948 280.974540698537
4.399999999999999 25018.008636645267 280.0397044339903
4.499999999999998 25004.323703046604 275.9938626063147
4.599999999999998 25011.207921543097 281.18389967234714
4.6999999999999975 25005.637974027373 275.6782655077666
4.799999999999997 25013.750117546995 276.0546678977374
4.899999999999997 24996.65282871884 294.43520641217935
4.9999999999999964 25006.19023798851 291.04205452806656
5.099999999999996 24986.301728983162 291.65951963893787
5.199999999999996 25005.948676219057 280.5777365662072
5.299999999999995 24997.39894643195 289.299626187887
5.399999999999995 24998.16096053709 282.35202005647125
5.499999999999995 25008.049206688618 281.2949444276568
5.599999999999994 25009.740246503523 284.39523643068117
5.699999999999994 24994.65737635191 286.1469673188496
5.799999999999994 25020.347360237363 285.82395642489837
5.899999999999993 25008.60026509945 279.15352182422794
5.999999999999993 24996.44481793926 278.2768056647444
6.0999999999999925 25009.22364226019 274.4256926147166
6.199999999999992 25001.279713412772 285.3659137518611
6.299999999999992 25001.39811479868 267.9621971149047
6.3999999999999915 24996.271768423463 294.8014705716029
6.499999999999991 25006.65670940282 289.7376438064488
6.599999999999991 25003.619591294897 272.94522921835323
6.69999999999999 25004.10934889549 279.411420675612
6.79999999999999 25009.668138068275 283.02717704717156
6.89999999999999 25006.144186890408 280.08823886538346
6.999999999999989 24996.071288331692 280.57841567790905
7.099999999999989 25023.32865702391 277.17382224185
7.199999999999989 24992.661816227654 273.21587200729664
7.299999999999988 25011.310634418143 280.1807735242413
7.399999999999988 24986.485180471067 283.3010957991333
7.499999999999988 25001.84373608578 279.0563664409635
7.599999999999987 24997.342116530708 283.75396988705165
7.699999999999987 24988.516985948216 279.41664549022954
7.7999999999999865 25005.362172118974 294.19355546600366
7.899999999999986 25013.588235376785 281.17072396392996
7.999999999999986 25010.240762118658 296.29582460433613
