# Rounds: 5000, repetitions: 1000
# Good arm ~ N(5.0,4.0), 13 bad arm(s) ~ N(0.0,4.0)
# Observation noise range from 0.5 to 8.0 with step size 0.1

# Observation noise | mean | standard deviation

0.5 23632.057571703797 5285.829577687843
0.6 23773.49062604894 4878.721993553324
0.7 23887.555316925438 4580.182147376874
0.7999999999999999 24211.912587743074 3792.2784441711783
0.8999999999999999 24262.81135806412 3595.0813594475576
0.9999999999999999 24283.023329444924 3453.6190208830117
1.0999999999999999 24511.50289694907 2508.4187680192704
1.1999999999999997 24612.659681780362 2210.151233660168
1.2999999999999996 24663.805539026223 1940.5507312930833
1.3999999999999995 24755.638504719467 1194.0439604370292
1.4999999999999993 24776.970930016418 731.9226414269732
1.5999999999999992 24812.824360956987 400.1065688992051
1.699999999999999 24810.963968978776 369.49624528105153
1.799999999999999 24822.59743025465 355.0881144832289
1.8999999999999988 24797.25825737771 545.169602230425
1.9999999999999987 24777.686450511927 321.67818158856755
2.0999999999999988 24785.888723927023 305.5758197929577
2.199999999999999 24762.827791822838 283.23788553016055
2.299999999999999 24760.077509020135 286.2865858967869
2.399999999999999 24760.433631155967 301.1618379488285
2.499999999999999 24732.641459978287 310.0951664009107
2.599999999999999 24737.552080353846 295.0173793958426
2.6999999999999993 24691.63213721463 299.97991637854153
2.7999999999999994 24696.660494669497 290.7494892990331
2.8999999999999995 24689.81599285335 288.93093716171745
2.9999999999999996 24664.585304985947 291.273080648985
3.0999999999999996 24668.56933332005 286.3075746888367
3.1999999999999997 24631.882705479064 285.5268449057883
3.3 24608.146854470127 297.4298878975039
3.4 24614.348403481104 297.741390511515
3.5 24589.605116868577 285.1168996634561
3.6 24562.590825854837 290.0046966333291
3.7 24568.298963375506 303.4080425853879
3.8000000000000003 24538.532838061765 291.80241190158364
3.9000000000000004 24528.90353519806 295.4772864547661
4.0 24516.9448268181 309.1926766989133
4.1 24488.973335992487 297.8599896760623
4.199999999999999 24477.63950680843 303.54249037253567
4.299999999999999 24460.822276857747 296.813648547885
4.399999999999999 24445.93168806902 291.20331428813085
4.499999999999998 24422.227034871907 310.7123863021447
4.599999999999998 24382.680027792354 306.29796904119695
4.6999999999999975 24388.30006472997 301.64564628593297
4.799999999999997 24363.175232537866 298.9425416215493
4.899999999999997 24342.26893729851 293.7859354899081
4.9999999999999964 24316.482519976784 321.1147031599977
5.099999999999996 24279.069380056917 305.1704873926406
5.199999999999996 24266.71045021454 305.03818088789734
5.299999999999995 24235.906650902885 302.13406743462343
5.399999999999995 24217.688076234976 302.74447312094117
5.499999999999995 24178.543470543962 309.9610270901405
5.599999999999994 24167.629257798668 314.45634216365505
5.699999999999994 24172.458289993887 296.7247652628797
5.799999999999994 24115.70491728267 300.68387930570634
5.899999999999993 24113.166161855683 306.3454739026116
5.999999999999993 24063.692770395675 303.7238144203217
6.0999999999999925 24045.5607332959 307.2375553284289
6.199999999999992 24019.080442953345 302.2045127599776
6.299999999999992 23995.19642084623 312.4052594234896
6.3999999999999915 23969.207205506675 311.02679057262225
6.499999999999991 23944.475468459157 317.8256227809244
6.599999999999991 23910.248879691982 316.35156257763975
6.69999999999999 23909.552602825665 312.4831073520581
6.79999999999999 23878.809343168003 317.91162464473473
6.89999999999999 23847.70536716607 307.42466196956525
6.999999999999989 23811.14547400644 321.74804802683326
7.099999999999989 23800.883904170783 318.426062814259
7.199999999999989 23771.37858228463 316.1535777477055
7.299999999999988 23750.591225705837 324.5517456186971
7.399999999999988 23723.764246633917 321.0058949830562
7.499999999999988 23686.778371151486 323.80538340978177
7.599999999999987 23645.422231276454 324.272951953767
7.699999999999987 23610.07495515687 317.80299067201315
7.7999999999999865 23592.946026405334 319.8145424152723
7.899999999999986 23551.121527435953 328.35542182004946
7.999999999999986 23527.418986188215 323.3219546611516
