# Rounds: 5000, repetitions: 1000
# Good arm ~ N(5.0,3.0), 13 bad arm(s) ~ N(2.0,3.0)
# Observation noise range from 0.5 to 8.0 with step size 0.1

# Observation noise | mean | standard deviation

0.5 23793.67897968284 3693.1355289248418
0.6 24017.031733620795 3325.4512123669274
0.7 24053.575857912623 3283.6096451015646
0.7999999999999999 24318.365535167155 2677.085680172713
0.8999999999999999 24473.682508433005 2199.791309787611
0.9999999999999999 24596.855605057248 1796.9901717406342
1.0999999999999999 24610.741234298075 1683.154182445873
1.1999999999999997 24696.7884889839 1226.3315911521686
1.2999999999999996 24724.170726742122 965.5994932433667
1.3999999999999995 24776.522620931777 702.7525162259861
1.4999999999999993 24760.852918059205 872.1391622749029
1.5999999999999992 24759.26862863267 640.1566952770178
1.699999999999999 24774.065676531787 549.1159588861913
1.799999999999999 24779.357823014067 414.5267537753557
1.8999999999999988 24767.053112911006 334.953233794656
1.9999999999999987 24767.286228009394 249.5087396142387
2.0999999999999988 24755.12504328549 293.28015414185603
2.199999999999999 24738.914508444523 241.4078484924523
2.299999999999999 24712.783380294055 227.67784271800815
2.399999999999999 24692.61276564652 345.3585302263482
2.499999999999999 24688.348070272434 237.14515124815307
2.599999999999999 24682.527742478484 224.7451511458189
2.6999999999999993 24667.443024118493 229.22749860226168
2.7999999999999994 24646.158265011305 220.61974734985014
2.8999999999999995 24624.63220914505 237.96317391800756
2.9999999999999996 24603.294723587107 232.41085050108563
3.0999999999999996 24589.94282725377 223.31515112371176
3.1999999999999997 24560.095296262167 224.83632840418042
3.3 24552.66429428526 227.5444426651707
3.4 24524.733197546622 223.36027260942623
3.5 24502.04878682974 232.23104533704122
3.6 24487.685493548433 224.9578731580872
3.7 24448.57512503638 218.02877756220855
3.8000000000000003 24437.26621428937 227.70189572754413
3.9000000000000004 24419.76014681711 234.7662792265956
4.0 24389.927662983155 225.32575185062026
4.1 24361.149566923134 236.48161500465798
4.199999999999999 24335.22899267754 241.19514915534893
4.299999999999999 24322.014311862684 231.08720111545452
4.399999999999999 24299.51877482448 229.11946712501495
4.499999999999998 24270.093154548074 234.3702289718914
4.599999999999998 24255.24553733827 235.08556864066355
4.6999999999999975 24220.63046299052 230.39705720444627
4.799999999999997 24198.325759710126 243.9987183119716
4.899999999999997 24175.917659830135 246.73775180233102
4.9999999999999964 24137.19094707601 231.88362203300966
5.099999999999996 24115.785262971796 244.5457518005091
5.199999999999996 24082.042436810956 242.90221734790362
5.299999999999995 24073.96057794196 247.19623893293152
5.399999999999995 24040.172157877856 237.54147841688265
5.499999999999995 24008.352196060194 247.30058664976372
5.599999999999994 23990.028077017178 254.77446528606967
5.699999999999994 23948.941647508393 240.88658729735448
5.799999999999994 23935.66462614689 237.33280498910958
5.899999999999993 23899.938009986625 261.93780196658577
5.999999999999993 23878.572892749795 246.9932241165778
6.0999999999999925 23840.91611826141 237.97247567480696
6.199999999999992 23811.55973073406 247.30995508624807
6.299999999999992 23784.453833403597 254.82177820517933
6.3999999999999915 23751.05219109942 252.16103737608893
6.499999999999991 23728.555707940563 253.68330732613882
6.599999999999991 23696.486593572634 257.95122556158447
6.69999999999999 23679.342445775594 258.96848690908433
6.79999999999999 23646.715286298167 251.96360395320397
6.89999999999999 23613.365142333736 243.64554796871278
6.999999999999989 23566.266581034386 260.6987145357724
7.099999999999989 23534.60936026458 250.31109264969453
7.199999999999989 23513.543187337033 257.85913554634254
7.299999999999988 23465.575242683535 263.63854809348584
7.399999999999988 23450.135190406832 261.5058395098283
7.499999999999988 23426.944931513473 267.2606265608475
7.599999999999987 23394.50661913385 271.0975447871599
7.699999999999987 23362.91581682379 262.9419457503463
7.7999999999999865 23318.007025417355 263.3139696657123
7.899999999999986 23304.70833962265 258.09317599768633
7.999999999999986 23257.841752586814 268.2331563889985
