# Rounds: 5000, repetitions: 1000
# Good arm ~ N(5.0,2.0), 13 bad arm(s) ~ N(4.9,2.0)
# Observation noise range from 0.5 to 8.0 with step size 0.1

# Observation noise | mean | standard deviation

0.5 24596.561034431194 219.0381885381226
0.6 24607.59609674918 210.84958531109348
0.7 24611.290461654782 208.94359942117717
0.7999999999999999 24606.604342311824 200.41290260602673
0.8999999999999999 24612.08136272687 189.95009456902807
0.9999999999999999 24607.89532795881 186.97518000513614
1.0999999999999999 24600.641127246545 179.20785061254014
1.1999999999999997 24602.457360080785 172.3264962440202
1.2999999999999996 24597.907222659243 170.41016245178648
1.3999999999999995 24586.731626838016 166.0343361002132
1.4999999999999993 24595.831514545567 160.03920812591542
1.5999999999999992 24585.295081353874 164.25278938768395
1.699999999999999 24581.8912767371 155.86558734698258
1.799999999999999 24584.5442346839 158.26033492047853
1.8999999999999988 24582.927509185436 149.6869693460141
1.9999999999999987 24575.706451383536 151.01015795718064
2.0999999999999988 24574.69398438737 150.9946526997759
2.199999999999999 24563.777858131576 146.45033313871235
2.299999999999999 24573.51173150591 156.5510017380237
2.399999999999999 24570.07032921672 155.50315304630814
2.499999999999999 24570.761108178554 149.16749499184698
2.599999999999999 24562.581774388313 147.26701474376293
2.6999999999999993 24562.598975082063 142.79675910680672
2.7999999999999994 24566.86831839567 144.11739852089022
2.8999999999999995 24557.130027541436 141.71428774253351
2.9999999999999996 24565.011439804493 148.2012186047947
3.0999999999999996 24565.56628085552 144.22619468324652
3.1999999999999997 24566.60336388806 143.52249956138186
3.3 24552.553730026502 144.989345388376
3.4 24562.71927120116 148.68980082689254
3.5 24564.996990808482 144.17555801529107
3.6 24553.80350825318 143.04000477598066
3.7 24553.774014828814 143.08586085609545
3.8000000000000003 24549.340172706918 145.97741622994178
3.9000000000000004 24550.23892355294 148.64973791673387
4.0 24551.152471436384 141.33017465248335
4.1 24563.242908736665 138.48734520670016
4.199999999999999 24560.009970830255 145.31305559012415
4.299999999999999 24554.12353519602 141.9443151647133
4.399999999999999 24555.007499027735 141.5842006746605
4.499999999999998 24556.179562820045 144.72282656640874
4.599999999999998 24549.361694938554 145.99182559666232
4.6999999999999975 24549.235537265646 145.01026432228267
4.799999999999997 24552.742812270557 140.9015554131273
4.899999999999997 24546.3689751303 145.55812255814067
4.9999999999999964 24556.871272948047 142.59968233848767
5.099999999999996 24552.786197120866 145.18432867817475
5.199999999999996 24553.845338679683 145.64779690021535
5.299999999999995 24551.040441131576 141.79363925430462
5.399999999999995 24548.178102626225 141.43097828092
5.499999999999995 24550.943261148877 138.54587639461533
5.599999999999994 24558.2260010608 141.22486222346242
5.699999999999994 24555.418414814518 141.82779824641634
5.799999999999994 24550.117204462735 143.01042321484675
5.899999999999993 24551.09073405646 140.3738380056948
5.999999999999993 24553.29585202097 140.21161955037147
6.0999999999999925 24556.58998099658 139.01676299542933
6.199999999999992 24556.47092990153 140.91854406809907
6.299999999999992 24550.266935986827 137.43928203640417
6.3999999999999915 24549.649219726518 143.30275933919052
6.499999999999991 24554.182966590863 143.87213398730907
6.599999999999991 24556.04698560719 146.29625960244425
6.69999999999999 24549.572998162763 138.4151955331166
6.79999999999999 24546.12542470438 148.63991381640844
6.89999999999999 24544.875904375174 137.21590085561806
6.999999999999989 24551.82528840052 137.87123069488734
7.099999999999989 24545.74168102578 143.02265246847128
7.199999999999989 24545.643605123034 146.59582880917142
7.299999999999988 24546.614353733192 137.4030344467183
7.399999999999988 24551.683447354895 137.24794208533615
7.499999999999988 24545.01225812567 142.3660801767996
7.599999999999987 24548.738819109836 133.80864996916875
7.699999999999987 24546.03051217908 146.67831037991024
7.7999999999999865 24547.702036168645 139.73878133527296
7.899999999999986 24549.597959477083 144.39453370426781
7.999999999999986 24547.109737902556 140.86160345819627
