# Rounds: 5000, repetitions: 1000
# Good arm ~ N(5.0,4.0), 13 bad arm(s) ~ N(4.0,4.0)
# Observation noise range from 0.5 to 8.0 with step size 0.1

# Observation noise | mean | standard deviation

0.5 22223.600330553298 2372.900625870357
0.6 22637.74614275889 2373.4620212707564
0.7 22536.469258692618 2332.808900780967
0.7999999999999999 22795.66782652218 2311.2089292403857
0.8999999999999999 22928.7560796496 2276.079608429944
0.9999999999999999 23026.126343411095 2207.407857979595
1.0999999999999999 23260.96352180318 2122.564346239261
1.1999999999999997 23183.026359920543 2124.2939804197276
1.2999999999999996 23252.916491055614 2036.229326393597
1.3999999999999995 23453.67974507152 1968.3196804184506
1.4999999999999993 23534.88578898168 1873.0905391346992
1.5999999999999992 23664.526629357733 1757.5769413472062
1.699999999999999 23733.01376028238 1687.5058329050369
1.799999999999999 23838.78565143071 1599.148715444026
1.8999999999999988 23819.98788146709 1552.300855877862
1.9999999999999987 23704.14055666285 1611.246756071464
2.0999999999999988 23971.538031140335 1345.2783022654316
2.199999999999999 23964.949209794282 1274.648778768552
2.299999999999999 23972.356840271277 1235.061717000675
2.399999999999999 24031.06177784372 1068.169266757866
2.499999999999999 23948.404459772773 1149.850510620203
2.599999999999999 24020.768752872096 959.6305447070304
2.6999999999999993 23990.376762984306 993.8171208468617
2.7999999999999994 24033.190449315334 907.9760562510685
2.8999999999999995 24007.959939194065 843.8224603854404
2.9999999999999996 23910.691179383968 916.2330672393757
3.0999999999999996 23917.330203736532 839.4459047985697
3.1999999999999997 23936.06147185775 812.0328088867572
3.3 23908.307224008528 700.9274839527131
3.4 23893.900911184086 695.8990547925445
3.5 23868.143032840173 669.8085208169383
3.6 23808.539017788327 652.8097364305072
3.7 23794.906642945745 653.9134772583394
3.8000000000000003 23793.3517983783 590.922754444212
3.9000000000000004 23772.45404829889 574.0309958166007
4.0 23691.161455481448 627.3974010309144
4.1 23701.07083877941 554.5316060314403
4.199999999999999 23674.26603662755 571.9706751109804
4.299999999999999 23638.57244244346 542.1510902021814
4.399999999999999 23595.151369647203 530.3227387599115
4.499999999999998 23543.693236105773 555.2942773238656
4.599999999999998 23497.69590773919 567.2753993514043
4.6999999999999975 23465.906076722003 525.6903957311888
4.799999999999997 23412.132349806925 560.4499339925403
4.899999999999997 23431.356368903787 507.43567032713753
4.9999999999999964 23372.89861737944 532.6015996866349
5.099999999999996 23348.903182569724 520.608029296338
5.199999999999996 23294.090881896806 544.4385780004272
5.299999999999995 23245.365812579897 565.2585919101435
5.399999999999995 23242.512484171446 544.9006698430164
5.499999999999995 23186.5515102666 522.6110611429791
5.599999999999994 23129.903275339075 543.5444377446108
5.699999999999994 23150.253738311196 518.21791221412
5.799999999999994 23088.057870323653 520.3260480207739
5.899999999999993 23064.443262006156 517.2916838489994
5.999999999999993 23039.555624411434 523.2742757942729
6.0999999999999925 22991.615041486977 515.1482906802671
6.199999999999992 22905.682312594075 532.0728140770407
6.299999999999992 22915.12398083624 524.4650651498881
6.3999999999999915 22869.175263455978 552.2859044849345
6.499999999999991 22852.95693388275 540.58240632978
6.599999999999991 22837.679866540933 510.1966964201627
6.69999999999999 22772.627383030966 527.7927154046544
6.79999999999999 22758.998699701686 545.7348172969853
6.89999999999999 22713.289957920853 540.5202861196215
6.999999999999989 22687.60190978445 533.8911152018416
7.099999999999989 22647.031653669303 536.0330514001155
7.199999999999989 22636.49895699831 531.6325262444034
7.299999999999988 22571.125190633626 544.3021515154289
7.399999999999988 22579.92710885261 530.6296424581163
7.499999999999988 22540.531295365156 551.2857403238771
7.599999999999987 22505.554314538513 526.65707841736
7.699999999999987 22464.70404316281 532.8042894547478
7.7999999999999865 22440.171203366644 544.5241944380568
7.899999999999986 22389.672687673225 538.3731975224965
7.999999999999986 22388.20554127666 544.4258700718768
