# Rounds: 10000, repetitions: 1000
# Good arm ~ N(5.0,1.0), 16 bad arm(s) ~ N(4.9,1.0)
# Observation noise range from 0.5 to 8.0 with step size 0.1

# Observation noise | mean | standard deviation

0.5 49514.02657794528 343.4089283355058
0.6 49515.44531201984 289.0750560745698
0.7 49467.12194953225 249.03282185966555
0.7999999999999999 49426.74386977827 218.3139284613396
0.8999999999999999 49387.76978261058 194.4225005560983
0.9999999999999999 49349.95828170329 180.16160770708154
1.0999999999999999 49304.99920729472 167.75939516128688
1.1999999999999997 49279.83697638847 151.63400566519982
1.2999999999999996 49247.48551953553 149.76758232042363
1.3999999999999995 49233.34658850661 132.77684699038358
1.4999999999999993 49203.07203846075 125.46012003778145
1.5999999999999992 49193.7746466243 126.56454771944065
1.699999999999999 49178.713868052146 125.83208871525422
1.799999999999999 49164.015228237484 116.99900390645
1.8999999999999988 49160.97929407564 114.34275314596829
1.9999999999999987 49145.30863391557 113.99027735366582
2.0999999999999988 49143.01806407545 109.02420642658974
2.199999999999999 49141.09546229998 111.51390583200694
2.299999999999999 49135.95403471514 114.45604374575157
2.399999999999999 49133.97309694369 108.60960306792987
2.499999999999999 49124.63794705398 106.45999256846058
2.599999999999999 49124.95616268198 107.79231093341613
2.6999999999999993 49120.85736806037 107.20164070902082
2.7999999999999994 49115.83642964103 104.10035795271423
2.8999999999999995 49113.69290447397 107.07074841607003
2.9999999999999996 49113.17840770853 102.34970277186399
3.0999999999999996 49104.74060952442 101.54614682745495
3.1999999999999997 49105.83119955936 101.53199064515441
3.3 49112.69622116807 102.03324716769104
3.4 49105.935683647156 101.51702461139993
3.5 49104.18437926105 105.67459447503808
3.6 49100.270782851556 101.59034049281158
3.7 49100.53791995685 100.24050342428812
3.8000000000000003 49096.625028615694 98.20691417847725
3.9000000000000004 49097.10771104728 97.23898640992233
4.0 49094.670077331444 109.13214319409654
4.1 49098.292324833536 102.88014670930366
4.199999999999999 49096.01499561804 102.9522369789775
4.299999999999999 49090.36104977871 100.68412748006399
4.399999999999999 49091.37699987095 101.55703080645769
4.499999999999998 49087.776276304394 101.06804186666906
4.599999999999998 49089.00241466222 98.33135109135246
4.6999999999999975 49095.87813736281 99.81450774206874
4.799999999999997 49091.31439892099 101.67824621016139
4.899999999999997 49091.745935881176 101.04164301107083
4.9999999999999964 49088.63282995149 100.88463496616582
5.099999999999996 49088.25128534564 101.80376131594551
5.199999999999996 49083.02144617856 99.1831055710453
5.299999999999995 49086.58809664924 102.30848374497741
5.399999999999995 49082.86383767434 96.88475638906652
5.499999999999995 49086.30285608889 98.662480683839
5.599999999999994 49084.33702166552 103.18635401970324
5.699999999999994 49086.94582894768 100.74171876296641
5.799999999999994 49086.2540359603 102.91539092721425
5.899999999999993 49087.72383494753 104.00398580949309
5.999999999999993 49085.3269151707 100.1097030504778
6.0999999999999925 49078.58707592786 102.85413818642432
6.199999999999992 49078.67582416223 98.0559228834879
6.299999999999992 49086.82394693247 100.62502998202548
6.3999999999999915 49088.41457673069 101.96440501662535
6.499999999999991 49082.23561724242 99.58167285343028
6.599999999999991 49077.00034017285 101.7958540630074
6.69999999999999 49081.664572390226 95.54408030742984
6.79999999999999 49079.354298075654 103.36883897821433
6.89999999999999 49081.852180195 102.43823060384736
6.999999999999989 49080.82783406276 98.28646107847771
7.099999999999989 49080.0044797045 100.4593649111578
7.199999999999989 49081.15443408522 103.75890556034736
7.299999999999988 49078.680440591605 102.60098502553315
7.399999999999988 49079.425475532385 96.53798562538333
7.499999999999988 49075.719733497746 102.42879926506363
7.599999999999987 49076.36165821802 104.17413649427598
7.699999999999987 49075.92778847646 97.37502646004448
7.7999999999999865 49077.001177797705 102.53075660843305
7.899999999999986 49078.69095132274 100.59713797056004
7.999999999999986 49080.43970224528 98.70939299884313
