# Rounds: 10000, repetitions: 1000
# Good arm ~ N(5.0,5.0), 16 bad arm(s) ~ N(4.5,5.0)
# Observation noise range from 0.5 to 8.0 with step size 0.1

# Observation noise | mean | standard deviation

0.5 46258.468299226806 2156.847735345245
0.6 46317.33606917239 2134.0006235817355
0.7 46507.33667494102 2211.104243670116
0.7999999999999999 46409.10052393172 2172.045070435478
0.8999999999999999 46540.92967821881 2141.864137977827
0.9999999999999999 46580.37466163588 2160.112423607334
1.0999999999999999 46871.02295181761 2217.064884275784
1.1999999999999997 46884.01409738659 2251.525496270933
1.2999999999999996 46886.65750456524 2222.9362899737666
1.3999999999999995 47081.89184110318 2203.656879957805
1.4999999999999993 47109.10527715925 2157.777068789839
1.5999999999999992 47171.265917360055 2165.2148642616085
1.699999999999999 47273.0769615114 2056.3860248116976
1.799999999999999 47317.22389770941 2077.3026183303677
1.8999999999999988 47356.37389265145 2012.4374106523987
1.9999999999999987 47533.213803013015 1946.6378149154314
2.0999999999999988 47453.76357713573 1928.6095796354482
2.199999999999999 47478.99626379463 1906.5170234766763
2.299999999999999 47494.51543175925 1827.92926029433
2.399999999999999 47498.35315987071 1841.90391607163
2.499999999999999 47601.22847504114 1753.5624304745086
2.599999999999999 47493.52408726504 1666.4315807618807
2.6999999999999993 47563.241665883856 1647.1578372245117
2.7999999999999994 47531.40512832828 1600.9184000498544
2.8999999999999995 47565.950515732155 1546.1831223296563
2.9999999999999996 47561.32740107979 1517.5820603626028
3.0999999999999996 47561.4733869443 1469.1040332211426
3.1999999999999997 47565.48874559467 1435.2222087397286
3.3 47462.73866620634 1429.3780400435278
3.4 47474.73957280926 1356.5694078806291
3.5 47408.910347919664 1309.1654510932278
3.6 47336.48138390448 1296.6397675271928
3.7 47387.21152114263 1287.8336164423774
3.8000000000000003 47344.32367461384 1216.032265770054
3.9000000000000004 47289.93674105599 1182.035115116011
4.0 47252.91994442057 1177.8986786212165
4.1 47253.699513696476 1132.982780333262
4.199999999999999 47179.943916370816 1081.4776142302208
4.299999999999999 47149.231397190044 1071.7012904378428
4.399999999999999 47139.48256379765 1074.4267893687977
4.499999999999998 46997.624947333454 1106.2016874664976
4.599999999999998 46987.592965033706 1036.7252525312126
4.6999999999999975 46927.06515418077 1014.5346922131099
4.799999999999997 46956.58673288337 989.1928248877595
4.899999999999997 46940.255621605575 983.841366156371
4.9999999999999964 46828.340967446784 962.2157098640506
5.099999999999996 46813.16840908347 980.357541747812
5.199999999999996 46765.710352117996 981.2365104806424
5.299999999999995 46748.61134120305 921.1401936408286
5.399999999999995 46681.57058168479 918.3161038485772
5.499999999999995 46610.71169044881 963.2968419097887
5.599999999999994 46639.6017076059 896.3883496152858
5.699999999999994 46537.16794187999 908.5541459148177
5.799999999999994 46615.10882478468 866.9895481394808
5.899999999999993 46530.0744594796 873.3679820373253
5.999999999999993 46544.795210165146 873.3037991245693
6.0999999999999925 46545.62959862323 849.4570830606987
6.199999999999992 46481.5283141118 818.3482266340684
6.299999999999992 46494.99327519968 846.2775593986412
6.3999999999999915 46440.64758602932 809.4400271922826
6.499999999999991 46380.82156750719 815.2386720687848
6.599999999999991 46382.54814282928 822.2074337981715
6.69999999999999 46331.69293371613 784.7845840288456
6.79999999999999 46374.650928104806 763.4710911954738
6.89999999999999 46320.707575864275 776.5896940305984
6.999999999999989 46287.20070908749 763.0424543557064
7.099999999999989 46307.13121878426 771.8138349324066
7.199999999999989 46236.68483585406 763.3600736871034
7.299999999999988 46296.68465104426 759.4069450632206
7.399999999999988 46196.50450024082 744.5568027102406
7.499999999999988 46214.44891622637 764.2272982408105
7.599999999999987 46159.548688520925 748.5750956763271
7.699999999999987 46156.20658386544 725.0604451824486
7.7999999999999865 46146.07589121425 704.3450405401958
7.899999999999986 46135.53503609349 722.7382218283766
7.999999999999986 46104.96953468238 710.4548976331796
