# Rounds: 10, repetitions: 1000
# Good arm ~ N(5.0,5.0), 13 bad arm(s) ~ N(4.5,5.0)
# Observation noise range from 0.5 to 8.0 with step size 0.1

# Observation noise | mean | standard deviation

0.5 49.83237962385526 16.99943263560756
0.6 49.194686296789016 16.838346080297057
0.7 49.40128690455407 17.183345497990413
0.7999999999999999 50.128848784067955 16.93453617443937
0.8999999999999999 49.36078363487973 16.01312151912667
0.9999999999999999 50.14137607079048 16.50990544162559
1.0999999999999999 49.81062343641601 16.612671454073443
1.1999999999999997 50.01062578821421 16.49426750185534
1.2999999999999996 50.185278116926 16.27912698342807
1.3999999999999995 50.53227881151558 16.518843569638097
1.4999999999999993 49.78947394505219 16.18618601770603
1.5999999999999992 51.511818920111494 17.1338813786169
1.699999999999999 49.77879036148036 16.050431069065322
1.799999999999999 50.17702502411768 16.04434023618889
1.8999999999999988 49.29834223647315 16.980435608341686
1.9999999999999987 50.92830948149919 16.208937041091612
2.0999999999999988 50.09522945857745 17.0350389245051
2.199999999999999 49.358667033007706 16.383923846892056
2.299999999999999 50.89978057519801 16.622898668567377
2.399999999999999 49.687284371663424 16.352445305198472
2.499999999999999 51.15715232472539 15.87584360420755
2.599999999999999 49.362949659970255 17.113580774946897
2.6999999999999993 49.39200639434383 16.795826058289197
2.7999999999999994 50.76080462240104 16.205065274249364
2.8999999999999995 50.5203577489214 16.253012334301108
2.9999999999999996 49.33551256282577 16.168824359059673
3.0999999999999996 49.3979038951873 16.60489573245913
3.1999999999999997 49.96817831791539 16.73891015487186
3.3 50.67566946098149 16.45542101743567
3.4 50.409157710803925 16.94512182607876
3.5 50.493994439500774 16.484242024321208
3.6 49.85382827804811 16.577462636497525
3.7 49.40860016479468 17.116835255503535
3.8000000000000003 49.40737778304029 17.265472470943347
3.9000000000000004 50.59295607702636 17.0451500311978
4.0 49.091782326692936 16.618087499627652
4.1 50.815622960008284 16.379089072712006
4.199999999999999 49.43390765319464 16.65619341411686
4.299999999999999 48.61229422834037 16.95115001671106
4.399999999999999 49.331488349614524 16.8912279906526
4.499999999999998 49.49450777762889 16.280146872764632
4.599999999999998 50.28361409944907 16.79765386666307
4.6999999999999975 48.560992205179566 16.737437523661317
4.799999999999997 50.176616997389445 16.3429294350701
4.899999999999997 50.0533692982085 16.423896242030445
4.9999999999999964 50.18990734064497 16.34035356162579
5.099999999999996 48.7027833851166 15.73999143903351
5.199999999999996 49.69241642184152 16.85871486216733
5.299999999999995 50.900741429319346 15.80799869613081
5.399999999999995 50.847675290650606 17.19368695391948
5.499999999999995 48.97388241265008 16.190551525511292
5.599999999999994 49.38036398715759 17.104526773816342
5.699999999999994 48.63007059757966 16.510452577889808
5.799999999999994 50.12064520921977 16.903216561377615
5.899999999999993 49.977537787468236 16.87411939083386
5.999999999999993 48.60109496196522 16.92776406235307
6.0999999999999925 50.08186045523647 16.62547311102758
6.199999999999992 50.50070842227519 17.067923481894322
6.299999999999992 50.28422302927367 16.66270532095046
6.3999999999999915 49.693996353305145 17.22185476958438
6.499999999999991 49.322703302967994 16.42590466199881
6.599999999999991 49.77073438087825 16.32108814621114
6.69999999999999 50.15628238382663 16.441439306779206
6.79999999999999 48.82737923231281 16.62741836701066
6.89999999999999 49.38726059163101 16.941001913288336
6.999999999999989 49.33105552486829 16.848153011732606
7.099999999999989 49.53553493005542 16.974367037314423
7.199999999999989 50.37571607734089 16.662900237443957
7.299999999999988 49.212556266923414 16.791490594104385
7.399999999999988 49.045706985754755 16.06882656328567
7.499999999999988 49.00915241351176 16.91182174836196
7.599999999999987 50.07843453407096 16.841414300348355
7.699999999999987 50.145752521578935 16.772671166195284
7.7999999999999865 49.86635073814498 16.871984135189074
7.899999999999986 50.464291667028725 17.0126074209599
7.999999999999986 50.28814782698841 17.02068582086861
