# Rounds: 10, repetitions: 1000
# Good arm ~ N(5.0,2.0), 13 bad arm(s) ~ N(4.5,2.0)
# Observation noise range from 0.5 to 8.0 with step size 0.1

# Observation noise | mean | standard deviation

0.5 49.75621150396997 6.95344371188768
0.6 49.69899994263609 6.824710986400602
0.7 50.20601541769802 6.601686468649539
0.7999999999999999 49.785918817741226 6.692590087930926
0.8999999999999999 49.56192635781597 6.528291535653372
0.9999999999999999 50.32801532838412 6.566856704867935
1.0999999999999999 50.080371743936915 6.849692622310026
1.1999999999999997 49.71557541978616 6.996810476712247
1.2999999999999996 49.94046656043586 6.533366513143278
1.3999999999999995 49.754279583539706 6.653912655244582
1.4999999999999993 50.03012246504854 6.705687639726938
1.5999999999999992 49.331157413319964 6.39794855848067
1.699999999999999 49.76565377227428 6.943925553210842
1.799999999999999 50.41893134114655 6.777541164143754
1.8999999999999988 50.27643550226058 6.690010772856155
1.9999999999999987 50.00559866089815 6.606319112579109
2.0999999999999988 50.15978595034575 7.004193987471071
2.199999999999999 49.751861513347144 6.962342305678643
2.299999999999999 49.875590069647046 6.560974363003225
2.399999999999999 49.91140850870885 6.655432706830595
2.499999999999999 49.993199024383664 6.798989246677987
2.599999999999999 50.055107318556736 6.463354178838905
2.6999999999999993 49.93298026734153 6.651411620788217
2.7999999999999994 50.070062421876884 6.726642410246374
2.8999999999999995 49.431239795235946 6.4456426192235226
2.9999999999999996 49.758300544633975 6.5893068856604
3.0999999999999996 49.87999406122617 6.5384287437018225
3.1999999999999997 50.11763070416342 6.30690666146121
3.3 49.858555882655686 6.833878914467243
3.4 49.84188715555875 6.645277144416102
3.5 49.952931524142485 6.5472707605829825
3.6 49.6256556461806 6.795065320579604
3.7 50.00453607138502 6.502108734974766
3.8000000000000003 50.32161085645285 6.733989079022608
3.9000000000000004 49.824792922390834 6.427922158256692
4.0 50.20581749202985 6.717169438274484
4.1 49.93749163762466 6.815037514141841
4.199999999999999 50.07459623455074 6.578348622225013
4.299999999999999 49.673460166166734 6.76868414969582
4.399999999999999 49.60242876165751 6.574670024138328
4.499999999999998 49.9779056831666 6.800511892629109
4.599999999999998 49.82942342444058 6.567017984079516
4.6999999999999975 50.00195698501011 6.772850827897633
4.799999999999997 49.603384533184276 6.583970382970611
4.899999999999997 49.88958145547854 6.850437896033518
4.9999999999999964 49.958151895396725 6.6732683410089155
5.099999999999996 49.98328927160158 6.8268827610970675
5.199999999999996 50.19408607952558 7.006802953659476
5.299999999999995 49.76507488633437 6.8503971478097325
5.399999999999995 50.11654904501767 6.792393430053474
5.499999999999995 49.97108207422323 6.420483593879726
5.599999999999994 49.92888641251844 6.75963270525716
5.699999999999994 50.030069794233405 6.522541342671155
5.799999999999994 49.75334909183576 6.5061945951299585
5.899999999999993 49.73514836663618 6.507526950863537
5.999999999999993 49.58062434490519 6.827730331168384
6.0999999999999925 49.34046840924888 6.644325654118332
6.199999999999992 49.915527119723194 6.640051266173342
6.299999999999992 49.8711198646393 6.818123993765469
6.3999999999999915 50.19060390056398 6.705475781968016
6.499999999999991 49.71731014591151 6.626670415212025
6.599999999999991 49.798650679512974 6.4876028342016046
6.69999999999999 50.11943508537516 6.337441181701321
6.79999999999999 49.83835443702709 6.547650218368166
6.89999999999999 49.98186147556748 6.554293754091643
6.999999999999989 50.44774349348371 6.602569549347854
7.099999999999989 49.85064323097274 6.69634592802556
7.199999999999989 49.6890535926867 6.615879637758339
7.299999999999988 50.011263114326674 6.6534489780701165
7.399999999999988 49.8286539906148 6.668186132966378
7.499999999999988 49.79540023576682 6.5802747933181305
7.599999999999987 49.85844004286609 6.445175894193553
7.699999999999987 50.292488057885706 6.7884875688100115
7.7999999999999865 49.50672554001583 6.528216694786696
7.899999999999986 49.782990811387705 6.698590748206587
7.999999999999986 50.33476489729013 6.845298959490657
