# Rounds: 10, repetitions: 1000
# Good arm ~ N(5.0,2.0), 13 bad arm(s) ~ N(5.0,2.0)
# Observation noise range from 0.5 to 8.0 with step size 0.1

# Observation noise | mean | standard deviation

0.5 54.676917503342565 6.888653185938156
0.6 54.73132406966032 6.667880418702074
0.7 55.02063688709234 6.619339576956115
0.7999999999999999 55.083681743967915 6.511754161182333
0.8999999999999999 55.00122791718819 6.7937725089448415
0.9999999999999999 55.24837744667402 6.550437285067503
1.0999999999999999 55.09199039975592 6.469615837441492
1.1999999999999997 54.96307306671007 6.409240763527434
1.2999999999999996 55.095299658003874 6.8503092626566815
1.3999999999999995 55.081939270248526 6.628769784162553
1.4999999999999993 55.0417521447678 6.810353837663695
1.5999999999999992 55.20686023436818 6.425927593039501
1.699999999999999 55.04042191534271 6.5003271362798465
1.799999999999999 55.2140158692427 6.571535317560845
1.8999999999999988 55.43563856932125 6.561690483529676
1.9999999999999987 55.30513175433002 6.343690819000223
2.0999999999999988 55.07022021024894 6.483853401619489
2.199999999999999 54.72944672751548 6.5067206837132305
2.299999999999999 55.40848408228995 6.552171500573856
2.399999999999999 55.257702997657795 6.464151352424154
2.499999999999999 55.11287483591332 6.384992554436942
2.599999999999999 55.12718569379646 6.599075892985952
2.6999999999999993 54.40521186952851 6.600870296571284
2.7999999999999994 55.35477500193894 6.620222025555203
2.8999999999999995 54.75314239500739 6.595045395145776
2.9999999999999996 55.272727582121576 6.866230941392244
3.0999999999999996 54.59038377420499 6.506747936557346
3.1999999999999997 55.09581350484699 6.701562328923839
3.3 55.229354951225645 6.602895196272799
3.4 54.6088746734622 6.802349102587658
3.5 55.11123548446488 6.589006487107682
3.6 54.65381986855457 6.60887609449504
3.7 54.897602381575105 6.748850715221918
3.8000000000000003 54.755841186737655 6.499069927053207
3.9000000000000004 55.1591870536128 6.493669897543424
4.0 54.725565938807144 6.356511537875276
4.1 54.99766523000161 6.560837955167508
4.199999999999999 55.00444609114413 6.62436710765339
4.299999999999999 54.89992138372035 6.69712516278005
4.399999999999999 54.800247802691885 6.633607427533599
4.499999999999998 54.8713897055433 6.685761293122824
4.599999999999998 54.790022913995294 6.7221823748251905
4.6999999999999975 55.474062194425585 6.907699424002233
4.799999999999997 54.840154999015965 6.885750400683306
4.899999999999997 54.99165509259102 6.706051972486373
4.9999999999999964 54.852566217156614 6.681771276358939
5.099999999999996 55.05643562428452 6.523221326076346
5.199999999999996 54.743994247261185 6.664226168955015
5.299999999999995 54.90042355744352 6.471100795843614
5.399999999999995 55.33644438779125 6.509380711789833
5.499999999999995 54.97037434037279 6.588792231559617
5.599999999999994 55.17642170427328 6.438866784127542
5.699999999999994 55.12956205478797 6.593716180930492
5.799999999999994 55.156943211953994 6.814647571574375
5.899999999999993 55.32008715196026 6.416098156627567
5.999999999999993 54.72359960362891 6.808415685992563
6.0999999999999925 55.11656898159506 6.75873339803551
6.199999999999992 55.01216585516099 6.62026435051793
6.299999999999992 54.67076917551503 6.687095643070082
6.3999999999999915 55.11000692756243 6.604201025357196
6.499999999999991 55.19878464686938 6.686440247484124
6.599999999999991 55.21505768299841 6.554309024783517
6.69999999999999 54.80321065853253 6.464413639707701
6.79999999999999 54.91214204417669 6.716433987325696
6.89999999999999 55.07156556277109 6.74468469820303
6.999999999999989 55.20264698160466 6.551199345025274
7.099999999999989 54.664174634628516 6.7045206447944645
7.199999999999989 55.00518565232381 6.616394594441602
7.299999999999988 54.89414388915642 6.698233211782113
7.399999999999988 54.6840763714225 6.828094949304989
7.499999999999988 54.68055053812926 6.736963806785837
7.599999999999987 54.99772221687557 6.852686735593328
7.699999999999987 55.382141252139064 6.761696803078539
7.7999999999999865 55.04567388152139 6.604023190939643
7.899999999999986 54.821830902659904 6.796273945101031
7.999999999999986 55.03074696444362 6.751407880747328
