# Rounds: 50, repetitions: 1000
# Good arm ~ N(5.0,1.0), 16 bad arm(s) ~ N(5.0,1.0)
# Observation noise range from 0.5 to 8.0 with step size 0.1

# Observation noise | mean | standard deviation

0.5 254.8793890103053 7.126562076841377
0.6 254.72180933052076 7.2967835927108675
0.7 255.01266962292036 7.201893090288044
0.7999999999999999 255.0642252176601 7.066601981333142
0.8999999999999999 254.95639166906525 7.225646414355066
0.9999999999999999 254.93743161919045 7.327319942092875
1.0999999999999999 255.13801737375573 7.025401958901032
1.1999999999999997 254.96809867168196 7.043288066762566
1.2999999999999996 255.5120278190737 7.084676298781538
1.3999999999999995 254.8408221817007 7.232470910558865
1.4999999999999993 254.79511180185304 7.3545691329716005
1.5999999999999992 255.19560440867699 7.1556222287682685
1.699999999999999 254.9233626380482 7.418548561894957
1.799999999999999 255.0105589274396 7.136246807128012
1.8999999999999988 255.11855421260495 7.113854729686194
1.9999999999999987 254.54518939492382 7.197765513231227
2.0999999999999988 255.06898768098432 7.013199527435426
2.199999999999999 254.88850133533043 7.197383598069774
2.299999999999999 255.05942115678496 6.742237126398856
2.399999999999999 254.93071943417004 6.942957115641716
2.499999999999999 254.6444800885372 7.1232098584138015
2.599999999999999 254.7430614672549 7.305613845270667
2.6999999999999993 254.8778699778319 7.016756382409083
2.7999999999999994 255.0384550216253 7.2444942805490715
2.8999999999999995 254.79786730016434 7.1001000507416405
2.9999999999999996 255.02275477220923 7.393279556992613
3.0999999999999996 254.9767546111178 7.014955521238587
3.1999999999999997 255.1650227688531 7.243955159551216
3.3 255.08160605376173 7.266742153961977
3.4 255.1557153852793 7.169121392328318
3.5 255.20715341565457 7.0508080282201675
3.6 254.86039489543566 7.490767130247615
3.7 255.1626701511593 7.205500189957959
3.8000000000000003 254.9021841854443 7.069689335724454
3.9000000000000004 255.0617502941506 6.953823426340554
4.0 255.26336441894532 7.112323545690523
4.1 255.00182322267648 6.98725693591389
4.199999999999999 254.95552186895208 6.873749203611314
4.299999999999999 254.9004219564384 7.203609180370637
4.399999999999999 255.02034226224131 7.134236215147025
4.499999999999998 254.8953698812081 7.241277843515469
4.599999999999998 254.84432900054838 7.324096573032648
4.6999999999999975 255.13001176097538 7.383000773049866
4.799999999999997 255.25971570309173 7.138725037798564
4.899999999999997 255.48027196050967 6.9854700828557625
4.9999999999999964 254.87019519379734 6.954683142561576
5.099999999999996 254.81398590340456 7.061193186343189
5.199999999999996 255.1088998395743 7.076096565828801
5.299999999999995 255.0761947784141 7.043269324387879
5.399999999999995 254.97642122530866 6.719769454176234
5.499999999999995 254.8637310455749 7.330238429814416
5.599999999999994 255.2897880256943 7.121186421072937
5.699999999999994 255.04218029247002 6.95937735876453
5.799999999999994 255.08279494783102 7.242708050475489
5.899999999999993 255.1198219141369 6.955521495696119
5.999999999999993 254.87689936423132 7.123219037721822
6.0999999999999925 255.06242988128363 7.16748430637742
6.199999999999992 255.1882543107875 7.107598800403604
6.299999999999992 255.11553547416918 7.1044977010079915
6.3999999999999915 254.74299015690622 7.217573094996541
6.499999999999991 255.15751723855567 7.111196974905659
6.599999999999991 255.4435952419784 7.0436176957115455
6.69999999999999 255.2278031968403 6.979632277915663
6.79999999999999 255.38311291792968 7.409467933549052
6.89999999999999 254.91216656404418 7.109763140429387
6.999999999999989 255.08372384986092 7.36868437527338
7.099999999999989 254.94135120978356 6.840227786003208
7.199999999999989 254.97552431927167 7.350946587240722
7.299999999999988 255.04038622231698 7.3456252553889705
7.399999999999988 254.499469215313 7.077755672530972
7.499999999999988 254.93855791793357 6.969479709380196
7.599999999999987 254.7158371951691 7.2246707297935036
7.699999999999987 255.17615598615913 7.112595560261351
7.7999999999999865 255.11455242701416 6.879628588746941
7.899999999999986 254.79430340298137 6.913981357197984
7.999999999999986 254.6476791802354 7.50260530753947
