# Rounds: 50, repetitions: 1000
# Good arm ~ N(5.0,4.0), 16 bad arm(s) ~ N(2.0,4.0)
# Observation noise range from 0.5 to 8.0 with step size 0.1

# Observation noise | mean | standard deviation

0.5 141.03872716751218 49.0424986393387
0.6 143.03081814560963 47.54314272512781
0.7 140.09243275030377 47.94991353723406
0.7999999999999999 141.4273707604787 47.959513620217564
0.8999999999999999 141.85733927511347 46.080546528273175
0.9999999999999999 142.65858589223583 44.72346494450395
1.0999999999999999 137.01912324296157 43.3275506694794
1.1999999999999997 140.76580777124383 45.82701224176129
1.2999999999999996 138.58705209609155 44.566008512948834
1.3999999999999995 137.69956386494448 43.61876378671759
1.4999999999999993 138.1772933080856 42.313057237990876
1.5999999999999992 135.22255402367338 42.955841258316035
1.699999999999999 136.13990733784806 45.06502265442838
1.799999999999999 136.26794107329454 42.01095684354533
1.8999999999999988 135.5097715546598 42.237177194873354
1.9999999999999987 133.9240199886085 42.29076225015775
2.0999999999999988 133.33407276554902 43.06762920097432
2.199999999999999 133.5729633182716 42.006761653908704
2.299999999999999 130.92242405956748 39.463733485427554
2.399999999999999 133.04586503957228 39.353635073405464
2.499999999999999 133.35049401691316 40.25492282731352
2.599999999999999 129.2600902324063 39.36797207185982
2.6999999999999993 130.4163646937652 39.61989335413498
2.7999999999999994 130.14907028277526 39.5677456068341
2.8999999999999995 128.51712764770366 39.38951945744145
2.9999999999999996 126.51407003440967 36.52578837690162
3.0999999999999996 126.84776145203033 38.257861860365914
3.1999999999999997 125.4101118052305 36.54848803615078
3.3 125.62790894974712 37.24989767377151
3.4 125.08967754057149 36.27810578713152
3.5 124.77440068227747 36.54113026797737
3.6 123.60977603921296 34.66725836939687
3.7 123.39530999522349 35.240589652259466
3.8000000000000003 122.3770112768965 34.34160958986335
3.9000000000000004 122.25210659103749 33.91393667500057
4.0 122.24913222818552 34.5711624001323
4.1 120.87631855698172 33.76864398038127
4.199999999999999 120.22924893355628 32.98092478180785
4.299999999999999 118.7092742308827 33.364149293892126
4.399999999999999 120.37157559042883 34.26400663867538
4.499999999999998 119.1860493612384 31.736080379049948
4.599999999999998 117.57266499113013 33.63791914968005
4.6999999999999975 118.84702355512565 32.2676744914462
4.799999999999997 118.70885457102021 31.394640353898296
4.899999999999997 118.69983110724877 30.636442910874596
4.9999999999999964 118.12388854050805 32.359879032238595
5.099999999999996 117.39008294875202 31.236964036400494
5.199999999999996 117.54996124663339 31.053144302494147
5.299999999999995 115.33977909051393 30.533010926173674
5.399999999999995 118.09870078533173 31.687636393391532
5.499999999999995 117.16168074579521 30.247840262653117
5.599999999999994 116.45131746235424 30.686298810914504
5.699999999999994 115.28095478844652 30.448311148290838
5.799999999999994 115.07040355026581 30.163462160606688
5.899999999999993 115.7925431112349 30.662190952668677
5.999999999999993 114.692891710368 30.71977205853042
6.0999999999999925 113.19759598295215 30.43504608233115
6.199999999999992 114.96948443801021 29.50616784396732
6.299999999999992 112.92076402682123 29.51052260605149
6.3999999999999915 112.79576439683075 31.371368045582333
6.499999999999991 113.9752688772777 30.069488436455803
6.599999999999991 114.04221658811413 29.933366447621317
6.69999999999999 114.26682356988336 29.382037989082285
6.79999999999999 113.09773034042641 30.06886480788611
6.89999999999999 115.35573010247103 30.1522632204014
6.999999999999989 113.45101033503812 28.61004783389142
7.099999999999989 114.22636210951985 30.558102423410407
7.199999999999989 114.31143818044906 29.80763961825223
7.299999999999988 113.61534165106029 29.875524261206955
7.399999999999988 112.07174722253013 30.24868941616843
7.499999999999988 112.91002155652521 29.37427640188298
7.599999999999987 115.07784050759999 29.556917721014845
7.699999999999987 113.50430363501545 30.54014675750148
7.7999999999999865 114.41736507583866 29.699780566313784
7.899999999999986 113.02343410702495 30.64570300391016
7.999999999999986 112.63822799650853 29.531547596118532
