# Rounds: 50, repetitions: 1000
# Good arm ~ N(5.0,4.0), 16 bad arm(s) ~ N(1.0,4.0)
# Observation noise range from 0.5 to 8.0 with step size 0.1

# Observation noise | mean | standard deviation

0.5 127.41294324639995 58.872007324437426
0.6 124.74481898239556 59.540278275955906
0.7 124.96949597520008 57.81466516100922
0.7999999999999999 122.21249233256034 59.59028949760151
0.8999999999999999 123.53582755740837 56.297168282633294
0.9999999999999999 124.15272112150089 58.36394093816992
1.0999999999999999 119.54397752043482 55.81684540034371
1.1999999999999997 120.3271595225252 55.400689284243974
1.2999999999999996 118.80169297693045 55.401213285559436
1.3999999999999995 116.79611328328383 55.44101272105546
1.4999999999999993 117.24717310506523 54.07486480178507
1.5999999999999992 114.25421543014585 53.69705933820846
1.699999999999999 113.7420625685751 54.75203029234916
1.799999999999999 116.28514546870035 52.525338896334
1.8999999999999988 114.35518559474295 51.315441596165016
1.9999999999999987 114.97160705305565 52.22271921673821
2.0999999999999988 113.41333420858935 53.310321354164856
2.199999999999999 107.4003219354572 49.84019098438328
2.299999999999999 106.6507347191445 52.61285389790161
2.399999999999999 105.17367892759991 51.88812507776199
2.499999999999999 107.50506706360227 49.55839355038455
2.599999999999999 101.29008950641759 48.48990541764456
2.6999999999999993 102.57544005316572 49.27881336621973
2.7999999999999994 101.1037644046966 50.17873726313657
2.8999999999999995 100.77094299592649 47.70225278260555
2.9999999999999996 93.77143456174018 47.85623604678326
3.0999999999999996 94.81393721246982 45.975940769577456
3.1999999999999997 93.80257157076201 44.62345060520864
3.3 91.64418879939453 42.94550002055112
3.4 93.54615192400263 46.71547966090962
3.5 91.23723015750274 41.86980025600803
3.6 90.02329663013249 42.04091960420799
3.7 86.4486558446704 42.27431145590702
3.8000000000000003 87.37278912009474 41.445102646773044
3.9000000000000004 87.14454759671203 40.90848330317408
4.0 84.27408776924885 40.28289554928628
4.1 84.33542552110303 39.74451593217046
4.199999999999999 81.86638063956381 39.12577664281598
4.299999999999999 81.59202367454967 38.235461239213166
4.399999999999999 80.9504590566456 36.34184600526492
4.499999999999998 80.07125105929562 38.57935326508025
4.599999999999998 78.30643309466325 37.6353601432046
4.6999999999999975 79.69637870601801 37.426457568676334
4.799999999999997 77.3884042944648 36.28918375520541
4.899999999999997 78.45513891715301 35.88148628819254
4.9999999999999964 75.62690061970383 35.144742621664896
5.099999999999996 74.89792777631247 35.47541957152974
5.199999999999996 72.97408651943935 34.678484014840905
5.299999999999995 75.17163660450318 34.36714816736361
5.399999999999995 73.18219392441581 32.655073313114684
5.499999999999995 72.87221373065529 33.54897986088448
5.599999999999994 72.74866019911425 34.19563428990276
5.699999999999994 71.30019311714113 31.743870132268665
5.799999999999994 71.99924502089287 31.570863235102863
5.899999999999993 74.0984556612178 33.897322017533234
5.999999999999993 69.3552302149909 31.946579756220657
6.0999999999999925 69.73605127760904 31.98947543600802
6.199999999999992 69.73645506348599 32.278724162509064
6.299999999999992 70.51064093832498 31.96581732429155
6.3999999999999915 68.8273856274365 31.946572134028038
6.499999999999991 69.84887852632974 31.48980260369801
6.599999999999991 69.93668418224985 32.05464556981242
6.69999999999999 68.0447757533691 31.348692947434127
6.79999999999999 66.93693885619064 32.80180716143278
6.89999999999999 68.2851477210179 31.659818264020302
6.999999999999989 67.62517344991153 30.77931867276164
7.099999999999989 69.81633392053168 30.28417412841916
7.199999999999989 68.87171988980694 29.857329969617012
7.299999999999988 66.92863254059341 29.759674731752742
7.399999999999988 69.18877372111643 31.51997185676709
7.499999999999988 67.36999751325565 29.913721135534146
7.599999999999987 67.71890741462293 30.72826789810831
7.699999999999987 67.14627268949266 31.16807175778234
7.7999999999999865 67.17514616025079 30.169275704771195
7.899999999999986 66.45197516635892 30.586973649424518
7.999999999999986 67.48184642365456 29.881795292760412
