# Rounds: 10000, repetitions: 1000
# Good arm ~ N(5.0,5.0), 1 bad arm(s) ~ N(1.0,5.0)
# Observation noise range from 0.5 to 4.0 with step size 0.1

# Observation noise | mean | standard deviation

0.5 46333.28326069801 11435.817756935781
0.6 46135.240898552736 11690.690728479698
0.7 46860.59297758324 10562.40702311533
0.7999999999999999 47049.4910595788 10348.219028024629
0.8999999999999999 47289.39618653033 9836.306828831544
0.9999999999999999 48033.732482698804 8416.240785302296
1.0999999999999999 48195.73550258319 8000.963053023271
1.1999999999999997 48480.66491036527 7361.431247445734
1.2999999999999996 48729.896530264625 6625.177970983492
1.3999999999999995 48671.177624520154 6741.457422270615
1.4999999999999993 49126.41809852339 5370.472532818651
1.5999999999999992 49400.66006826165 4335.569202589555
1.699999999999999 49630.55766094947 3338.336454487239
1.799999999999999 49649.48613805542 3403.5077121440436
1.8999999999999988 49517.15330858732 3887.7791835150215
1.9999999999999987 49875.14005614953 1505.6129909928648
2.0999999999999988 49906.7001767295 1382.3059744111358
2.199999999999999 49954.423992035016 664.4281354250318
2.299999999999999 49970.66324994989 545.0742074844826
2.399999999999999 49955.45559340299 505.8449242359575
2.499999999999999 49926.38795420972 1323.7995772029608
2.599999999999999 49963.708966561426 481.41113382785727
2.6999999999999993 49974.059708688495 495.25262965516174
2.7999999999999994 49975.86452120584 510.1750223275412
2.8999999999999995 49944.10602518814 529.9784432180801
2.9999999999999996 49963.30679596767 512.3546696320961
3.0999999999999996 49951.14321981222 509.00545609569457
3.1999999999999997 49922.4387675431 501.4050786741115
3.3 49985.64483089533 493.2967267100034
3.4 49947.271873153564 502.1428450653718
3.5 49955.731289074116 496.2232271699736
3.6 49984.138994165965 498.6093155046552
3.7 49961.74822399976 521.4696592814154
3.8000000000000003 49950.91212418386 513.0740193613855
3.9000000000000004 49938.830105069406 492.26523624375847
4.0 49950.62687340354 509.1361807967724
