# Rounds: 10000, repetitions: 1000
# Good arm ~ N(5.0,3.0), 1 bad arm(s) ~ N(2.1,3.0)
# Observation noise range from 0.5 to 4.0 with step size 0.1

# Observation noise | mean | standard deviation

0.5 48265.28990909972 6737.239719270932
0.6 48367.91371593131 6503.282173819056
0.7 48874.46544830844 5358.171080979211
0.7999999999999999 49078.40417534914 4933.93554054081
0.8999999999999999 49393.639925805124 3856.805329698967
0.9999999999999999 49614.04963421561 3088.50566370697
1.0999999999999999 49647.62183031331 2833.301989971607
1.1999999999999997 49840.41325453674 1689.374583932657
1.2999999999999996 49868.075367814345 1663.1065170555048
1.3999999999999995 49851.815705393084 1800.482010994134
1.4999999999999993 49971.11158180816 335.23126094277177
1.5999999999999992 49945.65339958006 988.7272726886752
1.699999999999999 49974.737392013565 317.2279083376098
1.799999999999999 49986.41346936163 307.31413731260903
1.8999999999999988 49969.18055307005 352.10248404349073
1.9999999999999987 49985.03307219887 307.6860254002143
2.0999999999999988 49967.97564973922 300.25542863656494
2.199999999999999 49976.77097301013 306.2863684070405
2.299999999999999 49966.53612593068 300.2092408769695
2.399999999999999 49969.0075037968 294.35938786774045
2.499999999999999 49978.524970270955 298.2825693979355
2.599999999999999 49976.59428940639 290.7666465918739
2.6999999999999993 49977.578361548825 304.7989112984615
2.7999999999999994 49970.33032412515 302.12884731523013
2.8999999999999995 49981.17027283926 299.5543127757967
2.9999999999999996 49963.922803990936 301.1107452296726
3.0999999999999996 49967.1082175148 308.2455781170599
3.1999999999999997 49969.59235381787 299.6367413059857
3.3 49968.688337486645 299.58910178569056
3.4 49945.30361057556 295.1527474963632
3.5 49967.547516313876 296.8800909713279
3.6 49955.73200829221 298.70356554490047
3.7 49956.22168810315 300.9508708456557
3.8000000000000003 49953.61559227935 300.95069374681117
3.9000000000000004 49946.356555355764 302.7962434917275
4.0 49951.781856266905 306.0604696556298
