# Rounds: 10000, repetitions: 1000
# Good arm ~ N(5.0,4.0), 1 bad arm(s) ~ N(2.0,4.0)
# Observation noise range from 0.5 to 4.0 with step size 0.1

# Observation noise | mean | standard deviation

0.5 47055.559680763574 8770.967077711197
0.6 47057.75867223303 8802.08408106174
0.7 47674.662030010695 7893.79176897528
0.7999999999999999 47805.36821901565 7660.880090829671
0.8999999999999999 48287.29274479722 6738.2545067781675
0.9999999999999999 48205.867802429 6764.41329655004
1.0999999999999999 48822.59581370037 5527.211795877706
1.1999999999999997 48814.330823592245 5436.3798717335185
1.2999999999999996 49254.94733415461 4463.510721093403
1.3999999999999995 49409.0203682184 3830.364089087971
1.4999999999999993 49420.59521223915 3781.5577279598015
1.5999999999999992 49641.61509686323 2642.48064146681
1.699999999999999 49730.829239772254 2519.389554531866
1.799999999999999 49813.99409872532 2052.6859511633634
1.8999999999999988 49839.19130265465 1518.8579631824582
1.9999999999999987 49864.342182231485 1474.6651358796003
2.0999999999999988 49909.431066015975 1120.8096315071973
2.199999999999999 49966.62196663528 396.2529048256983
2.299999999999999 49906.773240638184 1194.5615037991981
2.399999999999999 49963.118436214245 411.02896002228323
2.499999999999999 49939.67344791139 456.9333554695629
2.599999999999999 49941.12725781159 419.145543474396
2.6999999999999993 49953.436099872844 403.68029609616883
2.7999999999999994 49968.62643645751 399.263178934886
2.8999999999999995 49940.308458902466 407.34764160134665
2.9999999999999996 49946.90092401172 416.1916834222718
3.0999999999999996 49964.75763994082 406.4892258145152
3.1999999999999997 49922.97287609205 405.9989350754264
3.3 49989.30442986035 392.991819244222
3.4 49963.199686005304 415.1568711190402
3.5 49966.635026596734 400.9183044708507
3.6 49961.949495504545 393.2661096242311
3.7 49972.34353234083 408.89101141259556
3.8000000000000003 49957.63349594647 417.13205083916733
3.9000000000000004 49951.86576288198 401.6734958306347
4.0 49921.615335170034 399.77287128706996
