# Rounds: 10000, repetitions: 1000
# Good arm ~ N(5.0,4.0), 1 bad arm(s) ~ N(3.8,4.0)
# Observation noise range from 0.5 to 4.0 with step size 0.1

# Observation noise | mean | standard deviation

0.5 46755.397230218514 5279.103185636337
0.6 47185.5573251113 5072.241699958886
0.7 46789.7697389175 5250.9155826668175
0.7999999999999999 46777.556701697875 5238.063211570332
0.8999999999999999 47376.10177913591 4864.126151218639
0.9999999999999999 47606.59284395275 4695.271931141468
1.0999999999999999 47812.339780564915 4473.592705987189
1.1999999999999997 48239.72294656522 4051.116569524895
1.2999999999999996 48247.05495248736 4018.14719035761
1.3999999999999995 48292.30614156279 4018.4154148354114
1.4999999999999993 48604.65017132583 3624.4606247202973
1.5999999999999992 48859.47904472714 3246.858687833399
1.699999999999999 49010.74386584977 2977.2096155577547
1.799999999999999 49334.623728115104 2439.62987417258
1.8999999999999988 49229.95810481993 2594.0980571614364
1.9999999999999987 49290.11810147957 2437.4978310310066
2.0999999999999988 49487.671223907 2080.0913973869215
2.199999999999999 49456.71865583862 2003.6543096297457
2.299999999999999 49564.20496480123 1804.1169563501871
2.399999999999999 49597.60934666911 1683.9574421839193
2.499999999999999 49717.45942593061 1370.9473766990118
2.599999999999999 49712.558869423105 1320.9710823680084
2.6999999999999993 49725.06081318087 1191.0529952818454
2.7999999999999994 49784.955792858054 929.994293958427
2.8999999999999995 49833.10972558301 788.7801379429894
2.9999999999999996 49814.83886659256 933.1865114539346
3.0999999999999996 49823.540134406576 763.8272206593698
3.1999999999999997 49810.60804676876 902.9049522706332
3.3 49859.253364906865 720.7730635790402
3.4 49854.226890831844 592.185871845935
3.5 49848.10532648692 746.4508393544984
3.6 49855.588586870355 436.2303541526111
3.7 49855.03016701601 522.5270664113185
3.8000000000000003 49868.506718193916 525.9384044014572
3.9000000000000004 49862.65264338261 577.38163610586
4.0 49880.91405598347 438.7364509182346
