# Rounds: 10000, repetitions: 1000
# Good arm ~ N(5.0,3.0), 1 bad arm(s) ~ N(0.8,3.0)
# Observation noise range from 0.5 to 4.0 with step size 0.1

# Observation noise | mean | standard deviation

0.5 49437.64319815637 4667.124353327537
0.6 49340.913275180465 4990.8426981543025
0.7 49672.40571900333 3529.2657925561793
0.7999999999999999 49679.73047896655 3416.0443339357416
0.8999999999999999 49832.10264354321 2317.940702182898
0.9999999999999999 49848.03393187576 2368.4833242207965
1.0999999999999999 49940.26099386209 1374.9343329068786
1.1999999999999997 49977.4791690359 398.97591103862425
1.2999999999999996 49957.62552073732 1349.0819747209202
1.3999999999999995 49987.473403793934 324.506722566553
1.4999999999999993 49994.783378735214 296.5367550170337
1.5999999999999992 49990.253393545674 340.4229307501649
1.699999999999999 49985.63075654784 299.4188483838434
1.799999999999999 49982.66933955737 306.0303349295862
1.8999999999999988 49987.63780861844 294.0249179279444
1.9999999999999987 49992.584387814066 300.9095818200334
2.0999999999999988 49973.31689184714 295.19478025507993
2.199999999999999 49985.38663465677 308.5963682902341
2.299999999999999 49977.92840657951 308.3842586486344
2.399999999999999 49977.30149420248 303.54510917254055
2.499999999999999 49952.4112515873 289.2246651036418
2.599999999999999 49976.2153897593 296.69750488019923
2.6999999999999993 49984.03673432209 299.55859147069606
2.7999999999999994 49992.81300140685 297.1611327365156
2.8999999999999995 49973.067411344455 306.282883393645
2.9999999999999996 49974.93070779296 313.0749383220319
3.0999999999999996 49985.06866262722 304.82415298817904
3.1999999999999997 49951.25836449911 298.5042940651519
3.3 49965.321837652766 300.1456109133591
3.4 49998.86916972306 299.8843723558704
3.5 49968.282339074154 296.2636645476267
3.6 49957.515644620195 308.7124273875374
3.7 49973.87863799196 299.05914940601514
3.8000000000000003 49954.39793363738 295.95086029982605
3.9000000000000004 49967.30674981444 296.3074446361103
4.0 49957.46100571795 295.77192887084067
