# Rounds: 10000, repetitions: 1000
# Good arm ~ N(5.0,2.0), 1 bad arm(s) ~ N(1.5,2.0)
# Observation noise range from 0.5 to 4.0 with step size 0.1

# Observation noise | mean | standard deviation

0.5 49838.26384851895 2239.93995179876
0.6 49987.05578213583 221.0308053781965
0.7 49926.02954534197 1595.818534927851
0.7999999999999999 49960.47935025232 1151.5159380246437
0.8999999999999999 49989.20702317498 203.45368783608973
0.9999999999999999 49987.418045576815 506.12904110700765
1.0999999999999999 49997.35275297982 199.10423354028987
1.1999999999999997 49993.03461242565 196.64951689250597
1.2999999999999996 49988.54508790728 203.28016514359012
1.3999999999999995 49985.80236256859 197.77684174259926
1.4999999999999993 49987.20732368385 198.9562073242017
1.5999999999999992 49987.253913185676 198.1347542021947
1.699999999999999 49992.35513199082 194.70988550845817
1.799999999999999 49983.44197069453 196.60658963188857
1.8999999999999988 49988.19251152889 199.57376565945063
1.9999999999999987 49991.22397195288 200.95520724163697
2.0999999999999988 49982.80304109958 196.1456549313827
2.199999999999999 49978.98383636895 196.03486666555574
2.299999999999999 49977.37346296105 197.5464445058285
2.399999999999999 49980.47127653826 199.08038939385892
2.499999999999999 49978.32827399954 200.1785936718535
2.599999999999999 49982.45745136469 197.00585625594297
2.6999999999999993 49971.68591255407 196.67678491801743
2.7999999999999994 49965.091745333295 196.87555839319523
2.8999999999999995 49980.26396703189 203.7952099196283
2.9999999999999996 49969.51282715659 197.18330569952843
3.0999999999999996 49970.80808364315 199.23503232840628
3.1999999999999997 49954.43724211721 207.5817284466536
3.3 49974.142131810375 202.129948094228
3.4 49962.160227648455 200.10877670400532
3.5 49967.24869569798 194.65781154560824
3.6 49955.49213043443 206.20324670801756
3.7 49947.90786023734 190.79874607833898
3.8000000000000003 49952.85428643885 194.99581044834952
3.9000000000000004 49950.91160634915 206.3810726528417
4.0 49953.85795859546 194.88267768399015
