# Rounds: 10000, repetitions: 1000
# Good arm ~ N(5.0,1.0), 1 bad arm(s) ~ N(1.3,1.0)
# Observation noise range from 0.5 to 4.0 with step size 0.1

# Observation noise | mean | standard deviation

0.5 50000.15623579516 98.36574343588975
0.6 49997.26291898963 102.26759056532002
0.7 50007.04482533789 100.18408003885068
0.7999999999999999 49993.41423358909 98.91374060692233
0.8999999999999999 49996.83425243645 100.23644453361383
0.9999999999999999 49998.286310311654 96.34192011705564
1.0999999999999999 49994.50242636409 99.39884975614667
1.1999999999999997 49997.18966374665 98.73056927656896
1.2999999999999996 49997.21356115293 100.5414030368
1.3999999999999995 49991.24159663846 99.73874120424841
1.4999999999999993 49994.76432169799 95.9886816089307
1.5999999999999992 49990.89497930355 102.73369431181433
1.699999999999999 49987.90218168041 104.14361570746716
1.799999999999999 49991.966981556616 97.01854856638377
1.8999999999999988 49991.295991241146 99.06796303653942
1.9999999999999987 49990.25082710775 98.47471308002307
2.0999999999999988 49988.09673575116 99.53943901490901
2.199999999999999 49985.30601958701 100.52377937192533
2.299999999999999 49989.04007302503 97.01905268253832
2.399999999999999 49978.69619006397 97.15029338403993
2.499999999999999 49981.89933251092 95.95809756182899
2.599999999999999 49984.717719264976 97.99891978074915
2.6999999999999993 49974.53986669893 99.58593521485734
2.7999999999999994 49974.99641978256 97.95813286673717
2.8999999999999995 49974.56629017299 98.44900050132466
2.9999999999999996 49971.93352220491 97.8301564441794
3.0999999999999996 49969.16432613787 100.82687768750486
3.1999999999999997 49971.29952319763 99.11472363631363
3.3 49965.14854367879 99.78933855766378
3.4 49960.38996130445 97.93648463764114
3.5 49966.79783910668 104.56163635179148
3.6 49958.55185682502 98.70257270055235
3.7 49961.06889439876 100.26442033237848
3.8000000000000003 49957.7645742526 100.22409047034061
3.9000000000000004 49956.382885575505 99.8478633080922
4.0 49947.93927698685 105.21168560236018
