# Rounds: 10000, repetitions: 1000
# Good arm ~ N(5.0,3.0), 1 bad arm(s) ~ N(0.9,3.0)
# Observation noise range from 0.5 to 4.0 with step size 0.1

# Observation noise | mean | standard deviation

0.5 49372.37056274619 4978.9534127349225
0.6 49326.14157319362 5049.570116656636
0.7 49714.586817669246 3243.1036121857906
0.7999999999999999 49646.07168477594 3515.4349932424498
0.8999999999999999 49687.424005279005 3282.140526875758
0.9999999999999999 49820.55570024654 2680.367902584588
1.0999999999999999 49827.01884810039 2600.1577399405182
1.1999999999999997 49928.259312962175 1348.1305787328497
1.2999999999999996 49977.50857182824 324.70802670405567
1.3999999999999995 49919.97659767175 1222.1186560846845
1.4999999999999993 49970.54553991588 340.1926755474814
1.5999999999999992 49983.45423941604 300.503859328169
1.699999999999999 49970.8616294736 569.1770441731095
1.799999999999999 49983.07565468411 296.3722142499104
1.8999999999999988 49958.4448094749 765.5272415937436
1.9999999999999987 49990.98041217308 342.6269301578909
2.0999999999999988 49985.45068649034 297.38866987953145
2.199999999999999 49969.54339862715 309.4632380071106
2.299999999999999 49980.481998837015 301.27802613482686
2.399999999999999 49982.04492119896 296.5979575287365
2.499999999999999 49974.16892022251 306.30411145313843
2.599999999999999 49962.975334347764 319.5438469579169
2.6999999999999993 49979.79534413309 307.78586566595436
2.7999999999999994 49965.19077412424 306.0044467640745
2.8999999999999995 49981.63449929055 303.3554461933428
2.9999999999999996 49974.7183385404 295.46067388742864
3.0999999999999996 49980.47396587216 306.1388101330016
3.1999999999999997 49968.29085513765 308.1580093655826
3.3 49962.34873637836 301.584772483085
3.4 49962.21509345402 315.77740689040957
3.5 49961.5045779833 307.2663403918775
3.6 49972.43292526552 303.7485890280178
3.7 49973.13311909853 301.32166496993005
3.8000000000000003 49965.15200173151 298.627077736926
3.9000000000000004 49959.274922345794 294.69012354262355
4.0 49958.99746804968 308.114309471159
