# Rounds: 10000, repetitions: 1000
# Good arm ~ N(5.0,4.0), 1 bad arm(s) ~ N(3.0,4.0)
# Observation noise range from 0.5 to 4.0 with step size 0.1

# Observation noise | mean | standard deviation

0.5 46139.25269999631 7820.3270535322035
0.6 46903.08163650185 7149.577868293246
0.7 47059.81434688321 6978.054235248275
0.7999999999999999 47162.601733227326 6828.181202479787
0.8999999999999999 47497.977209745186 6421.1114138885505
0.9999999999999999 47377.97861467799 6560.763920493376
1.0999999999999999 47930.89688932763 5909.802397059525
1.1999999999999997 48364.0785500258 5165.623589343074
1.2999999999999996 48764.33856821425 4543.839903930081
1.3999999999999995 48921.23679188997 4155.073491646226
1.4999999999999993 49054.99320001349 3767.554979540726
1.5999999999999992 49281.98333032788 3340.8346843665986
1.699999999999999 49206.243599731315 3500.8852996833157
1.799999999999999 49495.79230976247 2744.9451063235024
1.8999999999999988 49600.86551010759 2276.1824371431076
1.9999999999999987 49746.76644202398 1807.6836942411592
2.0999999999999988 49809.354946373984 1415.1634015467914
2.199999999999999 49841.597901275876 1357.4842091812234
2.299999999999999 49874.927690286866 1129.5740426713971
2.399999999999999 49847.272571524474 1110.0028246336333
2.499999999999999 49886.7701966749 1032.9055315433886
2.599999999999999 49880.760002604 662.2412707130085
2.6999999999999993 49919.98143899987 566.069234922071
2.7999999999999994 49901.89657969124 601.5316658416035
2.8999999999999995 49926.86873747211 749.5257773955917
2.9999999999999996 49943.5651467321 465.0226013931155
3.0999999999999996 49907.389082988484 406.36053234945734
3.1999999999999997 49906.44702091763 442.62471829383946
3.3 49906.73075204382 507.6586092976286
3.4 49939.25456632252 429.99884004391873
3.5 49925.02386027698 428.50948813429153
3.6 49925.781435316494 415.3670795246204
3.7 49918.51872426049 397.676915123146
3.8000000000000003 49912.06464655595 406.4717421519063
3.9000000000000004 49918.911476788344 415.7239180826285
4.0 49925.04340978945 388.37497643295524
