# Rounds: 10000, repetitions: 1000
# Good arm ~ N(5.0,2.0), 1 bad arm(s) ~ N(3.6,2.0)
# Observation noise range from 0.5 to 4.0 with step size 0.1

# Observation noise | mean | standard deviation

0.5 49110.290335681064 3294.451324100463
0.6 49278.61411990404 2922.5361709732433
0.7 49322.88272542618 2816.151212223746
0.7999999999999999 49619.1016414703 2056.3359926466433
0.8999999999999999 49790.883193719776 1494.797627914589
0.9999999999999999 49839.48254135375 1179.7247287966181
1.0999999999999999 49840.710345824155 1304.4123942622132
1.1999999999999997 49961.20686244217 512.4929442096274
1.2999999999999996 49937.58318059221 700.4264024175787
1.3999999999999995 49955.269207429636 397.8464429152924
1.4999999999999993 49973.384571819915 220.11058107520543
1.5999999999999992 49971.86000063092 269.14298486038865
1.699999999999999 49969.5149707791 211.08803211678367
1.799999999999999 49959.96297357518 200.43839699558734
1.8999999999999988 49976.56921757941 208.4937812150334
1.9999999999999987 49976.701964169755 208.49836518414583
2.0999999999999988 49948.58899566898 203.4548381450704
2.199999999999999 49964.13564350473 205.2337941319736
2.299999999999999 49958.86045214373 205.63864574353173
2.399999999999999 49961.413598525134 204.9774196495256
2.499999999999999 49959.35355645878 200.58523883730865
2.599999999999999 49956.35246532346 200.4372677705601
2.6999999999999993 49956.115161042726 204.26466266798508
2.7999999999999994 49943.50882954417 200.04403143723866
2.8999999999999995 49940.96088276461 203.26417949563194
2.9999999999999996 49953.11389025142 201.82141702155076
3.0999999999999996 49933.73589509138 195.57161897061792
3.1999999999999997 49939.02861595882 205.0582757382274
3.3 49928.694937335036 205.59868303448928
3.4 49929.669225133344 205.4330543466617
3.5 49921.6866513825 203.8943781885386
3.6 49923.96553757338 198.11584430711954
3.7 49903.447731458604 195.25199837456202
3.8000000000000003 49912.84054921786 212.5244761593642
3.9000000000000004 49905.70760920661 194.96533560386447
4.0 49897.81692917178 200.49497444185434
