# Rounds: 10000, repetitions: 1000
# Good arm ~ N(5.0,5.0), 1 bad arm(s) ~ N(1.4,5.0)
# Observation noise range from 0.5 to 4.0 with step size 0.1

# Observation noise | mean | standard deviation

0.5 46069.886843731416 11147.577731773
0.6 45547.57119849044 11726.50017579553
0.7 46111.609849610184 11128.120211266409
0.7999999999999999 46936.62349563281 9848.276297752633
0.8999999999999999 46705.59884250504 10125.820888707767
0.9999999999999999 48151.5159267115 7705.075605756489
1.0999999999999999 47403.2093059642 9144.264365556985
1.1999999999999997 48126.58222388749 7585.403716863058
1.2999999999999996 48412.31530703454 7187.398065832229
1.3999999999999995 48871.53594204772 5802.257457684849
1.4999999999999993 49018.47847500993 5330.304934885971
1.5999999999999992 49107.55584856419 5168.407114414049
1.699999999999999 49321.190532811896 4598.353625898129
1.799999999999999 49538.16424876063 3704.920538304458
1.8999999999999988 49724.20144435351 2815.4875217604367
1.9999999999999987 49706.124364875875 2491.8274389121098
2.0999999999999988 49640.3962131245 2876.646872154302
2.199999999999999 49851.74317415338 1970.5072101553633
2.299999999999999 49924.442334195024 1308.187198044849
2.399999999999999 49933.473302494305 598.1565667044604
2.499999999999999 49961.21900408905 773.1235062206187
2.599999999999999 49958.830311456535 547.5298761020567
2.6999999999999993 49947.40328194223 529.1447503867963
2.7999999999999994 49947.84632247617 515.099830851144
2.8999999999999995 49964.86416718173 522.0289402680495
2.9999999999999996 49952.37363497261 508.70257380523884
3.0999999999999996 49959.3375699318 496.48390236852936
3.1999999999999997 49958.97744072258 502.99602639295597
3.3 49956.85166657792 507.0150762287323
3.4 49962.588858763906 517.8206819451884
3.5 49979.04810519765 498.72010339319104
3.6 49964.02770138834 504.55280091001015
3.7 49952.02872266447 507.6031895430405
3.8000000000000003 49946.59157395652 490.15726310841046
3.9000000000000004 49918.91169318989 497.31495505153885
4.0 49913.6874392229 512.742730938943
