# Rounds: 10000, repetitions: 1000
# Good arm ~ N(5.0,3.0), 1 bad arm(s) ~ N(1.2,3.0)
# Observation noise range from 0.5 to 4.0 with step size 0.1

# Observation noise | mean | standard deviation

0.5 49046.375620253544 5853.178093611454
0.6 49312.4048140154 4954.088559785549
0.7 49685.32678959593 3106.169006544232
0.7999999999999999 49633.330889591816 3436.4057281957507
0.8999999999999999 49530.164182988316 4048.037256570206
0.9999999999999999 49681.401970009545 3269.3233355750795
1.0999999999999999 49878.916703377414 1792.042072050918
1.1999999999999997 49939.944435117184 1234.1822075830082
1.2999999999999996 49970.00071481898 637.6764308828388
1.3999999999999995 49988.48437553109 306.61373667940103
1.4999999999999993 49987.202486810114 545.5449699269043
1.5999999999999992 49992.791241745734 326.49510875278906
1.699999999999999 49978.38673383634 296.16845604125996
1.799999999999999 50007.617765435294 304.39338528266916
1.8999999999999988 49991.42626221804 308.02062009173886
1.9999999999999987 49967.544109866205 304.4244334355061
2.0999999999999988 49995.27995455638 300.00952681475746
2.199999999999999 49962.66188331783 295.5995909044332
2.299999999999999 49963.654963157 299.17455302734476
2.399999999999999 49983.1693409826 299.9624640485489
2.499999999999999 49968.96003745329 290.72829633843975
2.599999999999999 49971.8468429947 306.94776430741024
2.6999999999999993 49977.98722116072 301.63057106349856
2.7999999999999994 49996.14557118649 304.85504849866146
2.8999999999999995 49988.0578908032 301.17576164295656
2.9999999999999996 49973.46809100335 292.34338874803933
3.0999999999999996 49973.41800326425 293.8483364361489
3.1999999999999997 49976.053905067136 284.4690173987959
3.3 49983.648696497934 298.04640419684875
3.4 49968.752925505454 303.747701451781
3.5 49943.56001846539 298.57867137705995
3.6 49953.97651998406 309.64427656991427
3.7 49957.77909984411 298.52102501892415
3.8000000000000003 49951.32659377104 304.4106217588121
3.9000000000000004 49961.98028666883 294.5335716816356
4.0 49938.729083426464 296.8313681267005
