# Rounds: 10000, repetitions: 1000
# Good arm ~ N(5.0,2.0), 1 bad arm(s) ~ N(3.7,2.0)
# Observation noise range from 0.5 to 4.0 with step size 0.1

# Observation noise | mean | standard deviation

0.5 48980.13398375709 3361.5594723268555
0.6 49280.03355486149 2825.4957678494243
0.7 49346.58768873287 2649.367960870008
0.7999999999999999 49587.55684453281 2135.5334039674303
0.8999999999999999 49748.76265925313 1618.9328624346276
0.9999999999999999 49763.32343308565 1445.604100716524
1.0999999999999999 49832.31890433336 1162.3341729226527
1.1999999999999997 49880.86885027832 969.550217820435
1.2999999999999996 49935.097244855846 636.0721051282587
1.3999999999999995 49942.3466390831 502.63028880153905
1.4999999999999993 49964.2568158152 216.0025518185396
1.5999999999999992 49964.775433796385 227.9294410570956
1.699999999999999 49969.629578827626 215.97901739119135
1.799999999999999 49973.98977694157 205.85784972855075
1.8999999999999988 49982.77564854885 206.06671207914394
1.9999999999999987 49966.199811751474 201.192619925817
2.0999999999999988 49959.46280256434 201.95964933014136
2.199999999999999 49961.65622637089 200.61033854938435
2.299999999999999 49948.30053665816 205.179360144575
2.399999999999999 49960.742755642415 201.85589537127146
2.499999999999999 49951.390820224304 192.34134467452284
2.599999999999999 49942.4401758847 196.7110389148682
2.6999999999999993 49947.3077302723 203.28618483107547
2.7999999999999994 49950.4670607976 203.79826569658917
2.8999999999999995 49934.79233566019 201.8496017958348
2.9999999999999996 49938.69328791463 201.61323214809244
3.0999999999999996 49927.07328470264 204.71363123582952
3.1999999999999997 49916.01263368218 197.37370883753673
3.3 49933.30294467059 204.45828053007256
3.4 49934.820799947964 209.29072502795273
3.5 49929.232923581534 204.22734917207228
3.6 49915.09542057052 207.23959339151247
3.7 49908.40097450665 203.53221245056722
3.8000000000000003 49903.72591808264 208.94324502681246
3.9000000000000004 49894.93140337435 201.84283762825183
4.0 49900.60960146308 192.10786549826338
