# Rounds: 10000, repetitions: 1000
# Good arm ~ N(5.0,4.0), 1 bad arm(s) ~ N(0.9,4.0)
# Observation noise range from 0.5 to 4.0 with step size 0.1

# Observation noise | mean | standard deviation

0.5 48081.01646268107 8524.64946338833
0.6 48210.430466381134 8240.585069807034
0.7 48254.78019084692 8231.989929703721
0.7999999999999999 48520.17319842182 7547.584197039814
0.8999999999999999 49162.343634867975 5563.582666404293
0.9999999999999999 48915.56729945164 6335.273931728508
1.0999999999999999 49421.09358176425 4633.860635764044
1.1999999999999997 49539.754616811995 4105.305430785316
1.2999999999999996 49578.69185707837 3791.1163053807436
1.3999999999999995 49473.38641570619 4189.1762327293145
1.4999999999999993 49591.15597259765 3816.70026414792
1.5999999999999992 49933.780607653774 745.6223811182571
1.699999999999999 49726.15017847873 3112.305685497183
1.799999999999999 49961.16319343259 436.1466569527621
1.8999999999999988 49980.126995911014 422.4207166344795
1.9999999999999987 49987.20408907914 418.797297283571
2.0999999999999988 49978.41601645937 422.7638685542506
2.199999999999999 49970.231432982255 404.06738264101426
2.299999999999999 49980.22161118349 392.4639410233896
2.399999999999999 49978.69017293503 407.6269726931266
2.499999999999999 49963.436811990534 391.2412181207857
2.599999999999999 49987.917137470446 392.7545238411515
2.6999999999999993 49974.32914228565 403.75665431922494
2.7999999999999994 49968.19685404782 394.1871223207653
2.8999999999999995 49963.65649701313 404.5392615487208
2.9999999999999996 49954.800672016885 403.02930282347313
3.0999999999999996 49985.26316729527 395.5696270514921
3.1999999999999997 49968.84436437181 403.19061522352746
3.3 49938.04047227512 395.68563032825114
3.4 49982.808002332444 405.05444611766444
3.5 49969.30278552469 396.0389609739956
3.6 49969.958420651754 404.7848608187683
3.7 49960.92204478576 389.0870992995135
3.8000000000000003 49967.76369785235 401.20873397133016
3.9000000000000004 49968.27523630494 389.60171864944317
4.0 49957.773592235244 411.9764041538545
