# Rounds: 10000, repetitions: 1000
# Good arm ~ N(5.0,0.0), 1 bad arm(s) ~ N(3.6,0.0)
# Observation noise range from 0.5 to 4.0 with step size 0.1

# Observation noise | mean | standard deviation

0.5 49998.54879999999 5.833768200006183
0.6 49998.15399999996 4.672527850802407
0.7 49997.416200000014 4.856435166098929
0.7999999999999999 49996.34240000001 4.052878985125086
0.8999999999999999 49995.06700000008 4.038289090540212
0.9999999999999999 49993.71880000009 3.6192963219196876
1.0999999999999999 49992.188600000045 3.6713851758033527
1.1999999999999997 49990.290199999974 3.724902530115324
1.2999999999999996 49988.569600000024 3.168898508592224
1.3999999999999995 49986.48079999996 3.319990014095208
1.4999999999999993 49984.51380000004 2.701686263922698
1.5999999999999992 49982.231799999994 2.7957333357971095
1.699999999999999 49980.05339999998 2.6070491259557835
1.799999999999999 49977.73780000003 2.1523763341677404
1.8999999999999988 49975.21220000006 2.255202229756804
1.9999999999999987 49972.63339999999 2.2274393203699305
2.0999999999999988 49969.9272 2.3148863598159397
2.199999999999999 49967.087999999945 2.451666100159245
2.299999999999999 49964.2852 2.3418422630894016
2.399999999999999 49961.2724 2.4306267064670197
2.499999999999999 49958.20079999993 2.857159904998213
2.599999999999999 49955.407799999986 2.5782293199856348
2.6999999999999993 49952.00580000001 2.713671013659622
2.7999999999999994 49948.64999999996 2.9319509437138276
2.8999999999999995 49945.40340000007 2.9638104886480385
2.9999999999999996 49942.03359999994 3.177900264341213
3.0999999999999996 49938.63159999991 3.1123187445983787
3.1999999999999997 49934.98179999998 3.2738153012406097
3.3 49931.299800000044 3.4468479398914167
3.4 49927.69200000003 3.4785911798611586
3.5 49923.97359999999 3.4607860494533833
3.6 49920.248199999995 3.6187528420914723
3.7 49916.25259999994 3.7223122986743493
3.8000000000000003 49912.2654 3.8761407749615504
3.9000000000000004 49908.35519999996 3.962516182239403
4.0 49904.199999999975 4.008549421983439
