# Rounds: 10000, repetitions: 1000
# Good arm ~ N(5.0,0.0), 1 bad arm(s) ~ N(2.6,0.0)
# Observation noise range from 0.5 to 4.0 with step size 0.1

# Observation noise | mean | standard deviation

0.5 49999.561600000015 5.00651481877608
0.6 49999.237600000015 5.194702221606622
0.7 49998.464799999994 4.23747060368688
0.7999999999999999 49997.85999999993 4.60528486074857
0.8999999999999999 49997.3848 4.344163984095726
0.9999999999999999 49996.393600000025 3.9372402645638447
1.0999999999999999 49995.6592 3.5096457047655063
1.1999999999999997 49994.643999999964 3.486106271607448
1.2999999999999996 49993.28799999994 3.5531283006278467
1.3999999999999995 49992.17200000001 3.2286778037398705
1.4999999999999993 49990.64079999999 3.055013660929992
1.5999999999999992 49989.30400000006 3.283944014182994
1.699999999999999 49988.10640000004 2.287424611074974
1.799999999999999 49986.438399999985 2.4759676605022674
1.8999999999999988 49984.801600000035 2.530897643699285
1.9999999999999987 49982.93200000002 2.9652400659393074
2.0999999999999988 49981.374399999986 2.518016093087689
2.199999999999999 49979.51200000002 2.72893075453875
2.299999999999999 49977.40240000004 2.7419979563808163
2.399999999999999 49975.69839999999 2.749683290526749
2.499999999999999 49973.48320000002 2.5441128650812592
2.599999999999999 49971.26079999995 3.0417027000213848
2.6999999999999993 49969.27359999999 3.0872048642546437
2.7999999999999994 49967.07039999997 2.8407170773450003
2.8999999999999995 49964.78080000002 3.132104953772781
2.9999999999999996 49962.51999999997 3.042995205357063
3.0999999999999996 49960.19439999991 3.199494554677487
3.1999999999999997 49957.724799999916 3.4066567585061454
3.3 49955.13040000006 3.397643274363126
3.4 49952.694399999964 3.5270396437600824
3.5 49950.2368 3.575190589011479
3.6 49947.556 3.544334395385647
3.7 49944.81759999998 3.7770088742343866
3.8000000000000003 49942.40560000002 3.93858363896062
3.9000000000000004 49939.47760000004 3.772560198387749
4.0 49936.52319999999 3.9360480477561
