# Rounds: 10000, repetitions: 1000
# Good arm ~ N(5.0,1.0), 1 bad arm(s) ~ N(4.4,1.0)
# Observation noise range from 0.5 to 4.0 with step size 0.1

# Observation noise | mean | standard deviation

0.5 49853.69745886667 832.5490494113807
0.6 49898.8657518481 676.1296924138418
0.7 49959.46022906708 387.3143621753413
0.7999999999999999 49972.57790202706 232.2303592414024
0.8999999999999999 49983.39452880498 121.45689169099384
0.9999999999999999 49980.49164232347 110.84569996266343
1.0999999999999999 49978.85594945316 100.9131715554242
1.1999999999999997 49975.778772500154 104.45838452029558
1.2999999999999996 49970.28748382895 102.76057663309636
1.3999999999999995 49971.04595592633 103.657143843172
1.4999999999999993 49968.21143013145 100.67931719800228
1.5999999999999992 49960.39491021295 103.68324246768152
1.699999999999999 49957.0624285737 100.26937281256322
1.799999999999999 49948.55825252909 103.44135288630126
1.8999999999999988 49946.080654309604 102.10694449283805
1.9999999999999987 49945.29938257289 100.89571535597833
2.0999999999999988 49942.510653587065 99.61251826751275
2.199999999999999 49930.699585630275 105.07541185374365
2.299999999999999 49932.51164936422 105.39069131897084
2.399999999999999 49924.10979042611 104.92724739219219
2.499999999999999 49908.96735595404 102.39381914529577
2.599999999999999 49907.80964715969 103.69940549687752
2.6999999999999993 49904.46084095076 103.49607759381291
2.7999999999999994 49899.68258515644 105.4952279520445
2.8999999999999995 49894.23411571353 109.23076572828352
2.9999999999999996 49888.09896768696 106.77672442201555
3.0999999999999996 49880.43702160336 100.18696368938453
3.1999999999999997 49879.3208669637 100.72980324226307
3.3 49868.18225923497 102.61431383240111
3.4 49864.79979775705 102.29210484697043
3.5 49854.5983594972 106.64571555924944
3.6 49850.36058216743 104.85831924810327
3.7 49838.77973324285 102.43199368640452
3.8000000000000003 49831.05383992084 102.7971505542939
3.9000000000000004 49826.26159866908 104.19707074271801
4.0 49818.626993679005 107.09957712034166
