# Rounds: 50, repetitions: 1000
# Good arm ~ N(5.0,2.0), 4 bad arm(s) ~ N(0.9,2.0)
# Observation noise range from 0.5 to 4.0 with step size 0.1

# Observation noise | mean | standard deviation

0.5 231.11294882892423 24.353460510534802
0.6 230.9884872965202 24.420052650613545
0.7 230.71215720774805 21.637473109802407
0.7999999999999999 229.54451816283583 21.199458152496636
0.8999999999999999 231.80881785908332 18.049832242699356
0.9999999999999999 230.6277408277001 19.40096643826793
1.0999999999999999 229.74234498472006 19.21112842566036
1.1999999999999997 229.14140241559008 18.473768858969873
1.2999999999999996 228.01437577505956 18.65867371485157
1.3999999999999995 227.69276136402948 18.86891637119245
1.4999999999999993 225.80394310944433 18.149015736784214
1.5999999999999992 224.82282255586966 19.99275388775422
1.699999999999999 223.85275683830406 19.682298503455513
1.799999999999999 223.25279022825563 20.009700097080923
1.8999999999999988 220.7054437938487 19.80001184596373
1.9999999999999987 220.21664411700706 19.843356149024697
2.0999999999999988 218.2603648487831 20.818664387644017
2.199999999999999 216.49277920607724 20.888612511016305
2.299999999999999 215.77412012837004 20.361486287376103
2.399999999999999 213.96149652991036 20.844726878555093
2.499999999999999 210.73492925756992 21.69597240696724
2.599999999999999 210.36966544548042 21.589086578753353
2.6999999999999993 208.42455981711961 22.626598278212203
2.7999999999999994 206.6685281255264 22.907589277532143
2.8999999999999995 203.4683427033177 22.789941853146395
2.9999999999999996 200.23771289349932 24.113822345863106
3.0999999999999996 198.86076204247516 23.31584790380185
3.1999999999999997 197.10532396993864 24.119089003789117
3.3 195.03651395892166 24.375651682255477
3.4 194.1074862164242 25.74636782589559
3.5 190.14031529992107 25.13800408362809
3.6 188.6818022138905 26.100205918306376
3.7 184.10750395443128 25.36805192878613
3.8000000000000003 184.28210722385853 25.77216372096659
3.9000000000000004 180.00874462557064 26.980676912117374
4.0 179.06867532788667 26.056868696887623
