# Rounds: 50, repetitions: 1000
# Good arm ~ N(5.0,2.0), 4 bad arm(s) ~ N(2.7,2.0)
# Observation noise range from 0.5 to 4.0 with step size 0.1

# Observation noise | mean | standard deviation

0.5 226.58344233481054 32.38375384286457
0.6 226.40314173517083 31.604055859444813
0.7 225.16000989880385 29.30545122027963
0.7999999999999999 226.4941632275415 28.554599623019858
0.8999999999999999 225.97379467548762 28.51509718084002
0.9999999999999999 225.45051146856724 27.35669481735286
1.0999999999999999 224.74495843926897 26.981257202643093
1.1999999999999997 224.45578156023063 26.9195144850977
1.2999999999999996 222.20287328457664 27.409564185211824
1.3999999999999995 223.6059586171809 23.402665419895538
1.4999999999999993 222.09443280065244 25.891741283078762
1.5999999999999992 221.25915486194745 25.598425970129295
1.699999999999999 220.1223229376386 24.39261213450333
1.799999999999999 218.83615524465426 24.87372895133328
1.8999999999999988 218.12911911663267 25.68828433192036
1.9999999999999987 217.324923882901 25.453816008128754
2.0999999999999988 214.92152062718705 24.665239569929124
2.199999999999999 213.77036756105184 25.43261912914104
2.299999999999999 212.32039167767724 26.210044434182826
2.399999999999999 211.35285884628388 24.938764533569163
2.499999999999999 209.7738375633072 25.788323053581063
2.599999999999999 206.40583118464104 24.754484593279997
2.6999999999999993 207.98888705713424 24.405215064729173
2.7999999999999994 204.6896430567656 24.35336582525389
2.8999999999999995 202.98555963169218 23.92764644013759
2.9999999999999996 202.34124953517082 24.499682306427616
3.0999999999999996 199.81446039005763 24.443311842432024
3.1999999999999997 202.05065942566637 24.448442957684463
3.3 198.67996405770782 23.801983689100705
3.4 198.2950553223984 23.655972986821084
3.5 196.17781083634634 22.856769665347954
3.6 194.74952653559015 23.652693455970347
3.7 193.91572560622507 23.80825428257991
3.8000000000000003 191.9639465299401 23.089399805186734
3.9000000000000004 190.76622977911597 23.650225205983755
4.0 190.36391049688874 24.06051413241193
