# Rounds: 50, repetitions: 1000
# Good arm ~ N(5.0,0.0), 4 bad arm(s) ~ N(3.9,0.0)
# Observation noise range from 0.5 to 4.0 with step size 0.1

# Observation noise | mean | standard deviation

0.5 245.1099000000001 6.064713739554627
0.6 243.97580000000022 6.117270253581685
0.7 242.60520000000002 6.387761458950736
0.7999999999999999 241.4161000000003 6.1561212316375595
0.8999999999999999 240.56579999999994 6.143311047849561
0.9999999999999999 239.06209999999987 5.978722163531984
1.0999999999999999 237.27459999999996 6.870732260960382
1.1999999999999997 235.98759999999996 6.462147134318868
1.2999999999999996 235.0845000000001 5.972245596713805
1.3999999999999995 233.47079999999994 7.0502960245676105
1.4999999999999993 232.84379999999985 6.504973192583979
1.5999999999999992 230.88360000000029 7.039241575763807
1.699999999999999 229.53060000000002 7.192101915988801
1.799999999999999 228.94650000000016 6.828361023281068
1.8999999999999988 228.02470000000037 6.880638276576725
1.9999999999999987 226.4286000000002 7.336084799140489
2.0999999999999988 225.92040000000017 7.229360102214243
2.199999999999999 224.6345000000001 7.455282757279597
2.299999999999999 223.67970000000025 7.745347527278439
2.399999999999999 223.06370000000018 7.4798502973301675
2.499999999999999 222.3146 7.158503405811199
2.599999999999999 221.4192000000001 7.028478560177194
2.6999999999999993 220.71739999999969 6.905674882702313
2.7999999999999994 219.525 7.147606822096671
2.8999999999999995 219.72410000000008 7.35726297671276
2.9999999999999996 219.29949999999997 6.817194723190301
3.0999999999999996 218.56580000000025 6.915198502597731
3.1999999999999997 218.3689000000001 6.8254002724293565
3.3 217.3140000000003 6.7443539579644085
3.4 216.62100000000015 6.813100420317984
3.5 216.79590000000007 6.631365485192165
3.6 215.90490000000003 6.6927871166943005
3.7 215.51880000000017 6.596175869099887
3.8000000000000003 215.37690000000003 6.422403261525507
3.9000000000000004 214.8720000000002 6.358248447750624
4.0 214.92150000000004 6.231853957993035
