# Rounds: 50, repetitions: 1000
# Good arm ~ N(5.0,3.0), 4 bad arm(s) ~ N(0.4,3.0)
# Observation noise range from 0.5 to 4.0 with step size 0.1

# Observation noise | mean | standard deviation

0.5 218.4627245469945 49.4128370449798
0.6 219.05824579978915 45.40070358086727
0.7 216.81858439578602 48.761014257508286
0.7999999999999999 217.3660002003875 43.927811104791495
0.8999999999999999 216.61230417031229 46.37311892162954
0.9999999999999999 218.07435701419323 39.78709816686907
1.0999999999999999 219.15693787170036 36.88646849746668
1.1999999999999997 219.55265050469177 38.80059940120731
1.2999999999999996 218.70732456043092 38.00499745611766
1.3999999999999995 219.52278088723074 33.32537173162941
1.4999999999999993 218.73190088896123 33.42135061666291
1.5999999999999992 219.66439804608794 32.478244349535146
1.699999999999999 216.11247238429257 31.13461877046748
1.799999999999999 213.1851827163328 34.236185906786886
1.8999999999999988 214.09714811534775 31.916524050171216
1.9999999999999987 212.8189985215701 32.7458369348262
2.0999999999999988 210.5336605671147 32.356178233056376
2.199999999999999 209.23369861650457 32.252142613213344
2.299999999999999 208.63958104673375 34.25093857994231
2.399999999999999 206.24284828227903 33.65489276461799
2.499999999999999 205.02539926255383 33.64530239979215
2.599999999999999 204.12509337151465 32.14795021157358
2.6999999999999993 202.11838698796024 32.95558713887331
2.7999999999999994 199.5957662646475 32.6300791235393
2.8999999999999995 198.00685832437645 35.9738035761853
2.9999999999999996 195.6617281783068 32.720282973812516
3.0999999999999996 194.8733263484806 35.537453586539165
3.1999999999999997 193.89829455459716 34.61898880685197
3.3 190.5171163570703 35.860166734397836
3.4 186.99377663877553 35.75728559425577
3.5 183.55615407450887 37.360365034626795
3.6 183.12652296419316 34.196943663552844
3.7 182.20672840160324 35.63078343232518
3.8000000000000003 179.2940593060256 35.64052571827031
3.9000000000000004 176.12747199322058 36.780960443863584
4.0 173.31516390742527 36.99623593377196
