# Rounds: 50, repetitions: 1000
# Good arm ~ N(5.0,5.0), 4 bad arm(s) ~ N(1.5,5.0)
# Observation noise range from 0.5 to 4.0 with step size 0.1

# Observation noise | mean | standard deviation

0.5 184.95989764451437 73.93420655712376
0.6 182.02743367212335 75.3331967141763
0.7 185.64222347108475 70.71919789303482
0.7999999999999999 188.20336780472073 70.1266155205413
0.8999999999999999 184.66662251332056 71.15831831634884
0.9999999999999999 184.71597385640518 70.16437334454531
1.0999999999999999 181.14558952912466 69.45560077145817
1.1999999999999997 185.70023969924065 69.76126145526884
1.2999999999999996 184.34321226703702 69.6794191747172
1.3999999999999995 181.89204537101497 69.20049780496538
1.4999999999999993 183.70608423057794 68.20746924636381
1.5999999999999992 182.29749948334393 65.58454533304533
1.699999999999999 185.30612069555434 67.14224916141055
1.799999999999999 185.5686151609546 64.57479112901684
1.8999999999999988 186.8189657932872 62.22483773748671
1.9999999999999987 184.00585441395418 61.44878553832269
2.0999999999999988 186.0528935655573 62.847510778751236
2.199999999999999 185.68448833797032 60.31558610307905
2.299999999999999 182.5623199075322 62.88414462097966
2.399999999999999 184.8655194913035 60.11270304466906
2.499999999999999 182.07889578499018 60.69785154122567
2.599999999999999 182.32899858632666 59.53215936607914
2.6999999999999993 179.50283167686075 58.476142825094584
2.7999999999999994 177.8410787898807 60.117445110908946
2.8999999999999995 178.7923662977701 59.87012098407178
2.9999999999999996 178.39239571110025 58.197231323577654
3.0999999999999996 171.63795781713574 57.33602141609021
3.1999999999999997 175.60938760356942 59.565153035294095
3.3 171.88186102817852 56.451874352099
3.4 171.74565306494998 56.81925841302395
3.5 170.27594581454184 56.71602967821413
3.6 169.01423188342488 56.20083070475575
3.7 170.20679437109968 54.0898627105545
3.8000000000000003 171.8306900134677 54.7074760376618
3.9000000000000004 168.1974882478609 56.26105204310854
4.0 166.7087344288411 54.23029151335455
