# Rounds: 50, repetitions: 1000
# Good arm ~ N(5.0,0.0), 4 bad arm(s) ~ N(3.4,0.0)
# Observation noise range from 0.5 to 4.0 with step size 0.1

# Observation noise | mean | standard deviation

0.5 244.03840000000014 6.523885845608156
0.6 243.18079999999998 7.071704204812319
0.7 242.64960000000005 6.807457772276026
0.7999999999999999 241.67359999999982 6.6906492829790185
0.8999999999999999 240.43999999999986 6.687055907999947
0.9999999999999999 239.23359999999997 6.5505190893806375
1.0999999999999999 237.8336000000002 6.857624811701085
1.1999999999999997 236.7488000000001 6.582259847856573
1.2999999999999996 235.23839999999993 6.91312351377557
1.3999999999999995 233.59839999999983 7.434098685332571
1.4999999999999993 232.47519999999986 6.983219193918411
1.5999999999999992 231.08160000000012 7.216823676936028
1.699999999999999 229.26560000000032 7.926621472479185
1.799999999999999 228.17120000000017 7.372060623586711
1.8999999999999988 226.4928000000002 8.00808576362651
1.9999999999999987 225.30719999999977 8.492791983539677
2.0999999999999988 223.83840000000023 8.36981835521532
2.199999999999999 222.50880000000026 8.694978160133884
2.299999999999999 221.44160000000002 8.499832739330603
2.399999999999999 219.0640000000002 9.06007886439346
2.499999999999999 218.33759999999995 8.893683367640403
2.599999999999999 216.72960000000006 9.493765081115871
2.6999999999999993 216.00320000000016 9.415357599088763
2.7999999999999994 214.45919999999987 9.554480805541608
2.8999999999999995 213.1568 9.330470054152215
2.9999999999999996 212.08320000000023 9.367853245778052
3.0999999999999996 211.47999999999996 9.431962782047094
3.1999999999999997 209.67839999999984 9.555817447350435
3.3 208.82560000000018 9.553322490663152
3.4 208.0688000000002 9.329766937663072
3.5 206.3855999999999 9.848572842144538
3.6 206.19520000000003 9.846158834987541
3.7 205.59519999999998 9.62840189663283
3.8000000000000003 204.47359999999998 9.551262201910765
3.9000000000000004 204.5648 9.457672468875636
4.0 202.77119999999988 9.111572384133886
