# Rounds: 50, repetitions: 1000
# Good arm ~ N(5.0,2.0), 4 bad arm(s) ~ N(1.3,2.0)
# Observation noise range from 0.5 to 4.0 with step size 0.1

# Observation noise | mean | standard deviation

0.5 229.30958957957262 30.218459815420168
0.6 230.65278705371085 25.959835269565293
0.7 232.65357568425486 21.334724504963035
0.7999999999999999 230.37516741565503 21.612884276687883
0.8999999999999999 230.41571036073572 22.448700291031113
0.9999999999999999 229.44467484829673 22.142628514979894
1.0999999999999999 228.7569979325996 20.640050482651755
1.1999999999999997 228.47624364783925 22.718825080172355
1.2999999999999996 227.82045366405225 21.471776446146627
1.3999999999999995 227.1724608842955 21.137838706668575
1.4999999999999993 225.51477049042114 21.552037114662905
1.5999999999999992 225.56270745439423 19.847399296432773
1.699999999999999 223.73176687486662 20.96222138583941
1.799999999999999 222.75254197544615 19.529422648149165
1.8999999999999988 221.97951801152684 19.85590636466644
1.9999999999999987 219.7787920836518 20.825578964201753
2.0999999999999988 218.34943331567317 20.95287530555932
2.199999999999999 217.07151809430448 21.349016433497596
2.299999999999999 215.64749827954984 21.74278628520786
2.399999999999999 213.4439901412349 22.09360712788022
2.499999999999999 210.47054425377235 22.561919334445104
2.599999999999999 208.06469573872354 22.04786783380122
2.6999999999999993 207.86467464420357 23.465957427304208
2.7999999999999994 205.62776396575785 22.534926814189014
2.8999999999999995 203.33841613112781 23.964536236905605
2.9999999999999996 201.71512410813034 24.617374946811022
3.0999999999999996 199.28325611953983 25.308008293624564
3.1999999999999997 197.58559860037593 24.440673389366875
3.3 195.2028064387596 23.93772827149007
3.4 193.6980301509958 26.381162405143023
3.5 190.84827037760755 25.006429751215926
3.6 188.6818812587891 24.850360424580607
3.7 187.74929280416907 25.55265049404938
3.8000000000000003 184.47427196795417 26.10997605547755
3.9000000000000004 182.5041933539502 26.34287174800317
4.0 179.93419209980465 25.917990972112687
