# Rounds: 50, repetitions: 1000
# Good arm ~ N(5.0,4.0), 4 bad arm(s) ~ N(0.3,4.0)
# Observation noise range from 0.5 to 4.0 with step size 0.1

# Observation noise | mean | standard deviation

0.5 199.2660300475446 69.78324421795583
0.6 197.78977879727458 69.57884282406627
0.7 198.66841828319423 66.81378375215415
0.7999999999999999 202.79779087153852 64.62134725555111
0.8999999999999999 201.9021137381403 61.9736481281587
0.9999999999999999 202.3202367247864 60.910349055424206
1.0999999999999999 203.8938059747828 58.45308576155995
1.1999999999999997 201.32944063596582 59.0073405602149
1.2999999999999996 206.41342992305914 57.22153264707242
1.3999999999999995 203.77907468622115 55.9140460895744
1.4999999999999993 204.808262391401 52.60144593810245
1.5999999999999992 203.7507397961586 54.250532440767316
1.699999999999999 206.92462128610268 47.09040156044591
1.799999999999999 204.165721294376 50.74024235842326
1.8999999999999988 204.88436757186236 47.89715024862529
1.9999999999999987 202.10497451818395 47.92643611113022
2.0999999999999988 200.69435383173072 46.46786106870677
2.199999999999999 196.9799656755732 50.86689996656693
2.299999999999999 199.61658931674515 46.04954480707311
2.399999999999999 196.24560091790477 47.77921911392576
2.499999999999999 196.60957605297767 48.00449515689127
2.599999999999999 194.7538425166109 48.05643720082455
2.6999999999999993 195.89982769615534 44.32973940913845
2.7999999999999994 188.0991119650555 48.47788998484016
2.8999999999999995 188.3047984563539 44.887283565113144
2.9999999999999996 187.86065216535292 47.29000754396921
3.0999999999999996 185.24803548820927 46.086538552267704
3.1999999999999997 185.07191635992604 45.4215527343353
3.3 183.33166561264062 47.308786704336256
3.4 179.86275133407324 47.22636659214595
3.5 179.36779999552584 46.32734463189959
3.6 176.6337465068496 48.75545150719794
3.7 173.0525899003943 44.98795808125916
3.8000000000000003 170.46853954151987 46.8864344509644
3.9000000000000004 167.7156558713733 46.13111835345459
4.0 164.33926274161016 49.15835155010381
