# Rounds: 50, repetitions: 1000
# Good arm ~ N(5.0,4.0), 4 bad arm(s) ~ N(4.3,4.0)
# Observation noise range from 0.5 to 4.0 with step size 0.1

# Observation noise | mean | standard deviation

0.5 226.81528217115914 30.07036769649305
0.6 228.6729575538695 29.598807493671764
0.7 228.75351251988812 32.120069218967835
0.7999999999999999 230.5253895369006 31.748219830846438
0.8999999999999999 227.04299085662274 30.74861071648914
0.9999999999999999 229.56684915161222 30.105128946643063
1.0999999999999999 230.54859223413104 31.290822261232652
1.1999999999999997 230.02451491560683 29.89088039135559
1.2999999999999996 229.56851451005406 29.283717555207637
1.3999999999999995 229.00125293450495 30.009276990735415
1.4999999999999993 229.21400433953463 29.8412010597419
1.5999999999999992 230.10179948595135 30.47264593743895
1.699999999999999 229.81400287562784 30.23971115469995
1.799999999999999 230.06585965015745 30.159904648134095
1.8999999999999988 228.70046886872177 30.12288397143369
1.9999999999999987 227.65729681249977 30.81933994899563
2.0999999999999988 228.46663549045522 29.508568651256375
2.199999999999999 227.75428733689225 30.953534921425796
2.299999999999999 227.79006474691244 30.143735903528516
2.399999999999999 229.67629280683406 30.763805771470835
2.499999999999999 228.88118976320754 28.727875144719196
2.599999999999999 227.58782601341403 30.865928083157076
2.6999999999999993 229.15874925864236 30.39402717266883
2.7999999999999994 228.35647045583684 28.99749732168566
2.8999999999999995 227.23161550372893 30.7321140272539
2.9999999999999996 226.20482621917407 29.31244117203344
3.0999999999999996 228.022455190327 29.79756463583993
3.1999999999999997 227.35436345284737 29.575071396268992
3.3 227.05426885658187 29.91996815103806
3.4 228.0910414717033 28.113096285888126
3.5 227.16824657649641 29.65725334623386
3.6 226.2646804313998 29.73381638270238
3.7 227.64823367883216 29.945622814575504
3.8000000000000003 224.85870342621004 28.879250505537932
3.9000000000000004 224.90708194348636 30.12354955228835
4.0 227.38166435228032 29.74971912205078
