# Rounds: 50, repetitions: 1000
# Good arm ~ N(5.0,0.0), 4 bad arm(s) ~ N(4.2,0.0)
# Observation noise range from 0.5 to 4.0 with step size 0.1

# Observation noise | mean | standard deviation

0.5 244.9536 5.6486169912567
0.6 243.62400000000017 5.494128634228474
0.7 242.5607999999999 5.266706899150688
0.7999999999999999 240.9816000000003 5.409514237367731
0.8999999999999999 239.85759999999993 5.39120648346429
0.9999999999999999 238.7576 5.306550830975032
1.0999999999999999 237.57200000000006 5.449002443349395
1.1999999999999997 236.32160000000002 5.677140421318054
1.2999999999999996 235.53199999999987 5.412788031529992
1.3999999999999995 234.74800000000002 5.488072059925512
1.4999999999999993 233.74239999999978 5.71559885841463
1.5999999999999992 232.8375999999996 5.506893145151102
1.699999999999999 232.0144000000001 5.5363276242978845
1.799999999999999 231.66719999999978 5.519538881960112
1.8999999999999988 230.73919999999987 5.727071040479849
1.9999999999999987 230.15279999999981 5.703632490227943
2.0999999999999988 229.35119999999998 5.570997628304548
2.199999999999999 229.06479999999985 5.472504844152222
2.299999999999999 228.47119999999984 5.153924086896668
2.399999999999999 227.90719999999988 5.2527268441543296
2.499999999999999 227.9071999999999 5.210848405116128
2.599999999999999 227.37119999999985 5.3454938840919874
2.6999999999999993 226.92239999999964 5.036648296840489
2.7999999999999994 226.78080000000023 5.151179088908308
2.8999999999999995 226.3487999999998 4.998972723299113
2.9999999999999996 225.94879999999995 4.787799241988091
3.0999999999999996 225.74719999999974 4.659102853490089
3.1999999999999997 225.52079999999992 4.768545521056347
3.3 225.16399999999967 4.653759929506623
3.4 224.93279999999962 4.671002293129664
3.5 225.00239999999962 4.6617385218442084
3.6 224.82559999999987 4.690542167577861
3.7 224.4208 4.5802080373784175
3.8000000000000003 224.36079999999978 4.378387104132505
3.9000000000000004 224.0143999999999 4.257059454035774
4.0 223.84800000000018 4.396114400447503
