# Rounds: 50, repetitions: 1000
# Good arm ~ N(5.0,2.0), 4 bad arm(s) ~ N(1.6,2.0)
# Observation noise range from 0.5 to 4.0 with step size 0.1

# Observation noise | mean | standard deviation

0.5 229.72251801487738 29.176347410718183
0.6 229.1795214049551 29.077483559600335
0.7 230.23871673329523 26.761474449795124
0.7999999999999999 230.58935303516503 26.816211409873684
0.8999999999999999 230.528319002883 22.647924478666386
0.9999999999999999 228.7668912488887 22.438200311621305
1.0999999999999999 228.10161850147006 23.34504179962129
1.1999999999999997 228.0123358153061 23.3651623871843
1.2999999999999996 227.9628226768613 21.511878022315464
1.3999999999999995 227.45923682200208 21.070134237680737
1.4999999999999993 225.48213598365047 23.36216500238007
1.5999999999999992 225.20298156107788 21.610725531843105
1.699999999999999 222.94758478354595 21.496996607727066
1.799999999999999 221.57003232289605 22.530977769721886
1.8999999999999988 220.58830410201514 21.481690764532914
1.9999999999999987 218.55648658409967 21.47469335963817
2.0999999999999988 218.69704629976445 22.325215997480075
2.199999999999999 216.18113153954044 22.201545285344654
2.299999999999999 214.08002724083298 22.89885480444041
2.399999999999999 212.39227411163142 22.763180502757066
2.499999999999999 210.83170620849094 23.077704739110747
2.599999999999999 209.37556962188484 23.077310900765518
2.6999999999999993 206.07511649576253 24.536738801307276
2.7999999999999994 204.4996476177487 24.061897731349173
2.8999999999999995 204.98600503210565 22.904725492216098
2.9999999999999996 202.22178281196437 24.188664901010164
3.0999999999999996 199.69450914115666 25.391800600776577
3.1999999999999997 196.82057630348402 25.153376491737724
3.3 197.11582672442046 24.85657455586108
3.4 194.82000472428925 23.742818728358145
3.5 190.0965048051286 25.196199353131632
3.6 190.47238171088395 26.07296352265904
3.7 187.8167965424599 26.147538840290586
3.8000000000000003 185.9456843440448 25.51461542591226
3.9000000000000004 182.7565194036861 26.119962978848676
4.0 182.1549916817754 25.93638866892731
