# Rounds: 50, repetitions: 1000
# Good arm ~ N(5.0,5.0), 4 bad arm(s) ~ N(4.6,5.0)
# Observation noise range from 0.5 to 4.0 with step size 0.1

# Observation noise | mean | standard deviation

0.5 239.7390798386007 35.75653371117838
0.6 237.5838861573693 36.51325253627421
0.7 240.88855702283132 35.98143984240784
0.7999999999999999 238.315945218 36.35891091121185
0.8999999999999999 238.6617286745519 36.125521034751884
0.9999999999999999 240.48114883032179 35.28661903101108
1.0999999999999999 239.03799863049306 37.014121395359176
1.1999999999999997 238.7120754571541 36.691435655446746
1.2999999999999996 239.26490510795838 35.05592676602061
1.3999999999999995 238.17068829199815 35.735913843720304
1.4999999999999993 239.0576181552297 35.93866637663184
1.5999999999999992 237.7425527512506 37.09401943386188
1.699999999999999 238.76480648865072 35.781672590964305
1.799999999999999 240.19407927544864 34.160226171123284
1.8999999999999988 240.32265283684075 36.60402940690053
1.9999999999999987 241.14864318295014 36.3462637805349
2.0999999999999988 240.14895363549036 35.84993828217562
2.199999999999999 237.98241084322208 35.426902119023765
2.299999999999999 239.25111592911884 36.81519580672918
2.399999999999999 239.0653967347564 35.86339938658558
2.499999999999999 239.60218028316322 36.19032766047658
2.599999999999999 239.16968775991873 36.236282370931136
2.6999999999999993 239.38615223999963 34.91426995947604
2.7999999999999994 239.49109827206107 36.76868960655089
2.8999999999999995 238.05073479003164 36.2907856461875
2.9999999999999996 239.06169355892072 36.590970209092625
3.0999999999999996 240.42826086473065 36.48421054407575
3.1999999999999997 239.49343321375036 35.63238438545187
3.3 237.99815429865194 34.683279458155205
3.4 238.80472945835902 34.79267147199368
3.5 240.95694660485026 36.123913219498576
3.6 238.29095241849154 36.26347149887469
3.7 237.2562743664292 35.42920454171084
3.8000000000000003 236.45914093757003 36.31665652122719
3.9000000000000004 239.99515588436725 35.71530726636029
4.0 239.34842111722548 36.43851233077754
