# Rounds: 100, repetitions: 1000
# Good arm ~ N(5.0,3.0), 19 bad arm(s) ~ N(4.9,3.0)
# Observation noise range from 0.5 to 8.0 with step size 0.1

# Observation noise | mean | standard deviation

0.5 497.3117322383465 30.461369994862203
0.6 495.15359358883006 30.401469889540476
0.7 495.15190316013684 31.079860957875965
0.7999999999999999 496.1170456071625 29.037598440893355
0.8999999999999999 496.17258440563637 30.200740580677675
0.9999999999999999 494.4425334830848 30.152975079717677
1.0999999999999999 497.35386488323496 29.505989885081977
1.1999999999999997 497.64362631618803 30.056958182632023
1.2999999999999996 495.7533601155656 30.55378873781204
1.3999999999999995 495.6301268453944 29.801550592347052
1.4999999999999993 495.8082386458282 28.260261993703846
1.5999999999999992 494.4264878921144 28.98523738006406
1.699999999999999 495.5909717134295 30.45402394623396
1.799999999999999 495.93116244083745 30.928148137463026
1.8999999999999988 496.12442752534156 30.24297653650775
1.9999999999999987 496.14014788787705 29.652131734547886
2.0999999999999988 495.29564351093086 30.19018213497207
2.199999999999999 495.4200481940501 30.80750579888231
2.299999999999999 494.3454865039078 28.8617945292224
2.399999999999999 496.63814108828035 30.388384674260422
2.499999999999999 495.1776189145495 30.547662635695026
2.599999999999999 493.4798221593382 30.842119598021338
2.6999999999999993 495.59034790781783 30.120961198691894
2.7999999999999994 494.9785538492703 30.70994809421945
2.8999999999999995 494.2392868171459 30.542732240186357
2.9999999999999996 494.0170011909754 30.1984893904208
3.0999999999999996 494.5380176873652 29.888983857911317
3.1999999999999997 494.6220654485241 30.183752136288728
3.3 497.0509945793421 30.98723684450072
3.4 494.26905724046566 30.945166669422314
3.5 494.75346992795926 30.519188572741598
3.6 497.1273961766522 29.818843973185935
3.7 496.672830994486 30.243635833382097
3.8000000000000003 496.8137459704411 29.580076768305567
3.9000000000000004 495.6893873606969 30.495234659323383
4.0 495.7093800619891 31.04903498459559
4.1 497.31797361961776 31.40048351871232
4.199999999999999 495.0848287656167 29.75287292943373
4.299999999999999 497.0606944659398 29.848307395531574
4.399999999999999 495.4693346024386 29.709526422817444
4.499999999999998 496.77754778875726 29.42722515966164
4.599999999999998 496.0814857629748 30.167800399755745
4.6999999999999975 494.0804880888995 30.20741709447556
4.799999999999997 495.46029050022804 31.682476435134006
4.899999999999997 495.99688327961354 30.23065757197281
4.9999999999999964 495.5731963928271 29.110524725428313
5.099999999999996 495.13100527986904 30.5276084345899
5.199999999999996 493.81004242885535 30.44425799927707
5.299999999999995 493.9412631131034 28.880418473716613
5.399999999999995 495.9595080825275 29.155057584783133
5.499999999999995 494.44037275572407 29.572766645768993
5.599999999999994 494.3469081631412 29.833874086589688
5.699999999999994 494.8284999838546 29.154376958786596
5.799999999999994 496.7557979873437 29.921991508185005
5.899999999999993 496.208798796266 31.29243823063157
5.999999999999993 497.07778945688324 29.843412033868034
6.0999999999999925 495.4876681562288 29.224942443817486
6.199999999999992 495.520447764463 29.71391115888062
6.299999999999992 495.15895115722134 30.165280298770362
6.3999999999999915 494.6854088249417 29.74205786911868
6.499999999999991 494.396242756536 30.040696709465728
6.599999999999991 494.9294031790708 30.31632926638292
6.69999999999999 495.0469649367319 30.79990950580131
6.79999999999999 494.7212122374691 30.30063600256568
6.89999999999999 496.4303722301046 30.32455748925443
6.999999999999989 496.8877441345418 29.56542758996215
7.099999999999989 493.9313509700779 30.612799501691892
7.199999999999989 492.6444009268265 29.699466583147238
7.299999999999988 496.50949419024715 31.431886774318514
7.399999999999988 494.87930170621945 30.036334746281394
7.499999999999988 495.3065713151817 29.63288406427643
7.599999999999987 492.8270618566478 29.920092393485408
7.699999999999987 496.2692762624591 30.31283446800196
7.7999999999999865 496.57487073395504 30.954429628076554
7.899999999999986 494.44625275654545 29.643341734655962
7.999999999999986 495.3698415769183 29.73724024468522
