# Rounds: 100, repetitions: 1000
# Good arm ~ N(5.0,1.0), 19 bad arm(s) ~ N(5.0,1.0)
# Observation noise range from 0.5 to 8.0 with step size 0.1

# Observation noise | mean | standard deviation

0.5 505.05971597115 10.27839605359027
0.6 504.8139881357108 10.122826862311097
0.7 505.4726177611403 10.172089861351163
0.7999999999999999 504.39923291069005 10.00012409194854
0.8999999999999999 505.24413464434616 9.48490040720322
0.9999999999999999 504.2746646565648 10.123045869765534
1.0999999999999999 505.0097330935132 10.075375290763715
1.1999999999999997 505.19207464652374 10.13467087290466
1.2999999999999996 504.8347715661334 10.30026142752721
1.3999999999999995 505.2985018553276 9.761580672783069
1.4999999999999993 505.2005672227143 9.634806321828815
1.5999999999999992 504.8795091082733 10.268730432495637
1.699999999999999 505.33049566151203 10.204664666482028
1.799999999999999 504.48867315240784 10.263871045397998
1.8999999999999988 504.727488398519 9.868075748541678
1.9999999999999987 504.12882585498596 10.053545598354441
2.0999999999999988 505.0523388858122 10.210714751836905
2.199999999999999 504.99091920807274 9.906708475159526
2.299999999999999 505.32448953806437 10.184035091512452
2.399999999999999 504.60171887009426 9.754912327085194
2.499999999999999 505.18493646607016 10.143516152327694
2.599999999999999 504.92078489777896 10.309510822841675
2.6999999999999993 505.02047990350906 9.685267491859612
2.7999999999999994 504.87973986954165 9.859088130844615
2.8999999999999995 504.7998046292993 10.175935204477922
2.9999999999999996 504.66345644091615 10.078483581021292
3.0999999999999996 504.6931537547367 9.686978474827876
3.1999999999999997 505.05868504883745 10.051551657906613
3.3 504.8327791668195 10.079160202816109
3.4 504.81579735311533 10.295261340002888
3.5 505.4186343527268 9.805640846504701
3.6 505.3245509021518 10.238189405138026
3.7 504.80308309612246 9.814930727221006
3.8000000000000003 505.6575548697845 10.469450536011168
3.9000000000000004 504.87492154775487 10.106710614871142
4.0 505.0207211119831 9.981634732595014
4.1 505.4647797292616 10.0418359512897
4.199999999999999 504.8696450316564 9.891191630714676
4.299999999999999 505.2122900945621 9.659298793364819
4.399999999999999 505.0088153457754 10.340546877788599
4.499999999999998 505.01009539702386 10.14830364722922
4.599999999999998 505.02961333843393 9.840817088653687
4.6999999999999975 505.06301634421504 10.3791189524122
4.799999999999997 505.2278523225672 10.27201103920457
4.899999999999997 504.9961244048056 9.864438041446158
4.9999999999999964 505.2869657187652 9.924299427240403
5.099999999999996 504.97895234706095 10.00008673874185
5.199999999999996 504.7951165487401 10.076733924414272
5.299999999999995 504.8292329779503 9.664877344218084
5.399999999999995 504.76994982221385 10.22405038524009
5.499999999999995 505.1246998013769 10.0866734665595
5.599999999999994 505.19722385406783 10.18015499187714
5.699999999999994 504.5900242119811 9.635496180351105
5.799999999999994 505.1704359652601 9.90062202558133
5.899999999999993 504.9152486241906 10.042053491823506
5.999999999999993 504.89619941937224 10.42497519410553
6.0999999999999925 504.9441268540186 10.396989073338021
6.199999999999992 505.0549528133448 9.896477969576889
6.299999999999992 505.05954382425205 10.068418279454324
6.3999999999999915 505.17585054284064 9.990933738687097
6.499999999999991 504.8646398893769 10.556072433141907
6.599999999999991 504.72776189665547 10.04447081113629
6.69999999999999 505.0766368794117 9.907223873719017
6.79999999999999 504.69439506427454 10.052901157055983
6.89999999999999 504.91316050213067 10.03783458459151
6.999999999999989 505.0181696046106 9.949720868820293
7.099999999999989 504.97960106611293 10.595569079202818
7.199999999999989 504.97947753523096 9.81241144755018
7.299999999999988 505.07215147980327 10.244687059700427
7.399999999999988 504.6332593814233 10.486157541913444
7.499999999999988 504.52178469216614 9.910024532177106
7.599999999999987 505.44249162104796 9.945645826919424
7.699999999999987 504.76940672653336 10.0519733587248
7.7999999999999865 504.5121866551448 9.959505798910067
7.899999999999986 504.05031777795944 10.377056146469595
7.999999999999986 504.4545018389161 9.896391059915022
