# Rounds: 100, repetitions: 1000
# Good arm ~ N(5.0,2.0), 19 bad arm(s) ~ N(5.0,2.0)
# Observation noise range from 0.5 to 8.0 with step size 0.1

# Observation noise | mean | standard deviation

0.5 505.1857418915744 20.296803898065626
0.6 505.82128864337886 20.03235950489119
0.7 505.2918669895004 19.824563253719482
0.7999999999999999 504.45848634873704 19.925529946665314
0.8999999999999999 505.4209109544459 19.35168455463455
0.9999999999999999 505.2156904603758 19.97184479645973
1.0999999999999999 504.6645345798379 21.10908863308461
1.1999999999999997 504.4318758429263 19.3016778259233
1.2999999999999996 505.43726932447373 19.863408344447812
1.3999999999999995 504.2655669509327 19.963439680756988
1.4999999999999993 504.32129648878697 20.715695990157965
1.5999999999999992 504.91046441290155 20.663037454487043
1.699999999999999 504.400626159502 19.99989405692212
1.799999999999999 504.49300146940914 20.135729663463987
1.8999999999999988 505.3850038613675 20.16122932689301
1.9999999999999987 505.055533190606 20.476393964989377
2.0999999999999988 505.01465005671645 20.060236314729483
2.199999999999999 505.12343747942685 19.340594183784162
2.299999999999999 505.16197404361355 20.086613412888685
2.399999999999999 505.4932764246911 20.03538753227021
2.499999999999999 505.030552308102 19.915501979727207
2.599999999999999 506.00856769786526 20.068581325483276
2.6999999999999993 505.0240816517683 20.118413168105224
2.7999999999999994 505.89116116468256 19.861911229983377
2.8999999999999995 504.4943079006348 20.092814425070134
2.9999999999999996 505.1182694531648 20.192737426719773
3.0999999999999996 504.865295046766 20.5176968774917
3.1999999999999997 504.02706961557783 20.11978633543696
3.3 504.9009103784801 20.332403542323913
3.4 505.0541552874004 19.858942405841116
3.5 505.5456261598728 20.87561896476001
3.6 505.8090529931217 19.871943255528105
3.7 503.5780041052834 19.534505833536354
3.8000000000000003 504.2758901526529 19.6891123202779
3.9000000000000004 505.3049531725176 20.340703927601407
4.0 505.71911526740473 19.649880314138738
4.1 505.62270792780913 20.313940114060234
4.199999999999999 504.4214466020479 20.534424969216882
4.299999999999999 503.8991844782163 21.56617078485872
4.399999999999999 505.6519853219913 19.369190070460174
4.499999999999998 504.0801634412694 20.035237556246276
4.599999999999998 504.8949438023832 20.06836047218108
4.6999999999999975 504.39035869491426 20.08414079728574
4.799999999999997 504.3258321199303 20.700897330302315
4.899999999999997 505.4967689481793 20.177263117446547
4.9999999999999964 505.1279751754018 19.710185800559366
5.099999999999996 505.6148611138366 19.98952575500974
5.199999999999996 504.91442770536423 20.79061935118237
5.299999999999995 504.3363229628321 20.24873776157969
5.399999999999995 504.74025227135667 19.400235050829583
5.499999999999995 504.80168310286933 20.012559434610637
5.599999999999994 505.3082092276997 20.19301099273106
5.699999999999994 505.28412361922904 20.43206938446116
5.799999999999994 503.5549316355659 20.153501024349907
5.899999999999993 505.52129496605824 20.59313554949694
5.999999999999993 504.2389398435969 20.089023658576615
6.0999999999999925 504.58211708378815 19.975028662162792
6.199999999999992 505.4375029966642 20.087315827810034
6.299999999999992 504.97300062886893 20.170293690270828
6.3999999999999915 504.6782559443933 20.395583096254665
6.499999999999991 505.63055465870787 20.551975809954993
6.599999999999991 504.6512550058933 19.97218598263597
6.69999999999999 504.43745158118395 19.906620384606423
6.79999999999999 505.0719847711743 20.495253622660158
6.89999999999999 504.49318139822077 20.702492620947794
6.999999999999989 505.4115423650121 19.719418347990715
7.099999999999989 505.88186655855657 20.037078970594813
7.199999999999989 505.03804121134124 19.92751213518384
7.299999999999988 505.039286853164 20.61365873315617
7.399999999999988 505.0883383919706 19.634845213974017
7.499999999999988 505.48114814466567 20.50840824175648
7.599999999999987 504.4883002583084 19.711538952917657
7.699999999999987 505.59446195721233 19.364752230833552
7.7999999999999865 505.5187486544011 19.90102994427052
7.899999999999986 504.6862626554408 19.913952346381343
7.999999999999986 505.7421256961972 20.36922094575735
