# Rounds: 100, repetitions: 1000
# Good arm ~ N(5.0,0.0), 19 bad arm(s) ~ N(0.5,0.0)
# Observation noise range from 0.5 to 8.0 with step size 0.1

# Observation noise | mean | standard deviation

0.5 419.2615000000002 1.7214328569773214
0.6 419.1894999999999 2.197537011956552
0.7 418.95550000000037 2.4509747095853314
0.7999999999999999 418.73949999999957 3.534881205236633
0.8999999999999999 418.5459999999997 3.3482226023063024
0.9999999999999999 418.2715000000001 3.957043839275181
1.0999999999999999 417.7179999999996 4.607244588981898
1.1999999999999997 417.1104999999997 5.174728743380403
1.2999999999999996 415.4860000000001 6.777849455634404
1.3999999999999995 412.3944999999996 8.829188769322114
1.4999999999999993 408.96100000000035 10.471037275342935
1.5999999999999992 404.1639999999999 11.663817927619126
1.699999999999999 399.14200000000017 11.05339375547229
1.799999999999999 391.9150000000001 12.674538213241462
1.8999999999999988 383.7159999999999 13.895626377836766
1.9999999999999987 376.6329999999995 14.189826008875569
2.0999999999999988 368.4025000000002 13.854193676733118
2.199999999999999 359.6725 15.016190586487937
2.299999999999999 351.955 16.271700686874762
2.399999999999999 343.5715000000003 15.726250433676253
2.499999999999999 335.02149999999983 17.260408728053314
2.599999999999999 326.66499999999974 18.526697318019572
2.6999999999999993 318.6414999999996 18.401177437356576
2.7999999999999994 309.8170000000004 19.59494763894431
2.8999999999999995 301.13199999999983 19.801506904164544
2.9999999999999996 292.8790000000006 20.56152073984645
3.0999999999999996 283.7215000000001 21.541790466126216
3.1999999999999997 275.49100000000016 23.211714772991332
3.3 267.35049999999916 22.37092662604991
3.4 259.29099999999994 23.459105879138882
3.5 250.03900000000002 24.345084969294366
3.6 242.61849999999993 25.135612321102425
3.7 233.4430000000003 25.84476161048309
3.8000000000000003 226.89550000000025 25.57239286861963
3.9000000000000004 219.62799999999987 26.484165590537717
4.0 209.25099999999992 27.60975004047114
4.1 205.38099999999994 26.231277493079116
4.199999999999999 197.24049999999997 28.19219234929167
4.299999999999999 192.23649999999967 27.348350041638707
4.399999999999999 183.49299999999977 28.97963544060328
4.499999999999998 178.47550000000004 28.64517753385278
4.599999999999998 173.95300000000003 26.32398608196034
4.6999999999999975 165.74499999999998 27.233189707076555
4.799999999999997 161.083 27.360403920678916
4.899999999999997 156.95650000000006 26.8136780595479
4.9999999999999964 153.54099999999994 26.608115506567007
5.099999999999996 145.36899999999974 26.477403420499787
5.199999999999996 142.04350000000028 26.404603023162675
5.299999999999995 140.23000000000008 25.235271326437523
5.399999999999995 135.05950000000004 25.11890063117649
5.499999999999995 132.76000000000016 24.915641456506606
5.599999999999994 128.28699999999986 24.04059236127676
5.699999999999994 126.84249999999992 24.183326426011522
5.799999999999994 122.90949999999994 23.873279901246157
5.899999999999993 121.2939999999999 23.634109569330832
5.999999999999993 118.76949999999998 23.056522352101865
6.0999999999999925 116.13699999999997 22.40502658369804
6.199999999999992 114.15699999999991 22.43760899243262
6.299999999999992 111.8529999999999 22.579608715160003
6.3999999999999915 109.48150000000011 21.170902551966563
6.499999999999991 108.64450000000001 21.22693931547132
6.599999999999991 106.84449999999994 20.486758577847837
6.69999999999999 105.02649999999996 19.748064051541483
6.79999999999999 104.73849999999997 19.266371241383546
6.89999999999999 101.49850000000009 18.650471517842018
6.999999999999989 101.11150000000013 19.29255090106724
7.099999999999989 100.91350000000004 18.080782129997374
7.199999999999989 99.361 18.91901445921823
7.299999999999988 98.30350000000003 17.985845222796122
7.399999999999988 95.93199999999983 17.181139879750923
7.499999999999988 96.30100000000004 17.19855195035879
7.599999999999987 94.90149999999991 17.156657560511295
7.699999999999987 93.745 16.410630206783154
7.7999999999999865 93.29950000000002 16.275424393520076
7.899999999999986 92.95750000000008 15.997745829385513
7.999999999999986 93.15999999999991 16.21160745318664
