# Rounds: 500, repetitions: 1000
# Good arm ~ N(5.0,2.0), 19 bad arm(s) ~ N(4.5,2.0)
# Observation noise range from 0.5 to 8.0 with step size 0.1

# Observation noise | mean | standard deviation

0.5 2326.372638525324 89.93338161514937
0.6 2320.826252441444 87.76787512906883
0.7 2321.6172278240524 83.67102264730512
0.7999999999999999 2318.2835743248584 81.2847114811493
0.8999999999999999 2313.3219884707923 73.45562502982581
0.9999999999999999 2307.136242342421 70.82826102649683
1.0999999999999999 2308.0001296743026 68.99660747114469
1.1999999999999997 2306.8870500537 65.00372315167455
1.2999999999999996 2303.3410110230766 63.785962723605856
1.3999999999999995 2299.1504066660477 60.553975970145004
1.4999999999999993 2301.444361230615 62.10547281311988
1.5999999999999992 2299.0157077386098 57.01212371767212
1.699999999999999 2294.085704920805 57.49242404653777
1.799999999999999 2294.859211019375 53.81350543273724
1.8999999999999988 2293.6665000380804 51.94593768849424
1.9999999999999987 2293.163951058617 52.35484235581565
2.0999999999999988 2287.123958759942 52.787537491419435
2.199999999999999 2289.4992566045903 48.53420773056001
2.299999999999999 2284.1077955336095 52.01043992596707
2.399999999999999 2284.660998457617 52.43353414495442
2.499999999999999 2283.0610423526855 49.68403942036472
2.599999999999999 2281.226204269791 50.819439120323686
2.6999999999999993 2284.902782058371 50.041357757650374
2.7999999999999994 2282.19587414417 49.04228578597171
2.8999999999999995 2279.93315717726 48.02151430112718
2.9999999999999996 2282.0435532200086 48.34668339185894
3.0999999999999996 2282.6824068631545 49.502633351771564
3.1999999999999997 2281.257517697551 47.68821144544929
3.3 2281.2193596773104 47.53208688679681
3.4 2278.337922120816 46.1093604662798
3.5 2279.527390707766 46.406862093786415
3.6 2278.057468189832 44.177682215633695
3.7 2276.5087100788696 46.66801723501784
3.8000000000000003 2276.7217155743856 47.1194295261083
3.9000000000000004 2276.5833078134983 48.00554675044258
4.0 2278.718429850222 47.64666734970007
4.1 2272.7993672763673 46.18981867909321
4.199999999999999 2275.6731460658484 47.02195528622921
4.299999999999999 2277.862239548122 48.667919118236505
4.399999999999999 2274.649729008496 46.23352868710731
4.499999999999998 2279.186017435978 46.18844346562026
4.599999999999998 2277.0870396192354 46.97805839075294
4.6999999999999975 2276.4749047852097 46.1141277893321
4.799999999999997 2273.793107295499 45.54296370465082
4.899999999999997 2275.5491501501606 45.283897687384716
4.9999999999999964 2275.0177179078346 45.122661778583385
5.099999999999996 2277.054340139491 44.747853203414515
5.199999999999996 2274.111574526589 46.7314551498908
5.299999999999995 2274.0378189988014 47.44798719034057
5.399999999999995 2273.2745390368345 45.30012417993556
5.499999999999995 2273.0589608555824 45.187743589301306
5.599999999999994 2274.8207084525798 44.97182198054984
5.699999999999994 2274.0287930283566 46.15865565748563
5.799999999999994 2272.4833996572042 45.848221935762844
5.899999999999993 2273.8596796636302 45.75370294546615
5.999999999999993 2271.9811498745366 46.524462705162954
6.0999999999999925 2272.5903751714573 46.520152642892604
6.199999999999992 2271.2889264253686 45.82695798485574
6.299999999999992 2273.459221230798 43.72667331267844
6.3999999999999915 2272.858820709963 45.807241827082045
6.499999999999991 2269.9070801912285 47.085340603182146
6.599999999999991 2270.933728725868 44.96651524471547
6.69999999999999 2272.742487748218 45.45867868319277
6.79999999999999 2274.7598354471506 47.66501433518135
6.89999999999999 2272.924444629627 46.662625839097146
6.999999999999989 2271.125357277014 45.08546853854954
7.099999999999989 2270.4514088059436 44.24080258841051
7.199999999999989 2270.7660123159167 46.026392213338376
7.299999999999988 2271.4860394998677 46.12875189949766
7.399999999999988 2270.476871715885 45.095997196243076
7.499999999999988 2270.6592077479277 45.89716547311612
7.599999999999987 2268.6299498232484 46.46022394853552
7.699999999999987 2271.3556876819653 45.794156528169665
7.7999999999999865 2269.5766608835747 46.005736391372
7.899999999999986 2271.472322933137 44.380822718630924
7.999999999999986 2269.9462809915467 45.47846147203631
