# Rounds: 500, repetitions: 1000
# Good arm ~ N(5.0,3.0), 19 bad arm(s) ~ N(4.0,3.0)
# Observation noise range from 0.5 to 8.0 with step size 0.1

# Observation noise | mean | standard deviation

0.5 2187.4188105475646 199.24989005774583
0.6 2205.120560618421 197.4570212567443
0.7 2195.3684713911534 188.35554689600875
0.7999999999999999 2193.7439987723897 183.01249817715254
0.8999999999999999 2211.9963400155357 185.31809153362988
0.9999999999999999 2198.8261142669053 178.245817948174
1.0999999999999999 2194.0981514311056 171.95556615628792
1.1999999999999997 2193.6673904909057 167.5476327623501
1.2999999999999996 2175.7212955685877 162.1115561526894
1.3999999999999995 2180.058839061446 150.19044254283506
1.4999999999999993 2175.634046695705 147.22324871371023
1.5999999999999992 2169.087698390261 148.19029281912304
1.699999999999999 2178.9331949544544 146.7601382304782
1.799999999999999 2163.1548042567892 138.61567650810866
1.8999999999999988 2167.148512189371 133.97510296501787
1.9999999999999987 2155.272921489338 131.7835894967456
2.0999999999999988 2150.4698275497417 125.38822705634222
2.199999999999999 2145.887431364344 121.39525327486466
2.299999999999999 2143.1349110208967 117.45009256207732
2.399999999999999 2131.1559354956257 116.65454678156192
2.499999999999999 2135.255818176204 113.1275896552348
2.599999999999999 2126.1348415429397 112.74455043909441
2.6999999999999993 2124.0072832439664 111.22209098775281
2.7999999999999994 2112.268305422924 105.06208902374821
2.8999999999999995 2112.081672195135 101.2310887709878
2.9999999999999996 2117.3343398286215 101.69392190268422
3.0999999999999996 2110.1372241573795 99.3256487022526
3.1999999999999997 2107.7480843908497 98.62972582613261
3.3 2100.73044698454 97.07175590452717
3.4 2098.0713148676714 95.68071996819506
3.5 2096.152007595278 94.00555787049738
3.6 2094.4087235902457 94.16847610819
3.7 2091.908426056007 88.82807617850028
3.8000000000000003 2093.3973687801913 88.84699738906042
3.9000000000000004 2086.8128286452306 87.68056953387787
4.0 2088.047703441684 90.65747084947246
4.1 2087.8050030357012 88.3174295743381
4.199999999999999 2078.762753552342 82.91209537565037
4.299999999999999 2081.6981427784017 88.11283634282987
4.399999999999999 2079.7964121552445 86.01951540478126
4.499999999999998 2078.0665783878358 85.17062478271066
4.599999999999998 2074.960320034305 81.79920145299869
4.6999999999999975 2072.193451064642 83.52974343538806
4.799999999999997 2071.6448798345896 78.73788137107545
4.899999999999997 2073.4335200330897 78.95145166112052
4.9999999999999964 2070.248239320442 79.76719075909216
5.099999999999996 2072.4667055684367 79.44633099158243
5.199999999999996 2068.2217032283525 78.05841000718841
5.299999999999995 2068.906283350831 82.22731638177908
5.399999999999995 2065.0816328004435 77.47365034348772
5.499999999999995 2067.3651388737435 76.53893465464188
5.599999999999994 2062.0633619926944 79.2399635901727
5.699999999999994 2065.6468848305967 74.71553020259012
5.799999999999994 2062.56478651667 74.66527138571894
5.899999999999993 2059.8764700381475 75.00797266321847
5.999999999999993 2063.771498659235 74.19109540063359
6.0999999999999925 2063.876410614863 75.89216929513353
6.199999999999992 2062.4608797537844 77.42442747516309
6.299999999999992 2056.1189570926213 74.20275542248653
6.3999999999999915 2057.125770112569 73.0137225906825
6.499999999999991 2055.1664330231497 76.50752998116785
6.599999999999991 2057.9055912788704 75.80441093954569
6.69999999999999 2054.7078413976783 73.05648207172794
6.79999999999999 2060.420596490804 72.32287105004342
6.89999999999999 2056.2241103852925 74.85386086214686
6.999999999999989 2051.0798130993635 73.33854789473992
7.099999999999989 2054.7750410819813 72.7140594654618
7.199999999999989 2049.6050637065464 74.67711249382873
7.299999999999988 2052.0650764973775 73.14531355108971
7.399999999999988 2051.5723069638925 72.07657396413714
7.499999999999988 2050.4927078322594 70.74904826284471
7.599999999999987 2049.317891749028 73.28695430740085
7.699999999999987 2051.078956392595 71.09936451026648
7.7999999999999865 2048.3041361162527 72.51815293863919
7.899999999999986 2049.4433930480172 70.7188712913048
7.999999999999986 2046.1602146103276 71.58465344699371
