# Rounds: 10, repetitions: 1000
# Good arm ~ N(5.0,4.0), 1 bad arm(s) ~ N(1.3,4.0)
# Observation noise range from 0.5 to 4.0 with step size 0.1

# Observation noise | mean | standard deviation

0.5 43.63297701191089 16.786307649503172
0.6 43.776327870909185 17.747381219684733
0.7 43.890604437577245 17.076103136304848
0.7999999999999999 43.69950503374323 16.502491136182513
0.8999999999999999 42.30354542220642 16.943391043541443
0.9999999999999999 44.02251032762438 16.910763694854666
1.0999999999999999 42.52470247735264 16.843804746917705
1.1999999999999997 41.69699232234275 16.317810496499224
1.2999999999999996 43.15860568870934 17.075325993180527
1.3999999999999995 42.97397009082743 16.393763582142036
1.4999999999999993 42.95475457991389 16.63965727230589
1.5999999999999992 42.09980819943312 16.234282413585422
1.699999999999999 42.437754915227494 17.150113148446117
1.799999999999999 42.33127718705004 16.347332842858282
1.8999999999999988 42.27388816609438 16.528315880027296
1.9999999999999987 41.271689922553946 16.549492986580614
2.0999999999999988 41.56715137312662 16.64432761004244
2.199999999999999 41.40847452658298 16.327460369349943
2.299999999999999 40.15898771706238 17.028768247267895
2.399999999999999 40.61113218977871 16.257828833334298
2.499999999999999 40.79167256296982 16.576523451546066
2.599999999999999 39.610174476189364 15.577203258539056
2.6999999999999993 39.401459500424245 16.3889811414427
2.7999999999999994 39.60885460868097 16.27102805945284
2.8999999999999995 39.16415941333754 15.985844695060495
2.9999999999999996 37.75758912897871 16.335989594819523
3.0999999999999996 39.62082278591694 15.538384118064627
3.1999999999999997 38.974975359232644 15.93759435009083
3.3 38.56849498576191 15.709517346365438
3.4 37.38645960378844 15.941035225262631
3.5 38.44122703864693 15.682758433478648
3.6 36.81860581790566 16.2416498389834
3.7 36.686254705617706 16.63808096312421
3.8000000000000003 36.85540702286697 15.381096504957473
3.9000000000000004 37.30387088718763 15.78696568209561
4.0 35.63252692841919 15.830925981260195
