# Rounds: 10, repetitions: 1000
# Good arm ~ N(5.0,2.0), 1 bad arm(s) ~ N(4.4,2.0)
# Observation noise range from 0.5 to 4.0 with step size 0.1

# Observation noise | mean | standard deviation

0.5 51.320654578006476 7.01339225357444
0.6 51.52007213632144 6.847663554935491
0.7 51.4123609592957 7.190704289732268
0.7999999999999999 51.656476759663775 6.664682762028015
0.8999999999999999 51.437458529752355 6.936242769663121
0.9999999999999999 51.46029067209962 6.923734545020245
1.0999999999999999 51.37632781685505 6.688648091308124
1.1999999999999997 51.03372478797178 6.950608128720608
1.2999999999999996 51.20198178461784 6.929924758068164
1.3999999999999995 51.36906747775204 7.054962490380071
1.4999999999999993 51.18350230562148 6.513219923713366
1.5999999999999992 50.83191953819121 6.974553018698322
1.699999999999999 51.22616627663207 6.515552219701209
1.799999999999999 51.2920567228766 6.853948012567611
1.8999999999999988 51.00605696405975 6.703689796205529
1.9999999999999987 50.691819267308624 6.973678196664332
2.0999999999999988 50.76466358370742 6.91303060724789
2.199999999999999 50.766755886829884 6.615874119642406
2.299999999999999 50.6670357258032 6.660921643504137
2.399999999999999 50.745586025674896 6.580655136957809
2.499999999999999 50.995094532670414 6.869055176232737
2.599999999999999 50.46851335835968 6.656358037422731
2.6999999999999993 50.689229729045664 6.693364561590278
2.7999999999999994 50.36056774424021 6.541619209531666
2.8999999999999995 50.65277672981631 6.91813336126984
2.9999999999999996 51.00543087180728 6.738552163427439
3.0999999999999996 50.6397020667438 6.668261918760637
3.1999999999999997 50.804304676743634 6.706234086791363
3.3 50.38628143378637 6.758536301065624
3.4 50.655510032571904 6.735979975520442
3.5 50.48415572004334 6.855920079341255
3.6 50.2974421479429 6.568402085420342
3.7 50.54348757425881 6.642612464631652
3.8000000000000003 50.66097983525796 6.798660876927827
3.9000000000000004 50.60739966333265 6.7344435789290245
4.0 50.92749203878869 6.830320105952186
