# Rounds: 10, repetitions: 1000
# Good arm ~ N(5.0,0.0), 1 bad arm(s) ~ N(3.4,0.0)
# Observation noise range from 0.5 to 4.0 with step size 0.1

# Observation noise | mean | standard deviation

0.5 49.94720000000004 4.895685845711515
0.6 49.99519999999998 4.697638211353106
0.7 49.790399999999934 4.871924002227796
0.7999999999999999 49.70719999999994 4.786135733058063
0.8999999999999999 49.42400000000004 4.747062101826629
0.9999999999999999 49.35200000000009 4.7754057943279165
1.0999999999999999 48.796799999999934 5.01893010704665
1.1999999999999997 48.712 4.790407498742056
1.2999999999999996 48.51840000000006 4.687476279819873
1.3999999999999995 48.183999999999976 4.815829753657844
1.4999999999999993 47.966400000000036 4.7078737361058245
1.5999999999999992 47.46720000000001 4.701760384229584
1.699999999999999 47.6976 4.617943226116969
1.799999999999999 47.03679999999998 4.561150057808873
1.8999999999999988 47.15999999999994 4.57055904786385
1.9999999999999987 47.01920000000005 4.498180185917976
2.0999999999999988 46.71680000000003 4.511211454674766
2.199999999999999 46.39520000000007 4.451007574519344
2.299999999999999 46.017599999999966 4.315932983436777
2.399999999999999 45.99519999999997 4.281540441073587
2.499999999999999 45.796800000000026 4.334741023376101
2.599999999999999 45.73439999999997 4.180302808597903
2.6999999999999993 45.51840000000001 4.236688679968241
2.7999999999999994 45.31839999999995 4.063763725367851
2.8999999999999995 45.416000000000004 4.087499437510877
2.9999999999999996 44.99040000000001 4.070714747873962
3.0999999999999996 45.05920000000002 4.013392914066937
3.1999999999999997 44.8848 3.991202658179449
3.3 45.01120000000004 3.8137880826731227
3.4 44.75680000000003 3.960937109167829
3.5 44.57439999999997 3.794857781997321
3.6 44.76959999999993 3.773533542370524
3.7 44.343999999999944 3.875260203088527
3.8000000000000003 44.69760000000001 3.7385734139068747
3.9000000000000004 44.46879999999993 3.5193141564987056
4.0 44.25279999999995 3.5532404474898187
