# Rounds: 10, repetitions: 1000
# Good arm ~ N(5.0,3.0), 1 bad arm(s) ~ N(1.2,3.0)
# Observation noise range from 0.5 to 4.0 with step size 0.1

# Observation noise | mean | standard deviation

0.5 46.42692776208051 13.743979286522135
0.6 45.403175737036996 13.265290866430572
0.7 45.18320152599753 13.242347210108226
0.7999999999999999 45.24009470198138 13.500235397102719
0.8999999999999999 45.029908586958264 13.607809314887069
0.9999999999999999 44.51960442006383 13.627345591013064
1.0999999999999999 45.17294247310416 13.664887675129922
1.1999999999999997 45.28506668398083 14.044676732938003
1.2999999999999996 45.2568215108997 12.53733279816179
1.3999999999999995 44.43510045611896 13.52183147692673
1.4999999999999993 44.64750257707198 13.556018302034095
1.5999999999999992 44.21538417757714 13.503158139815797
1.699999999999999 43.61097336657848 13.259129178364118
1.799999999999999 43.1505277441799 12.997238620651046
1.8999999999999988 43.653319063040385 13.72542776816088
1.9999999999999987 42.85797095303927 12.704023833261827
2.0999999999999988 42.50280484460489 13.753828243114778
2.199999999999999 42.07146773624695 13.182854182855047
2.299999999999999 42.569354683217334 12.992643313711913
2.399999999999999 42.07791328854759 12.889640285350525
2.499999999999999 41.09858984618177 13.704808753880645
2.599999999999999 40.77484890093188 12.872081321085743
2.6999999999999993 41.129735790808745 13.424850136132903
2.7999999999999994 41.30471729790129 13.399520393628363
2.8999999999999995 40.32359458088809 13.425291571126417
2.9999999999999996 40.791228004469154 13.208386565024739
3.0999999999999996 39.55713082934062 13.604612495446112
3.1999999999999997 39.28874153460438 12.830690547571898
3.3 39.115053114816874 13.304459561641895
3.4 39.7482071686383 13.23800268720673
3.5 38.35481035152138 12.85919585711495
3.6 37.17475325159483 12.799031402914677
3.7 37.33277606461234 12.965729702438743
3.8000000000000003 37.05481426005535 13.115464243540615
3.9000000000000004 37.27374213074847 13.044600134649356
4.0 36.523493100824446 12.618991364846652
