# Rounds: 10, repetitions: 1000
# Good arm ~ N(5.0,0.0), 1 bad arm(s) ~ N(1.7,0.0)
# Observation noise range from 0.5 to 4.0 with step size 0.1

# Observation noise | mean | standard deviation

0.5 49.85529999999997 4.179581415741378
0.6 49.74309999999997 3.980305921059968
0.7 49.48899999999999 4.285919750544606
0.7999999999999999 49.58470000000005 4.105373308238852
0.8999999999999999 49.22829999999996 4.577283105798731
0.9999999999999999 49.300899999999956 4.305422842864079
1.0999999999999999 49.310800000000036 4.436790334066775
1.1999999999999997 48.94780000000002 4.665087158692559
1.2999999999999996 48.59139999999994 4.91562095460678
1.3999999999999995 48.380199999999924 4.574859265299564
1.4999999999999993 48.07000000000005 4.954677469707653
1.5999999999999992 47.84559999999999 4.927957528774497
1.699999999999999 47.274699999999974 4.99272442732492
1.799999999999999 46.984299999999934 5.1031172155179245
1.8999999999999988 46.82590000000004 4.9738595143478435
1.9999999999999987 46.16259999999997 5.403337607192184
2.0999999999999988 45.77980000000001 5.313057551028455
2.199999999999999 45.05709999999996 5.749833926313038
2.299999999999999 44.94489999999997 5.663839074608585
2.399999999999999 44.33769999999991 5.600790798411225
2.499999999999999 44.12319999999994 5.624820029152954
2.599999999999999 43.39719999999999 5.905937034226844
2.6999999999999993 42.34120000000001 6.137079623591825
2.7999999999999994 42.52270000000002 5.8608159733840575
2.8999999999999995 42.143200000000085 5.967851289116454
2.9999999999999996 41.80330000000006 6.177705330715685
3.0999999999999996 41.25879999999998 6.334615214037054
3.1999999999999997 40.91229999999995 6.438337588298787
3.3 40.42060000000001 6.301983071274503
3.4 40.25889999999999 6.119119578371911
3.5 39.14350000000005 6.453841477741755
3.6 39.374499999999976 6.188086308557909
3.7 38.4142 6.5046082348046514
3.8000000000000003 38.62870000000004 6.435661897120895
3.9000000000000004 38.47690000000001 6.564352756907357
4.0 37.99510000000007 6.64246854553172
