# Rounds: 10, repetitions: 1000
# Good arm ~ N(5.0,3.0), 1 bad arm(s) ~ N(3.2,3.0)
# Observation noise range from 0.5 to 4.0 with step size 0.1

# Observation noise | mean | standard deviation

0.5 46.76344047002192 11.58779879982443
0.6 47.50740315237224 11.840756527404116
0.7 46.333970378775504 11.556439895217427
0.7999999999999999 46.739749598168835 11.639133220774685
0.8999999999999999 46.64375254035907 11.389285415422583
0.9999999999999999 46.51666109821034 11.701526339999571
1.0999999999999999 46.60311072966398 11.759513250048682
1.1999999999999997 45.71788593425153 11.606325284900999
1.2999999999999996 46.464852620021766 11.893974925395153
1.3999999999999995 45.857351488946165 11.75613712190187
1.4999999999999993 46.645745262559664 11.710687762550176
1.5999999999999992 45.928666931537116 11.676752052469928
1.699999999999999 45.84323889330165 11.452389011528997
1.799999999999999 45.405765945635096 10.737883924769925
1.8999999999999988 46.46873483282976 11.31326776548328
1.9999999999999987 45.50471820217554 11.36625429585283
2.0999999999999988 45.33755999609 11.067804338747548
2.199999999999999 45.46575841990055 11.460851258672127
2.299999999999999 44.85740510024665 11.284503027028732
2.399999999999999 44.767279544453594 11.51589849444305
2.499999999999999 45.25654113815299 11.155550772629404
2.599999999999999 45.57487291594502 11.085056710549926
2.6999999999999993 45.01603890233282 11.073403626056258
2.7999999999999994 44.2565164584504 10.935493878972105
2.8999999999999995 44.238578169574666 10.18083832612171
2.9999999999999996 44.30225636306041 11.321582474949349
3.0999999999999996 44.44282571080091 10.804228847678887
3.1999999999999997 43.50047082340487 11.077890482425163
3.3 43.91293432384843 11.143923569214339
3.4 43.68713532130749 10.71524994462966
3.5 44.05338890161348 10.656218150037695
3.6 44.18736025555479 10.60994103960943
3.7 44.27354016686943 10.580365279832932
3.8000000000000003 44.45304143097715 11.181695637531483
3.9000000000000004 43.45674799488357 10.377443344829477
4.0 43.780990540104625 10.574531640123737
