# Rounds: 10, repetitions: 1000
# Good arm ~ N(5.0,2.0), 1 bad arm(s) ~ N(1.4,2.0)
# Observation noise range from 0.5 to 4.0 with step size 0.1

# Observation noise | mean | standard deviation

0.5 47.56011748447604 9.664398686375325
0.6 47.818822723250584 9.161928748989842
0.7 47.93568754423329 9.202755026306086
0.7999999999999999 47.77229574902962 8.92523584692143
0.8999999999999999 47.44929162336318 9.51827866856415
0.9999999999999999 47.594518142852884 9.266920310304794
1.0999999999999999 47.23677548138003 9.029687849757556
1.1999999999999997 46.96931325850538 9.544146006751431
1.2999999999999996 46.9136958862865 9.392665900885904
1.3999999999999995 47.09764929734539 9.085689463345037
1.4999999999999993 46.03489380346391 9.391014765609656
1.5999999999999992 45.9472532430852 9.131317491230988
1.699999999999999 45.418563950050526 9.582290865261326
1.799999999999999 45.30556813546782 9.559056244694947
1.8999999999999988 45.030075773485436 9.74204680926431
1.9999999999999987 44.8247280083715 9.759218289774475
2.0999999999999988 44.026234071768144 9.526962163939832
2.199999999999999 44.0374755775085 9.839343088476523
2.299999999999999 42.94385248653563 9.638073479571243
2.399999999999999 42.2393838783951 9.81649331677743
2.499999999999999 42.433450087305864 10.002528780544713
2.599999999999999 42.81007627164525 9.744200040225085
2.6999999999999993 42.04044956677547 9.439699024892345
2.7999999999999994 41.695693221588925 10.029324430989096
2.8999999999999995 41.26517642094985 10.397201010685537
2.9999999999999996 40.30859779373213 9.764207541198314
3.0999999999999996 40.449339296245476 9.671312923756698
3.1999999999999997 39.73180109781643 10.175694598329951
3.3 39.29687407123524 9.969976921769081
3.4 39.4070180510689 9.963116156516605
3.5 38.51929072901736 10.127585521644278
3.6 38.59377881797647 9.882487613978471
3.7 38.299024274487174 9.839719606864357
3.8000000000000003 37.687027013166556 9.763593455316286
3.9000000000000004 37.52975707101509 9.800923434537514
4.0 37.45096792033453 9.872528523620545
