# Rounds: 10, repetitions: 1000
# Good arm ~ N(5.0,4.0), 1 bad arm(s) ~ N(1.8,4.0)
# Observation noise range from 0.5 to 4.0 with step size 0.1

# Observation noise | mean | standard deviation

0.5 44.389168469773786 16.205949170652335
0.6 44.732652309460356 16.569173013124935
0.7 43.774943545609766 16.97635822244178
0.7999999999999999 44.55011216771589 16.194034207375164
0.8999999999999999 43.27832767904516 17.009414074703614
0.9999999999999999 44.128942949777944 16.58392417537969
1.0999999999999999 43.24220789274919 15.78336390138975
1.1999999999999997 43.01583747962409 17.125677725590098
1.2999999999999996 42.87281503118085 16.551707539194823
1.3999999999999995 43.32555832378427 15.656469487508254
1.4999999999999993 43.663598627718336 15.824766504161694
1.5999999999999992 43.22408355274718 16.737645849923293
1.699999999999999 43.49212629840321 15.809323656885542
1.799999999999999 43.121271003861416 15.83165115280963
1.8999999999999988 42.5970683921945 17.00478146971814
1.9999999999999987 41.467165950230104 16.372821941966752
2.0999999999999988 41.90816851811257 15.427142078327645
2.199999999999999 41.64654659514721 16.540923033750556
2.299999999999999 41.076327313591435 15.718416936086934
2.399999999999999 42.230407780359776 15.584996843834936
2.499999999999999 42.22757638431665 15.591509163651823
2.599999999999999 40.91900500567638 15.627929569882431
2.6999999999999993 39.90514665450489 16.126762059670238
2.7999999999999994 39.99666045483488 15.213785184336645
2.8999999999999995 40.14814897622301 15.236689754329536
2.9999999999999996 40.09784735350389 15.395027721485597
3.0999999999999996 40.23817616882675 15.465968145404844
3.1999999999999997 39.595967495183864 15.072080530639102
3.3 39.747104513959734 15.468163089138452
3.4 39.0695841561187 15.411572660451773
3.5 38.50639192125702 15.659369320313228
3.6 38.47436523012751 15.804455724192334
3.7 38.88633728289402 15.158426909856596
3.8000000000000003 38.31712789122431 14.718273029589605
3.9000000000000004 37.35093522717518 14.941670643323903
4.0 37.39157924770858 14.697342365822047
