# Rounds: 10, repetitions: 1000
# Good arm ~ N(5.0,5.0), 1 bad arm(s) ~ N(2.1,5.0)
# Observation noise range from 0.5 to 4.0 with step size 0.1

# Observation noise | mean | standard deviation

0.5 43.01728392544155 19.377963052102064
0.6 44.06614856825232 18.839013730894845
0.7 43.297645921086236 18.350276715230144
0.7999999999999999 42.437058205732185 19.923203895671246
0.8999999999999999 43.80325921360944 19.444228332086915
0.9999999999999999 42.87833276881572 18.85910208600011
1.0999999999999999 42.47749245063263 18.987591276750027
1.1999999999999997 43.48162508111214 18.530281574404782
1.2999999999999996 42.891698664408 19.03646222821217
1.3999999999999995 43.74823333110129 19.332048657748114
1.4999999999999993 42.94966029120326 18.451605545156156
1.5999999999999992 42.4919111755159 17.91186424499132
1.699999999999999 42.93100276930149 18.49286448933868
1.799999999999999 42.246164741945826 18.274532514174982
1.8999999999999988 41.43448506385078 18.925163970064904
1.9999999999999987 42.62335576389875 19.035317812151483
2.0999999999999988 41.92410519584118 18.297098835579977
2.199999999999999 42.13638695893138 18.657496929126143
2.299999999999999 41.465741860825915 18.232756034445554
2.399999999999999 41.30221173763222 18.712598841857
2.499999999999999 41.70174926705671 18.40420943797289
2.599999999999999 41.07792892060399 18.11221146083014
2.6999999999999993 40.55650025087056 18.445435513371994
2.7999999999999994 41.1757369235873 18.148953158693036
2.8999999999999995 40.49420375349426 18.11431178189742
2.9999999999999996 39.835533357314915 18.102473209167062
3.0999999999999996 40.00496576225783 17.59890468173929
3.1999999999999997 40.786207639085255 18.542874810671325
3.3 39.27586074672798 18.235118785741655
3.4 39.51498276653296 18.26557467245623
3.5 38.815360022576215 18.2436255716862
3.6 38.6793192206276 17.65358441622942
3.7 39.131772441698395 17.449884594608783
3.8000000000000003 38.6334599530533 17.875630727226042
3.9000000000000004 38.874950228796145 17.775920242208596
4.0 38.78948317962863 17.782699303735086
