# Rounds: 10, repetitions: 1000
# Good arm ~ N(5.0,4.0), 1 bad arm(s) ~ N(3.2,4.0)
# Observation noise range from 0.5 to 4.0 with step size 0.1

# Observation noise | mean | standard deviation

0.5 47.02653043007487 14.28067416167207
0.6 46.595468308189595 14.412513106836654
0.7 46.45859934121118 14.233916740115948
0.7999999999999999 46.81252290426568 14.270102814036683
0.8999999999999999 45.948811336551124 14.774053843838022
0.9999999999999999 46.73704835661685 14.366459490233206
1.0999999999999999 45.965639646095376 14.468136565645892
1.1999999999999997 46.01646492754621 14.511520100059995
1.2999999999999996 45.70273508897116 14.716151869980527
1.3999999999999995 46.1943568338828 14.370629065032292
1.4999999999999993 45.79709661264943 13.640728541110462
1.5999999999999992 46.427088223292664 14.262632070517403
1.699999999999999 45.05993200624528 14.20498901447189
1.799999999999999 46.101428980937875 14.332029869196568
1.8999999999999988 45.810152233502855 14.388113151028245
1.9999999999999987 45.04902723852333 14.751772603609943
2.0999999999999988 46.15778289978056 14.369333700976672
2.199999999999999 45.74258861482502 14.407384490020137
2.299999999999999 44.9922116453959 14.494845248623957
2.399999999999999 45.26962329142645 14.063711129853255
2.499999999999999 44.28876125850275 14.172192621677448
2.599999999999999 45.099540228253694 13.078494789517954
2.6999999999999993 44.111948760795066 14.776861712865824
2.7999999999999994 44.70436050790721 14.23628549808453
2.8999999999999995 44.29033667515672 13.716598319717434
2.9999999999999996 44.83689019127457 14.007277199554832
3.0999999999999996 44.60810220803894 13.983803729319852
3.1999999999999997 43.904910840990226 14.041373078101161
3.3 43.55698529697376 13.494667369945477
3.4 43.938381643016065 14.070831489877671
3.5 44.471554578057074 13.907727502804235
3.6 43.06890198076943 13.390554949232358
3.7 43.9987017988854 13.644227065117665
3.8000000000000003 43.56320607915008 13.634974361383106
3.9000000000000004 43.94759208347668 13.852318816653149
4.0 43.75143010278727 14.356912321135884
