# Rounds: 100, repetitions: 1000
# Good arm ~ N(5.0,3.0), 16 bad arm(s) ~ N(0.0,3.0)
# Observation noise range from 0.5 to 8.0 with step size 0.1

# Observation noise | mean | standard deviation

0.5 377.24905631268336 91.4168773443024
0.6 382.1730890515279 86.46097468781123
0.7 379.98332296057146 88.02823472602749
0.7999999999999999 379.148465158548 78.05192059173855
0.8999999999999999 373.62774054671087 85.35052515141093
0.9999999999999999 377.22960734201325 72.79865245357284
1.0999999999999999 376.5154634042681 73.80571437258334
1.1999999999999997 376.2752403174853 72.83059014031858
1.2999999999999996 373.4437889931643 67.9351439860642
1.3999999999999995 370.574742883981 67.19364805273509
1.4999999999999993 370.6890062474904 60.785180750903045
1.5999999999999992 365.21613696618186 62.98953203814492
1.699999999999999 362.81281522039245 62.819503517272
1.799999999999999 354.8789096813603 60.99241306935733
1.8999999999999988 352.8429964814076 63.70576001820665
1.9999999999999987 345.71986733855493 67.5147292389099
2.0999999999999988 343.2921194335403 63.084571272437756
2.199999999999999 336.9838420727856 60.87821858949766
2.299999999999999 332.2904721162334 67.4851660477029
2.399999999999999 324.15460693375377 65.209260298708
2.499999999999999 318.2223369530116 65.57597960298914
2.599999999999999 312.35902291539605 64.82887687669161
2.6999999999999993 306.1494126386708 68.56556494515198
2.7999999999999994 294.50393976174774 71.15098215454937
2.8999999999999995 292.8809768357677 68.35993880115306
2.9999999999999996 282.0636076049438 70.87524386955317
3.0999999999999996 276.7068272281744 69.83258685132859
3.1999999999999997 269.8732310529174 71.79943055404084
3.3 263.4814381463753 71.89212440863778
3.4 256.5485972827634 75.79648476950042
3.5 245.01958956026735 73.92772254271682
3.6 243.71754398896599 75.95353621798625
3.7 236.22968770089318 77.08082890778624
3.8000000000000003 223.57795762356267 74.8961060933965
3.9000000000000004 222.09214027549567 76.09697062733841
4.0 206.99038312860245 72.96635721114549
4.1 204.66038858590073 75.48029921150176
4.199999999999999 193.32393161286237 73.87011376728523
4.299999999999999 192.32953890492198 73.47023097472004
4.399999999999999 183.9024608415146 72.93842316025138
4.499999999999998 178.42817332934348 72.03914714043928
4.599999999999998 171.81116595963155 69.80936438752684
4.6999999999999975 167.77262001114025 71.54164709586777
4.799999999999997 163.0783329230955 71.67981006214023
4.899999999999997 153.09967203329734 68.32594971939128
4.9999999999999964 152.19832311393372 67.89897156230788
5.099999999999996 144.6571993396896 68.076455873635
5.199999999999996 142.33984902937513 65.31257458441895
5.299999999999995 132.61802102998533 61.90626633326549
5.399999999999995 134.6830043261836 63.97197875197122
5.499999999999995 125.48158282161603 61.730632336827746
5.599999999999994 121.48365691482789 59.88000863024321
5.699999999999994 120.88116821465113 60.31008166574544
5.799999999999994 115.08136263946618 58.42555675776795
5.899999999999993 113.12898602035453 58.723207211604134
5.999999999999993 108.53563277176514 58.35251587403311
6.0999999999999925 103.89530694623545 56.37670834969589
6.199999999999992 100.6508558900524 54.595082871169765
6.299999999999992 100.38727504353503 53.41277803509428
6.3999999999999915 96.9699896710668 55.7162419781455
6.499999999999991 91.8112630576975 51.23399984950318
6.599999999999991 90.03186760351322 52.92091048120503
6.69999999999999 88.60151979944602 50.88248910127984
6.79999999999999 84.28168705709314 48.47598348360803
6.89999999999999 81.41259693992139 49.43741320971207
6.999999999999989 79.01226527821552 48.42693203483709
7.099999999999989 75.60028507898153 46.26843649415288
7.199999999999989 78.31514159551668 45.39834589438368
7.299999999999988 72.73935678602882 43.79866426267876
7.399999999999988 72.98638881702782 44.99324961853351
7.499999999999988 68.96551454310061 44.327514282988865
7.599999999999987 70.43424676430271 42.941495542320716
7.699999999999987 68.8222456693268 43.589579579028
7.7999999999999865 67.72517941918788 43.34417586324129
7.899999999999986 63.7447823572439 41.62309439348371
7.999999999999986 67.33280330878294 41.70006818492237
