# Rounds: 100, repetitions: 1000
# Good arm ~ N(5.0,0.0), 16 bad arm(s) ~ N(4.9,0.0)
# Observation noise range from 0.5 to 8.0 with step size 0.1

# Observation noise | mean | standard deviation

0.5 495.731299999999 0.22472385456558835
0.6 495.675399999999 0.2362004035361392
0.7 495.64499999999884 0.24044295126457027
0.7999999999999999 495.61429999999945 0.24683281069671567
0.8999999999999999 495.6009999999991 0.2522352525374429
0.9999999999999999 495.5895999999996 0.273141806478709
1.0999999999999999 495.5775999999994 0.27304357306627597
1.1999999999999997 495.581999999999 0.2840364002670814
1.2999999999999996 495.5466999999996 0.2869345595104376
1.3999999999999995 495.551299999999 0.2867412257254587
1.4999999999999993 495.5462999999988 0.304136168202363
1.5999999999999992 495.53419999999954 0.3056857926103393
1.699999999999999 495.55369999999886 0.30955150158275646
1.799999999999999 495.5365999999994 0.3031374809098033
1.8999999999999988 495.5332999999991 0.3092195445419572
1.9999999999999987 495.5303999999991 0.3206847029072165
2.0999999999999988 495.5380999999993 0.32855187769414357
2.199999999999999 495.5153999999989 0.3265110250044581
2.299999999999999 495.5177999999985 0.3316823377468047
2.399999999999999 495.51009999999974 0.32999528312825743
2.499999999999999 495.49839999999904 0.32552020429370726
2.599999999999999 495.517199999999 0.35373618600491386
2.6999999999999993 495.502099999999 0.33424139077517345
2.7999999999999994 495.493199999999 0.3391884561844974
2.8999999999999995 495.48269999999934 0.3379717960643261
2.9999999999999996 495.48399999999947 0.32712537506440026
3.0999999999999996 495.4993999999994 0.3373624956237238
3.1999999999999997 495.47319999999905 0.33270475267490074
3.3 495.50539999999916 0.33472807304272445
3.4 495.4740999999992 0.3357259327217923
3.5 495.4940999999994 0.33088468485968137
3.6 495.46629999999925 0.32536159910196055
3.7 495.4814999999992 0.3299342458833605
3.8000000000000003 495.47409999999905 0.342719486820728
3.9000000000000004 495.4874999999988 0.3314870037175641
4.0 495.4825999999991 0.3227404551670247
4.1 495.47309999999874 0.3278015311798599
4.199999999999999 495.46959999999933 0.3275715847614978
4.299999999999999 495.4601999999994 0.3267762885258949
4.399999999999999 495.4736999999988 0.3207821865553431
4.499999999999998 495.4841999999991 0.3221399294315276
4.599999999999998 495.46769999999947 0.3235914421325698
4.6999999999999975 495.484699999999 0.3207784419327818
4.799999999999997 495.46659999999895 0.3199168435496964
4.899999999999997 495.44639999999964 0.32328246403349326
4.9999999999999964 495.4672999999993 0.3187511761740286
5.099999999999996 495.46969999999936 0.31418246389739063
5.199999999999996 495.47039999999913 0.3190072187359129
5.299999999999995 495.443099999999 0.2954990858018376
5.399999999999995 495.45219999999887 0.30739168767171454
5.499999999999995 495.463199999999 0.3000596537287357
5.599999999999994 495.463199999999 0.2997258674115551
5.699999999999994 495.4646999999991 0.303638117017806
5.799999999999994 495.47589999999934 0.305618377380364
5.899999999999993 495.4605999999995 0.3010619176818834
5.999999999999993 495.4542999999988 0.29868163773612527
6.0999999999999925 495.4616999999988 0.30075498925799626
6.199999999999992 495.4611999999997 0.30000760751117317
6.299999999999992 495.4559999999988 0.30052340061021565
6.3999999999999915 495.459799999999 0.2923173094591267
6.499999999999991 495.4508999999999 0.2877881373719652
6.599999999999991 495.4715999999991 0.29590708170136065
6.69999999999999 495.45979999999935 0.2895302882045361
6.79999999999999 495.47419999999914 0.28816210263913916
6.89999999999999 495.452299999999 0.2858258322937578
6.999999999999989 495.4561999999992 0.2813907261100725
7.099999999999989 495.4727999999995 0.2833733587697887
7.199999999999989 495.4468999999996 0.2870763013604822
7.299999999999988 495.4649999999987 0.2915475947422883
7.399999999999988 495.4609999999992 0.2815639861173505
7.499999999999988 495.4545999999989 0.28569294786618926
7.599999999999987 495.4635999999989 0.27700500315298304
7.699999999999987 495.45989999999887 0.2779914913613031
7.7999999999999865 495.4563999999991 0.27827410313661877
7.899999999999986 495.4583999999981 0.2781848788608732
7.999999999999986 495.4605999999992 0.27317075660157286
