# Rounds: 100, repetitions: 1000
# Good arm ~ N(5.0,1.0), 16 bad arm(s) ~ N(4.5,1.0)
# Observation noise range from 0.5 to 8.0 with step size 0.1

# Observation noise | mean | standard deviation

0.5 465.1543250521135 13.685766600020369
0.6 464.54602871808885 13.034485710893373
0.7 463.8109460376999 12.74986926052908
0.7999999999999999 462.6938207019547 12.02032466059138
0.8999999999999999 462.5488490953649 12.429113685398075
0.9999999999999999 461.2869276143127 11.327922500055708
1.0999999999999999 461.23095936100907 11.651831002952337
1.1999999999999997 461.0583416046064 11.2040327090399
1.2999999999999996 460.679013227607 10.961666025426377
1.3999999999999995 460.3341403956663 11.034323745223574
1.4999999999999993 459.373074416811 10.45829595421729
1.5999999999999992 460.1083883362757 10.942380550272363
1.699999999999999 459.94187395396176 11.140187517572725
1.799999999999999 459.52748311050334 10.387957938726569
1.8999999999999988 459.9691256790306 10.359441438914605
1.9999999999999987 459.5209107773448 10.660416721272817
2.0999999999999988 459.4045829858994 10.79701759501371
2.199999999999999 459.0281576935067 10.722196571231702
2.299999999999999 458.72354411606807 10.355738355893182
2.399999999999999 459.06028052878185 10.718857286187417
2.499999999999999 459.1600389019135 10.362022136922784
2.599999999999999 458.6520884403769 10.17421688185053
2.6999999999999993 458.57186284986676 10.603701432749677
2.7999999999999994 459.0656197237722 10.269458661949542
2.8999999999999995 457.8160224345118 10.35530275663723
2.9999999999999996 458.3511263019172 10.33239447901263
3.0999999999999996 458.4765753438062 10.457402478894348
3.1999999999999997 458.6919726190538 10.140811600295152
3.3 458.2281699886494 10.78795408926032
3.4 457.8553014843103 10.235443531350986
3.5 458.1508601925575 10.189202792624778
3.6 458.2731740050577 10.813667774435014
3.7 458.4012779999773 10.085529532388163
3.8000000000000003 458.35037562338977 10.526560570407598
3.9000000000000004 457.94009109118696 10.169328809355672
4.0 458.13240551198857 10.263891322947472
4.1 458.53507889540543 10.58653010366266
4.199999999999999 457.26942456481606 9.81954137186908
4.299999999999999 457.93434880416055 10.096057358655202
4.399999999999999 458.3095944677165 9.869689181152104
4.499999999999998 457.5184529951026 10.122198353990628
4.599999999999998 457.99047379188124 10.382342924220296
4.6999999999999975 458.26506283714593 10.436417534330982
4.799999999999997 457.6900144305044 10.17466507642133
4.899999999999997 457.2353969298837 10.637830692898518
4.9999999999999964 458.0208755565794 10.063503033979163
5.099999999999996 456.9341686076539 10.085469691153488
5.199999999999996 457.9604819631679 10.280443477858775
5.299999999999995 457.93827011906143 10.322770970680269
5.399999999999995 457.45843458101433 9.978021881145626
5.499999999999995 458.13630088831917 10.312606609311967
5.599999999999994 457.56947856297535 10.212659942983388
5.699999999999994 458.2086070200451 9.920306401298015
5.799999999999994 457.4287011315679 10.34669661724789
5.899999999999993 458.3649651921018 10.356867287989644
5.999999999999993 457.7073750766706 10.327519960599037
6.0999999999999925 457.5520211774394 10.05394211934712
6.199999999999992 457.61600612080906 10.26777357978849
6.299999999999992 457.52084950938 10.474631611422828
6.3999999999999915 457.55757393808625 9.755214697822936
6.499999999999991 457.29685987179704 10.116042628768751
6.599999999999991 457.7313463696145 10.42239574232128
6.69999999999999 457.2202693347694 10.159023835010379
6.79999999999999 458.0374013769898 9.732937539427235
6.89999999999999 457.4137540383963 10.250123867674315
6.999999999999989 457.1778449095914 10.030134480870288
7.099999999999989 457.74103816521387 9.662436695153065
7.199999999999989 457.3120407333511 10.122493522783053
7.299999999999988 457.5402579299016 10.394381317606104
7.399999999999988 457.63920439605687 10.324634674173847
7.499999999999988 457.44702405841394 9.750764499968497
7.599999999999987 457.06016456955393 10.052538967927841
7.699999999999987 457.30640631368874 10.372897364299037
7.7999999999999865 457.4068362331804 9.972738694898949
7.899999999999986 457.87565068003994 9.963571368985003
7.999999999999986 457.9345443650887 10.249708911103143
