# Rounds: 10000, repetitions: 1000
# Good arm ~ N(5.0,2.0), 6 bad arm(s) ~ N(3.0,2.0)
# Observation noise range from 0.1 to 10.0 with step size 0.1

# Observation noise | mean | standard deviation

0.1 46751.56103523377 7306.566070468242
0.2 48290.98938358192 5462.409517606553
0.30000000000000004 48118.853747075496 5652.650339515913
0.4000000000000001 48893.13397248662 4343.666138323844
0.5000000000000001 48801.484523331106 4478.767451521591
0.6000000000000001 49260.429133244 3503.4683626038845
0.7000000000000001 49657.30164064439 2276.1322402117794
0.8 49657.80542916411 2212.921989444905
0.9 49836.017111420326 1159.8243774919943
1.0 49860.03120276595 1109.8337576151341
1.1 49866.07651724425 1012.2734487846011
1.2000000000000002 49876.31842899237 937.6567648837793
1.3000000000000003 49892.70567424308 658.317301505852
1.4000000000000004 49918.4430228449 213.1397546410039
1.5000000000000004 49908.14157643385 210.15325042918317
1.6000000000000005 49912.14957223306 213.81107670713547
1.7000000000000006 49888.230618869835 219.34815875082626
1.8000000000000007 49885.833524543785 202.12473126821735
1.9000000000000008 49879.642060215985 203.02561857921063
2.000000000000001 49866.942984962545 204.40101268629664
2.100000000000001 49861.77277093101 199.42273235348364
2.200000000000001 49847.1896337823 205.10320013115663
2.300000000000001 49830.27988746913 206.5647412169384
2.4000000000000012 49816.34392793721 208.96030910297685
2.5000000000000013 49796.262000234485 204.46351180165854
2.6000000000000014 49805.29533176226 205.74224032584286
2.7000000000000015 49779.55162246139 200.22312586049054
2.8000000000000016 49774.71932279542 207.71200554361454
2.9000000000000017 49751.113117075234 202.83068081837104
3.0000000000000018 49735.513778266526 207.28101933990342
3.100000000000002 49738.69635457856 209.0706821547777
3.200000000000002 49715.38639091147 208.9676991660937
3.300000000000002 49710.933622024175 203.44301238009956
3.400000000000002 49678.10627912571 195.0240308008249
3.500000000000002 49669.88538086152 208.64305237170748
3.6000000000000023 49655.780718260605 201.33599088668458
3.7000000000000024 49639.92540561367 205.25020268433383
3.8000000000000025 49628.03673596706 210.59584184101192
3.9000000000000026 49613.23083352507 203.70086782029202
4.000000000000003 49589.674118266965 200.66676850284063
4.100000000000003 49584.54128789675 213.69437145895427
4.200000000000004 49552.61503437389 201.7897684216837
4.300000000000004 49537.70569492817 205.31833633088212
4.400000000000005 49515.19112671724 205.9982547394001
4.500000000000005 49517.34019223223 204.72722804559982
4.600000000000006 49481.87923837952 220.5896756567582
4.700000000000006 49469.705333841084 206.05130760178213
4.800000000000007 49466.4512308439 214.64060963857776
4.9000000000000075 49434.75572432997 204.2645988688375
5.000000000000008 49416.506294966515 208.53878033905778
5.1000000000000085 49401.40253353563 214.48019937717967
5.200000000000009 49396.11834608008 210.7503858915242
5.30000000000001 49361.31827584978 217.4497608509042
5.40000000000001 49347.19470705724 208.1904169335848
5.500000000000011 49325.41144967405 211.6732368588431
5.600000000000011 49301.99527005609 216.72052121945626
5.700000000000012 49273.025421517465 214.67668750553742
5.800000000000012 49271.70507020433 220.55112903043286
5.900000000000013 49253.81270190405 214.44057254225518
6.000000000000013 49223.50261714973 214.96201074913577
6.100000000000014 49208.732582824996 215.92584822597462
6.200000000000014 49179.76991647628 213.81833027836925
6.300000000000015 49161.547409122024 212.87671213289553
6.4000000000000155 49144.57311561125 210.3848586872246
6.500000000000016 49131.46160823399 212.83416237739453
6.6000000000000165 49095.488558433455 210.96172825457015
6.700000000000017 49086.382474850536 219.88275897150442
6.800000000000018 49066.6227949242 217.4716605373824
6.900000000000018 49048.98908501793 221.61740840518
7.000000000000019 49025.65193360242 218.88455623442997
7.100000000000019 49004.24546800884 224.97285632324116
7.20000000000002 48985.6910130939 225.02144229928498
7.30000000000002 48958.04618843596 221.96123906157487
7.400000000000021 48931.92144619459 222.55074966722395
7.500000000000021 48908.32802238676 217.4746683934402
7.600000000000022 48895.327754188016 213.98683059078695
7.700000000000022 48871.05902242164 230.30555782934732
7.800000000000023 48857.75635117158 222.0432319062111
7.9000000000000234 48812.09970420464 224.71073910850558
8.000000000000025 48817.465390401514 231.9646688948198
8.100000000000026 48773.76485121681 221.28743639404883
8.200000000000028 48772.97192313897 223.5409218094389
8.30000000000003 48740.43137838945 226.34497472417505
8.40000000000003 48709.58369973346 226.61792368537914
8.500000000000032 48694.37655474947 230.05375824086954
8.600000000000033 48674.57340511152 228.344306623387
8.700000000000035 48638.02743528009 219.2028637871462
8.800000000000036 48612.422875586206 227.89593332486382
8.900000000000038 48596.13486524541 231.27378173241092
9.000000000000039 48575.983056344965 230.1903772824084
9.10000000000004 48542.19740522685 223.0537477024784
9.200000000000042 48529.238693639476 235.80246240814856
9.300000000000043 48509.92131330053 221.821511126223
9.400000000000045 48480.389351292375 226.38838918176512
9.500000000000046 48457.861897693496 230.2445456038058
9.600000000000048 48435.10304725209 237.3710614741593
9.700000000000049 48414.45359278875 231.50641414363324
9.80000000000005 48404.62764819448 240.31157657583438
9.900000000000052 48371.05397923508 237.63598381321938
10.000000000000053 48349.86268194848 227.53622648543544
