# Rounds: 1000, repetitions: 1000
# Good arm ~ N(5.0,2.0), 10 bad arm(s) ~ N(0.5,2.0)
# Observation noise range from 0.5 to 8.0 with step size 0.1

# Observation noise | mean | standard deviation

0.5 4931.380721710632 258.68272837496113
0.6 4944.076281159786 92.7299787401923
0.7 4946.633993403434 67.61009990022829
0.7999999999999999 4944.417527622962 69.75729719140803
0.8999999999999999 4945.362707701335 65.30939464270138
0.9999999999999999 4943.356499275214 68.28994541911469
1.0999999999999999 4938.197687409507 65.26119876453801
1.1999999999999997 4937.440995637226 66.5662297046217
1.2999999999999996 4933.315248856323 66.03449254341642
1.3999999999999995 4930.500179127866 66.147642474479
1.4999999999999993 4921.216740354109 67.45386437575604
1.5999999999999992 4918.694761432604 67.09144154386337
1.699999999999999 4909.052585258763 65.02751213081844
1.799999999999999 4908.10006834347 66.11123533823664
1.8999999999999988 4899.366539880183 67.53413226056601
1.9999999999999987 4897.017857784561 67.42184855295204
2.0999999999999988 4887.828112556624 68.02897328898536
2.199999999999999 4880.4874668600705 66.68972089763406
2.299999999999999 4871.174381307834 67.20981430832796
2.399999999999999 4866.596041295967 67.60157025372278
2.499999999999999 4857.121302341794 67.88245323505319
2.599999999999999 4847.031674725919 69.75654550261645
2.6999999999999993 4836.450733362392 68.75844351459484
2.7999999999999994 4832.791299316602 71.07541890879615
2.8999999999999995 4824.0764316863915 71.06443781136254
2.9999999999999996 4812.18115864101 72.66248210642341
3.0999999999999996 4804.937919006283 68.75556260887984
3.1999999999999997 4791.729533122251 71.2021282249072
3.3 4787.884145509525 69.39839085415441
3.4 4774.900896187187 72.6460354486126
3.5 4765.167629301663 70.86662766685507
3.6 4758.16762080938 73.27431428128119
3.7 4741.037206822284 72.98044092062015
3.8000000000000003 4736.435775556214 72.74672077008341
3.9000000000000004 4721.842848867909 74.12452749554711
4.0 4713.574377409747 72.98522190346556
4.1 4701.106506816794 73.77030458962936
4.199999999999999 4688.703764613092 72.13689744840697
4.299999999999999 4675.806489209142 74.2687045573896
4.399999999999999 4665.647308310035 75.33297509898442
4.499999999999998 4654.756043958375 74.6207354389543
4.599999999999998 4641.5456806340135 74.87838056485907
4.6999999999999975 4627.944491350566 79.61398382920483
4.799999999999997 4619.564121575249 80.98300372200711
4.899999999999997 4605.455427718883 79.3281357049596
4.9999999999999964 4596.53773074558 75.27883863744024
5.099999999999996 4585.408213929324 79.9404581674126
5.199999999999996 4570.939623217724 77.1250431672487
5.299999999999995 4556.550683829099 82.16789076240137
5.399999999999995 4540.593853693159 82.02152349866624
5.499999999999995 4532.765937571957 80.62849766667284
5.599999999999994 4517.575767089289 82.16881358493946
5.699999999999994 4504.775552862061 83.52455121344798
5.799999999999994 4493.043152932647 83.16235769373523
5.899999999999993 4476.544064311855 84.48905999393745
5.999999999999993 4461.465591172076 82.00268734260433
6.0999999999999925 4445.819178251269 84.72812861168175
6.199999999999992 4435.433858844095 84.50616654594593
6.299999999999992 4422.811448799264 84.92916459429505
6.3999999999999915 4407.203536725699 85.99378258922175
6.499999999999991 4396.942483072159 90.10647858947448
6.599999999999991 4376.321757679733 87.42803111041904
6.69999999999999 4365.821916333066 87.53681702433234
6.79999999999999 4347.565839020048 89.49873421763382
6.89999999999999 4327.858715559516 88.35225948180288
6.999999999999989 4315.4330279154865 90.79349431694487
7.099999999999989 4303.467589734326 92.83111182226159
7.199999999999989 4283.601472745398 92.76012598036813
7.299999999999988 4276.326679499608 97.20597890879094
7.399999999999988 4258.232704498775 96.5741785421116
7.499999999999988 4240.92970883045 92.88989393080759
7.599999999999987 4227.620156019782 94.8073055202191
7.699999999999987 4213.4054726066615 97.16921252269363
7.7999999999999865 4186.719388882135 99.56303741108285
7.899999999999986 4177.353487774229 97.02356225642612
7.999999999999986 4157.230047657868 97.64568068598578
