# Rounds: 1000, repetitions: 1000
# Good arm ~ N(5.0,0.0), 10 bad arm(s) ~ N(4.9,0.0)
# Observation noise range from 0.5 to 8.0 with step size 0.1

# Observation noise | mean | standard deviation

0.5 4939.966200000007 1.0783879081672472
0.6 4933.432599999996 1.0120382707498097
0.7 4929.109199999994 0.997100581471383
0.7999999999999999 4926.239599999996 0.9279725065829267
0.8999999999999999 4924.189400000006 0.8747530124746055
0.9999999999999999 4922.72479999999 0.8362561116576998
1.0999999999999999 4921.537599999993 0.8395064091545938
1.1999999999999997 4920.689499999997 0.809923283852394
1.2999999999999996 4920.003099999991 0.8125888817178087
1.3999999999999995 4919.397499999988 0.7771922399113513
1.4999999999999993 4918.9646999999995 0.7851244043657616
1.5999999999999992 4918.550199999996 0.7872354791929612
1.699999999999999 4918.186799999996 0.7859666045730344
1.799999999999999 4917.873199999998 0.7914342222372881
1.8999999999999988 4917.64699999999 0.7605323197667744
1.9999999999999987 4917.425700000005 0.7622667253402879
2.0999999999999988 4917.249799999998 0.7443614941910376
2.199999999999999 4917.054299999999 0.7801860035918072
2.299999999999999 4916.850999999995 0.7482906781052727
2.399999999999999 4916.718200000001 0.7827269136944416
2.499999999999999 4916.581899999996 0.7685265272085138
2.599999999999999 4916.480599999996 0.7614088148843547
2.6999999999999993 4916.348699999999 0.7691878573925474
2.7999999999999994 4916.227499999993 0.8054082396105657
2.8999999999999995 4916.139699999999 0.8140986836170092
2.9999999999999996 4916.0722 0.7833395054385831
3.0999999999999996 4915.976199999991 0.7960573266212955
3.1999999999999997 4915.855899999994 0.7917525257693679
3.3 4915.827499999987 0.7829219097182886
3.4 4915.733799999995 0.8378421925038172
3.5 4915.619799999994 0.8178733868252596
3.6 4915.649899999988 0.8510724495097479
3.7 4915.530599999993 0.8620596190442714
3.8000000000000003 4915.469599999988 0.8762212070040374
3.9000000000000004 4915.396599999989 0.8662325315981038
4.0 4915.388299999994 0.9036202961641038
4.1 4915.333200000005 0.8957902657431157
4.199999999999999 4915.235399999996 0.8924591437837347
4.299999999999999 4915.244699999989 0.9328355118091118
4.399999999999999 4915.150999999993 0.9013386774189922
4.499999999999998 4915.165499999991 0.9311212255859829
4.599999999999998 4915.103699999996 0.9345532085972569
4.6999999999999975 4915.069899999997 0.9478725929429591
4.799999999999997 4915.027299999994 0.9715392933887905
4.899999999999997 4915.018699999992 1.005789203522172
4.9999999999999964 4914.925499999994 0.9878439075002913
5.099999999999996 4914.910599999989 1.0449591281861113
5.199999999999996 4914.8862999999965 1.056862937787564
5.299999999999995 4914.805600000007 1.0093500024406785
5.399999999999995 4914.794299999997 1.0406827232784708
5.499999999999995 4914.757899999997 1.0657078977482743
5.599999999999994 4914.711899999989 1.0621282909829135
5.699999999999994 4914.750899999995 1.1012410825617263
5.799999999999994 4914.545999999994 1.133308602450418
5.899999999999993 4914.657699999991 1.0928472102836084
5.999999999999993 4914.629599999993 1.1469434682315292
6.0999999999999925 4914.516400000004 1.1604903178301431
6.199999999999992 4914.527499999995 1.1167277335278973
6.299999999999992 4914.468899999987 1.1807696672113843
6.3999999999999915 4914.500899999995 1.1366799159090653
6.499999999999991 4914.43439999999 1.1376250835975596
6.599999999999991 4914.424799999996 1.142422903346138
6.69999999999999 4914.400600000002 1.2055675149209315
6.79999999999999 4914.345999999996 1.195069952844529
6.89999999999999 4914.311699999991 1.2215585599204044
6.999999999999989 4914.244199999991 1.1640452574367652
7.099999999999989 4914.325699999997 1.1561514590207402
7.199999999999989 4914.288799999994 1.2267434366887866
7.299999999999988 4914.207399999987 1.2241093430259196
7.399999999999988 4914.158099999992 1.2507912970869888
7.499999999999988 4914.170099999987 1.2293442468554547
7.599999999999987 4914.1909999999925 1.27889584195666
7.699999999999987 4914.141099999993 1.2337110005314644
7.7999999999999865 4914.117999999998 1.2266379419535092
7.899999999999986 4914.062599999997 1.2600035114429209
7.999999999999986 4914.114299999991 1.258343728453586
