# Rounds: 1000, repetitions: 1000
# Good arm ~ N(5.0,2.0), 10 bad arm(s) ~ N(3.0,2.0)
# Observation noise range from 0.5 to 8.0 with step size 0.1

# Observation noise | mean | standard deviation

0.5 4810.511439994234 463.1112558432028
0.6 4857.433426698726 370.94792645267813
0.7 4852.108064567787 366.2478085286524
0.7999999999999999 4877.5562511389335 285.11157777980696
0.8999999999999999 4866.70210422311 306.5909030997008
0.9999999999999999 4906.134325182158 174.3317475401184
1.0999999999999999 4888.897978035134 206.17398691805312
1.1999999999999997 4883.17307917524 210.95880574060874
1.2999999999999996 4890.958602513309 146.55471983785282
1.3999999999999995 4894.711259814315 106.37940945805339
1.4999999999999993 4887.88077898307 102.42796316256577
1.5999999999999992 4883.2318872864325 101.7337880617943
1.699999999999999 4868.580555660653 94.44293358138533
1.799999999999999 4864.828249827282 75.38974136342144
1.8999999999999988 4858.21424444442 85.96939650786109
1.9999999999999987 4846.289454981908 74.68072404840547
2.0999999999999988 4837.80971018195 78.57343529795348
2.199999999999999 4825.440974545052 84.80752269012271
2.299999999999999 4815.63526890596 78.39918124009641
2.399999999999999 4801.938211154423 77.37120081274301
2.499999999999999 4789.671275003336 79.71432672667005
2.599999999999999 4786.671339684992 78.26874600131035
2.6999999999999993 4769.332442090354 79.77818106364178
2.7999999999999994 4760.969385819995 79.46302097760083
2.8999999999999995 4749.153762818255 82.15737134997724
2.9999999999999996 4730.438120802865 80.81136134095745
3.0999999999999996 4726.032822702495 84.15117079338243
3.1999999999999997 4707.387656195405 85.69364551770087
3.3 4697.107836705944 85.45725908586394
3.4 4685.662254500849 85.17100297235939
3.5 4670.528269887223 84.51721179458971
3.6 4662.475860968004 83.7843200996463
3.7 4649.772706107291 85.12417254159288
3.8000000000000003 4639.094234469414 89.49130711711003
3.9000000000000004 4627.2091671104945 87.22729510855693
4.0 4608.74033176426 90.68077575722307
4.1 4590.629230583307 92.49693908852211
4.199999999999999 4580.887584175201 94.41628531506086
4.299999999999999 4574.243210751721 94.03914322317603
4.399999999999999 4560.985237026027 93.08561661247941
4.499999999999998 4543.141004658833 97.38638255115869
4.599999999999998 4533.2859270940235 93.27218872030164
4.6999999999999975 4514.381182922498 100.54862719802505
4.799999999999997 4505.642507053614 96.67763220309084
4.899999999999997 4492.651978878084 102.19724778687389
4.9999999999999964 4475.588704104813 101.9862928193924
5.099999999999996 4463.354813950104 100.95158162728276
5.199999999999996 4450.397680052815 98.69576701872728
5.299999999999995 4436.130043480573 106.48466877143548
5.399999999999995 4419.008253358043 100.1077958821152
5.499999999999995 4414.333581193758 104.74630946912977
5.599999999999994 4403.411504744636 102.4941123511684
5.699999999999994 4389.839330111862 107.64699060266774
5.799999999999994 4378.30691610005 104.59548334903008
5.899999999999993 4364.024193397276 110.49745844405888
5.999999999999993 4342.675749060725 107.28883347340312
6.0999999999999925 4330.709120982016 107.33282810795984
6.199999999999992 4327.085786982678 114.61930627407398
6.299999999999992 4308.073503951566 111.35589527346653
6.3999999999999915 4297.181513784459 111.72812565147456
6.499999999999991 4280.974924851753 116.28743033973105
6.599999999999991 4271.575730092425 112.05658369224521
6.69999999999999 4257.200750488137 121.43211380841251
6.79999999999999 4246.659048834373 112.85605071994976
6.89999999999999 4238.433642588905 117.85890150759549
6.999999999999989 4213.77716117794 116.13690376772053
7.099999999999989 4205.228551629328 115.28916886274277
7.199999999999989 4200.856991205274 116.23433887541039
7.299999999999988 4169.4918527695145 118.25160491553882
7.399999999999988 4165.923551701503 114.903466670075
7.499999999999988 4153.166796674146 113.1757385838681
7.599999999999987 4148.830718235023 119.46546613620622
7.699999999999987 4133.437340040458 117.39500852745009
7.7999999999999865 4119.701721282394 119.00914103700947
7.899999999999986 4105.822997594252 123.43443537709774
7.999999999999986 4094.0427394844164 121.70099142365085
