# Rounds: 5000, repetitions: 1000
# Good arm ~ N(5.0,4.0), 10 bad arm(s) ~ N(4.5,4.0)
# Observation noise range from 0.5 to 8.0 with step size 0.1

# Observation noise | mean | standard deviation

0.5 23284.056696137734 1134.7141957358112
0.6 23363.13590964702 1146.7154420591874
0.7 23379.80780852035 1136.5068299617399
0.7999999999999999 23430.4109396602 1160.0651537854815
0.8999999999999999 23517.634307154418 1149.811541776974
0.9999999999999999 23483.217869453198 1126.365013184856
1.0999999999999999 23626.885479181976 1133.3604525228634
1.1999999999999997 23690.502367357432 1106.6064182437838
1.2999999999999996 23708.69989798339 1098.686609779818
1.3999999999999995 23786.057597948882 1073.2896297692182
1.4999999999999993 23810.850556900714 1046.3458771407331
1.5999999999999992 23844.19247219535 1006.2768980693983
1.699999999999999 23909.904801463457 982.1009807585018
1.799999999999999 23878.574661587692 968.0088822146226
1.8999999999999988 23927.340592075187 923.9925530259662
1.9999999999999987 23876.256552611383 927.0693398865737
2.0999999999999988 23925.738448997276 861.4376457939029
2.199999999999999 23929.007645107322 856.5028453439058
2.299999999999999 23904.3880789734 845.0179546732347
2.399999999999999 23971.251444355756 790.314199894436
2.499999999999999 23924.876226074775 761.5960939201544
2.599999999999999 23945.956993184765 760.2645217785984
2.6999999999999993 23893.787875779584 741.3572878069572
2.7999999999999994 23950.31435198214 695.7694727519612
2.8999999999999995 23931.069226912976 693.7771868195716
2.9999999999999996 23869.990067175524 693.6897476569629
3.0999999999999996 23853.116453752053 673.9109026955907
3.1999999999999997 23857.076582641683 625.523029630737
3.3 23821.08499006078 655.6888557627107
3.4 23836.46310378032 609.4077899141492
3.5 23792.277519623425 612.6473412412103
3.6 23746.41273116195 613.2692997271139
3.7 23755.575588277807 582.2184150167209
3.8000000000000003 23733.449607687995 568.7335188025431
3.9000000000000004 23715.85182792944 549.4581072586747
4.0 23725.08238993729 566.9581180406102
4.1 23692.05140663194 530.6380692350184
4.199999999999999 23673.266678793367 536.9631703703336
4.299999999999999 23655.978594223634 518.7293949177853
4.399999999999999 23623.16191447676 533.5829239509497
4.499999999999998 23614.618046792573 512.2918070271375
4.599999999999998 23584.1203008501 499.34288597321665
4.6999999999999975 23571.59575195247 500.75872539062095
4.799999999999997 23528.418137618668 500.96381637609335
4.899999999999997 23518.195106469568 487.0772391671839
4.9999999999999964 23523.419467248303 486.1963378033886
5.099999999999996 23497.219392881256 466.8993404456331
5.199999999999996 23474.762798147596 467.7998065442959
5.299999999999995 23445.01090816837 468.93427096565745
5.399999999999995 23435.187422236035 449.0487823477547
5.499999999999995 23425.60981154762 455.9486146724318
5.599999999999994 23402.366154937816 453.23132836184345
5.699999999999994 23420.514088555927 452.04422160581566
5.799999999999994 23365.733251940415 430.4564037463299
5.899999999999993 23379.61784494038 452.67088611845804
5.999999999999993 23349.15109676982 437.47724139098443
6.0999999999999925 23340.353778722885 434.7136528539691
6.199999999999992 23357.0548368353 448.83129497108075
6.299999999999992 23314.185552698033 422.07713557870494
6.3999999999999915 23308.11948229445 423.7013587938941
6.499999999999991 23277.607074464966 418.4058786161654
6.599999999999991 23300.466467044065 426.82611597549413
6.69999999999999 23269.645120549398 419.43575599012706
6.79999999999999 23277.01442789644 412.31455148388665
6.89999999999999 23244.23828754385 416.6540632858489
6.999999999999989 23266.70288159223 402.5519667649321
7.099999999999989 23238.269715407685 413.5389119816565
7.199999999999989 23223.874688267286 407.0360859593372
7.299999999999988 23222.034251201432 389.6585033157915
7.399999999999988 23217.888103050587 407.09580140376266
7.499999999999988 23185.20106927526 402.2096943023613
7.599999999999987 23187.023057249233 398.2017070810492
7.699999999999987 23201.09959181629 384.1136555189029
7.7999999999999865 23187.358389802608 393.9142529367969
7.899999999999986 23172.858755758494 377.3575800051086
7.999999999999986 23167.22594602831 372.8121876557438
