# Rounds: 5000, repetitions: 1000
# Good arm ~ N(5.0,0.0), 10 bad arm(s) ~ N(2.0,0.0)
# Observation noise range from 0.5 to 8.0 with step size 0.1

# Observation noise | mean | standard deviation

0.5 24973.113000000027 4.277912052804664
0.6 24972.728999999992 4.6788300300876795
0.7 24971.91300000002 5.427788858448016
0.7999999999999999 24967.994999999984 6.163518797242726
0.8999999999999999 24957.981000000018 5.884833920364253
0.9999999999999999 24947.192999999967 4.335729413783695
1.0999999999999999 24942.342000000004 3.524692817744446
1.1999999999999997 24935.95199999999 4.909765962019171
1.2999999999999996 24926.774999999954 5.309667368825264
1.3999999999999995 24916.55100000001 4.777679899828499
1.4999999999999993 24907.107 4.721847821229208
1.5999999999999992 24897.416999999998 5.4041017121548665
1.699999999999999 24886.454999999947 5.6135092844393535
1.799999999999999 24875.358 5.924604369655209
1.8999999999999988 24863.831999999977 6.2607485952538715
1.9999999999999987 24852.309 6.405509312267825
2.0999999999999988 24840.225000000028 6.658581809342791
2.199999999999999 24826.898999999972 7.338845798738178
2.299999999999999 24814.355999999996 7.539503173824437
2.399999999999999 24801.504000000023 7.507219348223536
2.499999999999999 24787.319999999992 7.87881181877549
2.599999999999999 24773.310000000016 8.129082480943463
2.6999999999999993 24759.03600000002 8.496875949482925
2.7999999999999994 24744.882000000023 8.66678655495728
2.8999999999999995 24729.65700000001 8.889227715013797
2.9999999999999996 24715.18799999998 9.421646534625529
3.0999999999999996 24699.461999999978 9.98570329372298
3.1999999999999997 24683.256000000012 10.01912405586673
3.3 24667.202999999998 10.09602499604275
3.4 24650.541000000005 10.513650928952169
3.5 24634.427999999974 10.486982063148224
3.6 24617.892000000036 10.885441140754354
3.7 24601.029000000024 11.499060282796458
3.8000000000000003 24583.220999999972 11.844849490789597
3.9000000000000004 24565.944000000025 11.995530699254514
4.0 24547.69799999997 12.867181523564483
4.1 24530.52000000001 12.412722331369308
4.199999999999999 24511.737000000016 13.343608315702435
4.299999999999999 24492.51300000003 13.294908257885231
4.399999999999999 24474.242999999995 14.19758861647016
4.499999999999998 24454.956 14.074094789511038
4.599999999999998 24435.83100000001 14.33331374396313
4.6999999999999975 24415.757999999976 14.708153037202347
4.799999999999997 24396.428999999967 14.408002968820883
4.899999999999997 24376.832999999995 14.972551161652047
4.9999999999999964 24356.19299999999 15.834913813958588
5.099999999999996 24336.25200000001 16.298716027471205
5.199999999999996 24315.062999999995 15.8474026632498
5.299999999999995 24294.947999999997 15.927239967206344
5.399999999999995 24274.608000000033 16.573805447965956
5.499999999999995 24253.832999999995 17.13583227473201
5.599999999999994 24232.820999999974 17.394871098704332
5.699999999999994 24211.806000000015 18.376344959051476
5.799999999999994 24188.65199999999 18.017144987858533
5.899999999999993 24166.943999999974 18.734776642806768
5.999999999999993 24145.019999999986 19.03917251589708
6.0999999999999925 24123.660000000025 19.847980812726064
6.199999999999992 24100.19999999999 19.286367308644905
6.299999999999992 24078.75299999999 20.02160972189441
6.3999999999999915 24055.449 19.295639940689185
6.499999999999991 24032.090999999982 20.77576355639795
6.599999999999991 24010.214999999967 20.490598811153568
6.69999999999999 23987.160000000036 20.261711105850278
6.79999999999999 23962.364999999987 22.018414692833534
6.89999999999999 23940.407999999978 21.65027182901572
6.999999999999989 23916.26400000003 22.830802647948044
7.099999999999989 23893.542 22.737397063543092
7.199999999999989 23867.62200000001 22.461202586273572
7.299999999999988 23843.897999999954 23.98025539164775
7.399999999999988 23819.250000000004 23.293176513135194
7.499999999999988 23795.418000000016 23.443696015835133
7.599999999999987 23771.45400000001 23.769705149262567
7.699999999999987 23747.603999999996 25.652665421808436
7.7999999999999865 23721.579 24.969486062677305
7.899999999999986 23697.125999999993 26.148955847067676
7.999999999999986 23671.689000000017 26.26957116835693
