# Rounds: 5000, repetitions: 1000
# Good arm ~ N(5.0,0.0), 10 bad arm(s) ~ N(4.0,0.0)
# Observation noise range from 0.5 to 8.0 with step size 0.1

# Observation noise | mean | standard deviation

0.5 24969.47000000001 3.1162173882466075
0.6 24958.159999999985 2.3370626568113098
0.7 24945.139 2.379777792639961
0.7999999999999999 24931.06600000003 2.6154319881205796
0.8999999999999999 24915.571999999996 2.8679332351087172
0.9999999999999999 24899.075000000004 3.144083373617836
1.0999999999999999 24881.787999999975 3.4039157807798976
1.1999999999999997 24863.210999999974 3.710289105345454
1.2999999999999996 24843.986000000034 4.089808128816136
1.3999999999999995 24824.099000000006 4.158424159641705
1.4999999999999993 24803.084000000003 4.7289858645705145
1.5999999999999992 24781.353000000003 4.937080692652893
1.699999999999999 24759.269999999946 5.093234830737791
1.799999999999999 24736.412000000004 5.909075492255352
1.8999999999999988 24712.892000000014 5.899079176883066
1.9999999999999987 24688.50000000002 6.071809192231494
2.0999999999999988 24664.01500000002 6.63391165028477
2.199999999999999 24638.888999999992 7.065309448113209
2.299999999999999 24613.248000000007 6.896960494599407
2.399999999999999 24586.74300000003 7.001140404746036
2.499999999999999 24560.30199999997 7.655154955805746
2.599999999999999 24533.274999999994 8.098083350642588
2.6999999999999993 24506.035999999967 8.302628357191276
2.7999999999999994 24478.743 8.372637102613016
2.8999999999999995 24450.913000000004 9.230635711349223
2.9999999999999996 24422.423999999977 9.49306812059945
3.0999999999999996 24393.76500000003 9.568141111225618
3.1999999999999997 24365.108 9.937458884900618
3.3 24335.609 10.174755262149768
3.4 24306.977999999985 10.191731324332876
3.5 24277.522000000004 10.615187148524413
3.6 24247.55900000001 10.642733990229617
3.7 24217.634000000005 11.38418392523773
3.8000000000000003 24187.965000000007 11.431905504484456
3.9000000000000004 24157.32699999997 11.975035385019515
4.0 24128.080999999984 12.72392774803986
4.1 24097.165999999983 12.839598876105908
4.199999999999999 24066.83800000001 12.756978345066475
4.299999999999999 24035.887999999995 13.732225967774829
4.399999999999999 24005.827 14.324044444543203
4.499999999999998 23974.462 13.585474637314581
4.599999999999998 23943.978999999996 14.501753682222718
4.6999999999999975 23913.058999999972 15.260944119398902
4.799999999999997 23882.875000000007 14.795278817084665
4.899999999999997 23852.263999999985 15.681077775465635
4.9999999999999964 23821.73700000002 15.88944005638039
5.099999999999996 23790.404000000006 16.140362303718447
5.199999999999996 23760.063999999984 17.336217824209673
5.299999999999995 23729.462000000025 16.89022900483704
5.399999999999995 23699.971999999987 17.05778954566453
5.499999999999995 23668.48 18.02682907686664
5.599999999999994 23639.73799999997 18.344259807031417
5.699999999999994 23608.061000000005 17.893279421292384
5.799999999999994 23577.24399999999 18.823197836095122
5.899999999999993 23546.824999999993 18.411337603562462
5.999999999999993 23516.743 19.368636893057076
6.0999999999999925 23486.854000000025 19.714698916122323
6.199999999999992 23457.703000000005 19.626818463597303
6.299999999999992 23428.144000000022 21.49891782084558
6.3999999999999915 23398.49000000001 20.428637478530664
6.499999999999991 23370.100000000024 20.950678531516147
6.599999999999991 23340.27599999998 21.120319407904177
6.69999999999999 23310.968999999986 21.943462683782506
6.79999999999999 23283.142000000025 21.990848856591054
6.89999999999999 23254.135000000013 21.75164152216815
6.999999999999989 23225.369000000002 21.799358959635672
7.099999999999989 23197.424999999992 23.919040438435093
7.199999999999989 23169.909999999985 24.224134839219936
7.299999999999988 23141.606000000007 23.763911451768415
7.399999999999988 23112.915000000008 24.131890168884972
7.499999999999988 23086.48799999999 25.74168779413062
7.599999999999987 23060.02799999999 24.335682473303166
7.699999999999987 23030.03300000002 24.863670547871934
7.7999999999999865 23003.649999999972 25.549408452492024
7.899999999999986 22978.40699999999 26.421571687741253
7.999999999999986 22950.03999999998 27.18921943810905
