# Rounds: 100, repetitions: 1000
# Good arm ~ N(5.0,2.0), 19 bad arm(s) ~ N(0.0,2.0)
# Observation noise range from 0.5 to 8.0 with step size 0.1

# Observation noise | mean | standard deviation

0.5 397.8111221856711 29.171493723984884
0.6 397.9517364571819 34.406787770615026
0.7 398.17686919136 33.20217646934487
0.7999999999999999 394.1923301505302 37.0554081297545
0.8999999999999999 393.2470615748427 33.31049599626529
0.9999999999999999 393.20085094573955 29.68148199393502
1.0999999999999999 390.0466949414455 31.260838330661535
1.1999999999999997 388.11028277288875 29.614822928274247
1.2999999999999996 385.2768417834274 33.55867536475592
1.3999999999999995 381.9884804769843 31.89086228686066
1.4999999999999993 375.84009542018913 32.93673607650756
1.5999999999999992 372.7470311439493 33.952971639995155
1.699999999999999 368.69810715135657 35.1164477223505
1.799999999999999 362.879681019098 34.35894504828363
1.8999999999999988 355.8989833644529 39.7444098817968
1.9999999999999987 349.9948338169065 38.87047364386869
2.0999999999999988 345.46192379677575 37.358175106010115
2.199999999999999 337.9010183569717 42.01115216120732
2.299999999999999 329.40273799041876 44.45282257868733
2.399999999999999 321.88831766444565 43.26264520060289
2.499999999999999 313.0297307610605 44.4605733992954
2.599999999999999 306.3413789702881 46.44856368836289
2.6999999999999993 297.50854575602045 45.98582287307462
2.7999999999999994 287.8017876014047 49.38277534421446
2.8999999999999995 279.6933868799586 50.60758117105827
2.9999999999999996 272.64767290878063 48.59684946660779
3.0999999999999996 266.6300293518588 48.66377639805997
3.1999999999999997 256.47214585342795 53.35293072340007
3.3 248.04470871291406 50.4881250273194
3.4 237.95411595048583 54.17248452832763
3.5 227.70232773603595 54.81701890492662
3.6 222.9185129884979 55.446022004967446
3.7 211.71585085833914 56.333618203065726
3.8000000000000003 205.76358711428765 56.06329286761424
3.9000000000000004 197.1298951001843 55.794250653148175
4.0 189.5735147839528 55.53739278850997
4.1 181.2394594698757 57.03197166946972
4.199999999999999 173.55163211093563 55.13153355070285
4.299999999999999 163.9475270147336 53.0176754048978
4.399999999999999 159.93243989134993 56.22461492081776
4.499999999999998 153.51081057473112 55.31908103603889
4.599999999999998 145.52721009074085 54.91625744912546
4.6999999999999975 141.02008072571667 51.300825690791584
4.799999999999997 136.41368264879898 51.71730447976615
4.899999999999997 127.70406840535148 49.824314093821144
4.9999999999999964 121.45999718858845 48.860477609140595
5.099999999999996 117.49326426595115 50.57435354667664
5.199999999999996 113.51018340918556 48.671606771552206
5.299999999999995 108.18497140820818 46.88930782499816
5.399999999999995 104.36834447664553 45.73455516751775
5.499999999999995 100.4200033312916 45.65644512471979
5.599999999999994 96.61037245630358 43.3401004093907
5.699999999999994 91.63850426088756 42.74795325253334
5.799999999999994 92.10847237006674 41.64782656725893
5.899999999999993 84.35347693460437 43.61251545067549
5.999999999999993 82.06692683765401 40.130379732211175
6.0999999999999925 80.74582057603334 38.84851298937026
6.199999999999992 79.9958635715453 39.66689834427846
6.299999999999992 73.24711948968444 36.93246635152342
6.3999999999999915 74.11551735405351 38.743495034027404
6.499999999999991 72.51612204517521 37.66117190661469
6.599999999999991 68.07007072655448 36.23690253102984
6.69999999999999 67.9202922803409 35.13537490081037
6.79999999999999 62.70116180426927 33.677841327289435
6.89999999999999 62.349956781147846 33.095513055036434
6.999999999999989 63.75104451230474 34.22826566794889
7.099999999999989 60.334373666819346 32.853234735077024
7.199999999999989 58.84947524038651 32.16090450443897
7.299999999999988 58.5203050350517 34.61231344371607
7.399999999999988 55.86716639361159 32.9204607037036
7.499999999999988 54.11784926302801 29.876046400536342
7.599999999999987 54.19541490891578 31.355105250772294
7.699999999999987 53.51258512789848 30.7259604707709
7.7999999999999865 52.56454597669858 29.089577628221445
7.899999999999986 52.11875389078074 29.645009387429003
7.999999999999986 51.37904600746828 29.989668412175565
