# Rounds: 10, repetitions: 1000
# Good arm ~ N(5.0,3.0), 16 bad arm(s) ~ N(4.5,3.0)
# Observation noise range from 0.5 to 8.0 with step size 0.1

# Observation noise | mean | standard deviation

0.5 50.210885871340594 10.06720460143751
0.6 49.779730929849066 10.016878788987027
0.7 49.38052561516202 9.668417462582823
0.7999999999999999 49.20335429730113 9.898461764299498
0.8999999999999999 50.30140907436482 9.953377988865757
0.9999999999999999 49.66080408819322 10.021369122618019
1.0999999999999999 49.29829419633731 9.776604195235324
1.1999999999999997 49.84418829743292 9.998462822021901
1.2999999999999996 49.89550033159881 9.558090375459374
1.3999999999999995 49.90569962169848 9.961143358918957
1.4999999999999993 49.66273474965651 9.834602578966491
1.5999999999999992 50.0747129478684 9.925765128570129
1.699999999999999 49.61146063367814 9.934606559727303
1.799999999999999 50.314824869418516 9.845706457071707
1.8999999999999988 49.735986554390344 9.973783747579274
1.9999999999999987 49.94370611771606 10.08273907275552
2.0999999999999988 49.68132471944319 9.718932842333194
2.199999999999999 49.799207286732496 9.962660220601126
2.299999999999999 49.57918933024391 10.065751533957053
2.399999999999999 49.90689924773324 9.808539100184957
2.499999999999999 49.4356428053438 9.714779979281678
2.599999999999999 49.49626317296947 9.954427667379726
2.6999999999999993 49.72369274557063 9.932624397337335
2.7999999999999994 49.83842798319562 10.43114149318227
2.8999999999999995 49.726921126173025 9.83223369545791
2.9999999999999996 49.906312854760316 10.369919782939748
3.0999999999999996 49.98111356362493 10.033213370185043
3.1999999999999997 50.41511945012091 9.992451272829896
3.3 49.62515244965315 9.645025888293137
3.4 49.86808778184812 10.007980567789787
3.5 49.949511703353124 9.953984268467126
3.6 49.89227113066216 9.940011947127665
3.7 50.01900919021766 9.76174783480394
3.8000000000000003 50.13916387908238 10.038754101881533
3.9000000000000004 50.12041505959197 10.27559009208854
4.0 49.51778200528949 10.137181975593762
4.1 50.16450938090871 10.1268988293523
4.199999999999999 49.797409948344345 9.860676323354854
4.299999999999999 49.656123073001986 9.871820007766036
4.399999999999999 50.10224557827006 9.807607660464976
4.499999999999998 50.3700444824461 9.525417985936869
4.599999999999998 49.98801163497006 10.058175075581671
4.6999999999999975 50.44492077822167 9.702720540520051
4.799999999999997 50.06894014927371 9.645617880696673
4.899999999999997 49.44843270633536 9.817976248917178
4.9999999999999964 49.53275530840478 9.872625143589815
5.099999999999996 50.25449044174726 9.903542622359733
5.199999999999996 50.07577269439708 9.797368883358349
5.299999999999995 49.68612743226947 9.910026652833707
5.399999999999995 49.7324686196961 10.018545143599207
5.499999999999995 50.359754905176715 10.57941526238376
5.599999999999994 49.383730719927776 9.922784393421006
5.699999999999994 50.477743343110795 10.060267315183868
5.799999999999994 49.291435695143406 9.914172888989924
5.899999999999993 49.555012040874026 9.63425256885306
5.999999999999993 49.67530112627207 10.423713423293831
6.0999999999999925 49.45332423994803 10.272546309862989
6.199999999999992 49.75416404730723 10.090799744175934
6.299999999999992 49.844210945447166 9.716188184227715
6.3999999999999915 50.683077044906895 9.612045942418446
6.499999999999991 50.05650991792955 9.838776339000907
6.599999999999991 49.80388343335753 10.121964449627415
6.69999999999999 49.7963585755904 9.731618612723217
6.79999999999999 50.24153259446147 9.975429088446731
6.89999999999999 49.82307148553951 10.320026448431044
6.999999999999989 50.05050670814427 9.774627651045376
7.099999999999989 49.94463822483558 10.26810659077155
7.199999999999989 49.33163309734451 9.501364479118017
7.299999999999988 49.774317713161814 9.614193895553829
7.399999999999988 50.296946846123106 10.059079229775497
7.499999999999988 49.89212696391468 9.95945220890928
7.599999999999987 49.76041655182167 9.777363001513717
7.699999999999987 49.569291375647666 10.032143275821129
7.7999999999999865 49.75317592281916 10.285654524618637
7.899999999999986 49.722885992795526 9.714819095186394
7.999999999999986 49.90557419906956 10.188250410464944
