# Rounds: 10, repetitions: 1000
# Good arm ~ N(5.0,5.0), 16 bad arm(s) ~ N(2.0,5.0)
# Observation noise range from 0.5 to 8.0 with step size 0.1

# Observation noise | mean | standard deviation

0.5 24.816354451594783 17.553461247760527
0.6 25.83864784560269 17.810333626523573
0.7 25.91687355741058 18.771149282588947
0.7999999999999999 25.391795954074684 18.837603241228354
0.8999999999999999 25.95757122326915 17.511701215560343
0.9999999999999999 25.350836354681288 17.67197078298593
1.0999999999999999 24.58973914024456 17.622405003473784
1.1999999999999997 24.902374191921325 17.446539635923592
1.2999999999999996 25.2041880188049 16.9755738819072
1.3999999999999995 24.835632433436782 18.023324865024343
1.4999999999999993 25.41222892608986 18.367768295438143
1.5999999999999992 25.365658952112707 18.29818966210605
1.699999999999999 25.169960294105046 17.837998502073702
1.799999999999999 25.408440591697357 17.382564938181385
1.8999999999999988 25.158605882568928 17.64000982394546
1.9999999999999987 25.556612680229318 17.084490845712377
2.0999999999999988 24.953361398095854 17.956690375081745
2.199999999999999 26.075395698464224 17.4777843435096
2.299999999999999 25.148610413206217 17.541098537366505
2.399999999999999 25.13342297248905 17.274352197471657
2.499999999999999 23.79702610042219 17.304321040354857
2.599999999999999 23.747599435600502 16.984200588829385
2.6999999999999993 24.481298389908012 18.079539973658438
2.7999999999999994 24.419023635810085 17.853815821707396
2.8999999999999995 24.39908746030341 17.672705195264115
2.9999999999999996 25.695053367234763 17.287768076280265
3.0999999999999996 24.656103699794805 16.524218401580917
3.1999999999999997 24.271860247816868 17.712949440303422
3.3 24.1037402388994 17.155473762203243
3.4 25.039169076584272 17.53132587035633
3.5 23.455182789677107 17.037190886697864
3.6 24.40377759714431 16.605877075476833
3.7 25.02069412147878 16.964427916134813
3.8000000000000003 23.986076054038595 16.886180453173107
3.9000000000000004 23.83805948718109 17.316418682193387
4.0 24.008132259644658 17.082400284072442
4.1 24.614087026744226 17.10697457576612
4.199999999999999 24.58486783771248 17.294232554709065
4.299999999999999 24.403603943181224 16.801243344341803
4.399999999999999 24.35574532575944 16.585670991371178
4.499999999999998 24.031876522260017 17.05214850795206
4.599999999999998 24.000383345529254 17.061614567603982
4.6999999999999975 23.593214227680665 17.361265920788213
4.799999999999997 23.414301922933923 17.00259434463942
4.899999999999997 24.640188103502823 17.240074405409
4.9999999999999964 24.326623653250284 17.181219860681225
5.099999999999996 23.65054044647371 17.507578952477655
5.199999999999996 23.38493586532886 17.15198631322174
5.299999999999995 24.09024077945763 17.315371088446852
5.399999999999995 23.792826023597854 16.509969631948834
5.499999999999995 23.44458661877864 16.864139003469198
5.599999999999994 23.737033966194144 16.477278885327273
5.699999999999994 24.500981024947293 16.870894980104385
5.799999999999994 24.868385869901292 16.661608002307226
5.899999999999993 24.75975538635782 16.9660261155864
5.999999999999993 24.25203757262666 17.18451993713293
6.0999999999999925 23.639480252080926 17.07244619725557
6.199999999999992 24.208023033791488 16.154370479161095
6.299999999999992 23.06433752107307 16.769076188869988
6.3999999999999915 24.615207988473436 16.33661580127308
6.499999999999991 24.916133037241256 16.139317337650787
6.599999999999991 23.508392461895284 16.956863662913896
6.69999999999999 23.54743963987732 16.012345170910034
6.79999999999999 23.646063775025972 17.099754930054495
6.89999999999999 24.223330985130858 16.726112616612117
6.999999999999989 23.41879867889433 15.83224836740904
7.099999999999989 23.20015789511306 16.80592095367909
7.199999999999989 23.742587242439637 17.092163054113097
7.299999999999988 23.92996565380423 16.779955008431
7.399999999999988 23.52993975027573 16.662463836391684
7.499999999999988 23.5858437657918 16.577832746147923
7.599999999999987 24.121765314956818 17.11237675583165
7.699999999999987 23.488602645403308 16.48340473882483
7.7999999999999865 24.000354547800768 16.82318065257498
7.899999999999986 24.030880229701197 16.45706393347295
7.999999999999986 24.110043634548436 16.609436532529948
