# Rounds: 10, repetitions: 1000
# Good arm ~ N(5.0,5.0), 16 bad arm(s) ~ N(3.0,5.0)
# Observation noise range from 0.5 to 8.0 with step size 0.1

# Observation noise | mean | standard deviation

0.5 35.420314871408536 17.386462473032818
0.6 34.591727572159044 17.014568584431924
0.7 35.1566993043839 17.051374319223395
0.7999999999999999 34.7035259743656 17.225269070969727
0.8999999999999999 34.41391100151943 17.215449411573093
0.9999999999999999 34.47948749243749 17.7038431387423
1.0999999999999999 34.35515590438213 16.484019158310403
1.1999999999999997 34.62305583160941 16.597842587064722
1.2999999999999996 35.699981627665174 17.652593808151398
1.3999999999999995 35.14667069348562 16.849695269537474
1.4999999999999993 34.17803650641189 17.45326131243453
1.5999999999999992 34.40021890803423 17.306532775596914
1.699999999999999 34.62677125674115 17.22726446201829
1.799999999999999 35.5424649174303 17.114330518311327
1.8999999999999988 34.36175366981139 17.247360320607985
1.9999999999999987 34.342435382318385 17.871021860757295
2.0999999999999988 34.40699121724328 17.461578151152597
2.199999999999999 34.39286193762775 16.44700144804283
2.299999999999999 34.72822777116757 16.8322527425907
2.399999999999999 35.18316693241723 16.65944946107427
2.499999999999999 34.176562160035054 17.107892979137475
2.599999999999999 34.63034382738091 17.09263060213482
2.6999999999999993 34.39755461265876 17.482107979213755
2.7999999999999994 34.7329347148483 16.603780044920427
2.8999999999999995 35.16734997120885 17.138768211830584
2.9999999999999996 34.528798533160554 16.619743991329084
3.0999999999999996 34.978892437246095 16.359607299156128
3.1999999999999997 34.17952102060017 16.657525124511988
3.3 33.93142830309926 16.985793340437976
3.4 35.1766115521751 16.911617004858343
3.5 33.72776473619022 16.912507927034962
3.6 33.968312732359706 16.722316683358052
3.7 34.361059476292404 17.212424622331753
3.8000000000000003 34.482006282520715 17.058708025597763
3.9000000000000004 33.941737847351966 16.75317665279391
4.0 34.26634822188561 16.43147925667529
4.1 34.68465067097511 16.749345537291536
4.199999999999999 34.299771690593886 16.282455155474167
4.299999999999999 34.38890463586614 16.229563583670068
4.399999999999999 34.26514276752473 16.401496549257995
4.499999999999998 34.61285851480088 16.471488262459907
4.599999999999998 33.689611898599416 16.89358126640904
4.6999999999999975 34.00369022919798 16.786438992767046
4.799999999999997 34.07997475516366 16.813517041690144
4.899999999999997 33.994387107260984 16.70255719251718
4.9999999999999964 33.383547754253875 16.910413084814472
5.099999999999996 34.28501764768049 17.094650340222113
5.199999999999996 34.21805335287986 16.0067701184419
5.299999999999995 33.82311634867651 17.007687568823144
5.399999999999995 33.157007086079204 16.259582722579328
5.499999999999995 33.9833106391792 16.20619503032176
5.599999999999994 35.13299328547999 17.00107690637864
5.699999999999994 35.38505584326943 16.83801285675346
5.799999999999994 33.69225062323209 17.171635559536792
5.899999999999993 34.664702765803995 17.537512982682475
5.999999999999993 33.62615017775341 16.574775778083588
6.0999999999999925 35.093874195245554 16.18222875885233
6.199999999999992 35.07799754128627 16.23144381693312
6.299999999999992 34.591981338466205 16.67211493043849
6.3999999999999915 34.6121984613397 17.398959266815048
6.499999999999991 34.161180608708804 16.432279276965083
6.599999999999991 34.549113673084975 16.388283027053877
6.69999999999999 34.09501142935148 16.870471209077866
6.79999999999999 34.7126335368655 16.58082041177593
6.89999999999999 33.73376245813251 16.814593475719956
6.999999999999989 34.49850634944552 16.295552857282185
7.099999999999989 33.996300263752886 17.091281557481103
7.199999999999989 33.66531484990033 16.594892204495864
7.299999999999988 34.7686317436776 16.683195377856055
7.399999999999988 34.323983040500096 16.416553099752612
7.499999999999988 34.198731295987706 15.840029716547143
7.599999999999987 34.347577635571035 15.917288215321193
7.699999999999987 34.05302268751514 16.884291615220093
7.7999999999999865 33.7683186771863 16.61661496551909
7.899999999999986 33.73071597446689 16.819042662365185
7.999999999999986 33.69463982484116 16.651813232514225
