# Rounds: 10, repetitions: 1000
# Good arm ~ N(5.0,3.0), 16 bad arm(s) ~ N(2.0,3.0)
# Observation noise range from 0.5 to 8.0 with step size 0.1

# Observation noise | mean | standard deviation

0.5 25.67099149526901 12.101712494048396
0.6 25.99595610204448 11.776212587210244
0.7 25.551207287944745 11.7847357305174
0.7999999999999999 25.81639290306608 11.994449725060996
0.8999999999999999 25.778807874652646 11.852739416726855
0.9999999999999999 26.088067913273772 11.954172464438845
1.0999999999999999 25.584880417861477 12.294712766073586
1.1999999999999997 25.998163958185952 11.933045373452584
1.2999999999999996 25.39580974437218 11.383467866675481
1.3999999999999995 25.77794040751639 12.305365204648513
1.4999999999999993 25.27729053587059 11.928242676092642
1.5999999999999992 25.585832760748627 11.456315067660574
1.699999999999999 25.06497924574601 11.027639881646742
1.799999999999999 25.199303480518406 11.210119939218266
1.8999999999999988 24.88306229382264 11.285929300756287
1.9999999999999987 25.19508210416541 11.431123498745578
2.0999999999999988 25.041902627565282 10.836948120880091
2.199999999999999 24.69874316837964 10.978539062403724
2.299999999999999 25.12899633365939 10.838683555375198
2.399999999999999 24.7821139079177 10.766146656171394
2.499999999999999 24.672404189051328 10.460815711552682
2.599999999999999 24.282241512120144 10.919016984541614
2.6999999999999993 24.768935902375176 10.257850823402574
2.7999999999999994 25.01772330826717 10.58211843842876
2.8999999999999995 24.94946959589372 10.905762452612544
2.9999999999999996 24.882032440573802 11.148385557733294
3.0999999999999996 25.142473928372084 10.95696270067058
3.1999999999999997 23.917576772664994 10.429261697543543
3.3 24.424205537976768 10.680867023755404
3.4 24.237158971756134 10.694885258957454
3.5 24.52890691340262 10.545719769424954
3.6 23.616176783042835 10.652405656374352
3.7 24.039758114672587 10.3771543914892
3.8000000000000003 23.646085909154053 10.162829381136591
3.9000000000000004 24.248443968870944 10.717413590534955
4.0 23.45176278309792 10.155017755658369
4.1 23.920059442316628 10.267338697451434
4.199999999999999 24.568583721656143 10.679415148239592
4.299999999999999 24.07487219003688 10.5275177082991
4.399999999999999 23.378693147483865 10.396304066336205
4.499999999999998 24.005260894183753 10.425625880165008
4.599999999999998 24.06410977128964 10.154615111076776
4.6999999999999975 24.602251588762282 10.0414461951161
4.799999999999997 23.95273521997875 10.038215939069772
4.899999999999997 24.595348152952873 10.299624462081765
4.9999999999999964 24.08751023273852 10.182766609209287
5.099999999999996 24.01712375378519 10.200389108859971
5.199999999999996 23.804785816227792 10.441001709652705
5.299999999999995 24.074928394625097 10.370211027702332
5.399999999999995 23.95019081607134 10.51617588035012
5.499999999999995 24.091711837748285 10.299390850325956
5.599999999999994 23.65640369876133 9.875546611951647
5.699999999999994 24.073496607689208 10.0688921152942
5.799999999999994 23.94436614097234 10.083584441107893
5.899999999999993 24.330113797817308 10.288850038265965
5.999999999999993 24.076112099595985 10.446479398236177
6.0999999999999925 24.815270820716503 9.904701913305626
6.199999999999992 23.423788407526903 10.449363099744716
6.299999999999992 24.275500131409828 10.278069729866825
6.3999999999999915 23.933960512940477 10.328487918386575
6.499999999999991 23.52238946925895 10.247558888911103
6.599999999999991 23.34156846508899 10.56622491076602
6.69999999999999 24.764404412977758 10.459717190855718
6.79999999999999 24.03001338886645 10.363800161208271
6.89999999999999 24.181042186178257 10.025074159393649
6.999999999999989 24.119277143854784 10.324819934426223
7.099999999999989 23.74918930007294 10.382030526140975
7.199999999999989 23.599579465669258 10.43102920746415
7.299999999999988 24.068168174529166 10.122068276134964
7.399999999999988 24.13320616374074 10.329740553113837
7.499999999999988 24.083035923336332 9.862740802639975
7.599999999999987 23.24600572501203 9.87123052416726
7.699999999999987 24.17745765807337 10.27033139033587
7.7999999999999865 23.53200421949804 10.131834246658814
7.899999999999986 23.824863372555466 10.617344183070058
7.999999999999986 23.84801374854816 10.166912150690159
