# Rounds: 10, repetitions: 1000
# Good arm ~ N(5.0,4.0), 16 bad arm(s) ~ N(4.9,4.0)
# Observation noise range from 0.5 to 8.0 with step size 0.1

# Observation noise | mean | standard deviation

0.5 54.12851915342004 13.727246698259826
0.6 53.16377545507754 12.915314749790241
0.7 54.03749727422684 12.670052418606806
0.7999999999999999 53.94677725432736 13.275302844006566
0.8999999999999999 53.623753087079876 13.106141209558622
0.9999999999999999 54.009484589690594 13.041535384661058
1.0999999999999999 54.407029062127194 13.295288732945766
1.1999999999999997 53.98008193621418 13.483088665725935
1.2999999999999996 53.66209820426771 13.352706026907425
1.3999999999999995 54.51976910321632 13.05599520029939
1.4999999999999993 53.34360385966412 13.821474827272135
1.5999999999999992 53.555461330192514 13.494098133658262
1.699999999999999 53.86030612729185 13.20946411414675
1.799999999999999 53.86358113918617 12.828778822841393
1.8999999999999988 53.615220652985734 12.87517015610525
1.9999999999999987 54.035089413958495 13.267627182950342
2.0999999999999988 53.89737831591899 12.830510370554638
2.199999999999999 53.76814376492633 13.168905025349368
2.299999999999999 53.43123257344486 13.231893664423055
2.399999999999999 54.750562498949044 13.28664684257305
2.499999999999999 53.67954935738175 12.974523486148593
2.599999999999999 54.29513707364413 13.475853870809365
2.6999999999999993 53.745460530009495 13.110151900382819
2.7999999999999994 54.12168430095753 12.976475459465451
2.8999999999999995 54.18191999951115 13.148386836915526
2.9999999999999996 54.10412428093634 13.369040177126196
3.0999999999999996 53.91537834906648 13.185125150993215
3.1999999999999997 54.46413956823394 12.566604355598676
3.3 54.55656584609266 13.498095518541287
3.4 53.591841270265256 13.01875504664068
3.5 53.49072789922036 13.277285990598687
3.6 54.062213271045884 13.132390557746552
3.7 53.93456661091967 13.157766790743459
3.8000000000000003 54.561638789893514 13.072373058890975
3.9000000000000004 53.676532928902475 13.222488613191748
4.0 53.929218856400716 13.14574213593931
4.1 52.89722904077358 13.397877143393483
4.199999999999999 54.790279143309114 13.301790823050235
4.299999999999999 54.17905201801071 13.569736159326894
4.399999999999999 53.54526731483837 12.85167749704834
4.499999999999998 54.19435334482673 13.3188158869141
4.599999999999998 54.452923500173604 13.132083300768345
4.6999999999999975 54.55042921816344 13.472010435542625
4.799999999999997 53.565253309871515 13.264030606524285
4.899999999999997 54.16870698953116 13.211486920578698
4.9999999999999964 53.53448216338202 13.67489409124184
5.099999999999996 54.29504376619946 13.249483043657925
5.199999999999996 54.45644471722197 13.186247532544675
5.299999999999995 53.92660363717524 12.762792890153376
5.399999999999995 54.3636208590994 13.433067898174848
5.499999999999995 54.92387977082568 14.00979885654947
5.599999999999994 53.17698491407849 13.298261765942954
5.699999999999994 53.77976671915682 13.184220057890062
5.799999999999994 53.801490598124126 12.939868220733914
5.899999999999993 53.72859202383979 13.351933514385532
5.999999999999993 53.588052848027345 13.287824062629026
6.0999999999999925 54.58984184242955 13.398311899606053
6.199999999999992 54.23441887235009 13.04095904870137
6.299999999999992 53.79225240677612 13.13599376709948
6.3999999999999915 54.6666760801723 13.723913247756629
6.499999999999991 54.15458975402019 13.670706722056536
6.599999999999991 54.3601662058699 13.381864373498287
6.69999999999999 53.58317407398675 13.074779211398619
6.79999999999999 54.354571570722705 12.870993312707467
6.89999999999999 54.70371604228191 13.292223951195595
6.999999999999989 53.17569576907699 12.917860166138231
7.099999999999989 53.77172761037377 14.165159976718577
7.199999999999989 53.99896275428051 13.25943413405224
7.299999999999988 54.36553762120753 13.487782049317003
7.399999999999988 54.03403576570979 13.71742827748479
7.499999999999988 53.97167861569196 13.170639735933115
7.599999999999987 54.097300955928155 13.037831087382349
7.699999999999987 53.72623219515672 13.285855428149665
7.7999999999999865 54.70576282823476 13.18317890269213
7.899999999999986 53.38316257897034 13.392436396078264
7.999999999999986 54.17094738564157 13.087456863632866
