# Rounds: 10, repetitions: 1000
# Good arm ~ N(5.0,3.0), 16 bad arm(s) ~ N(0.5,3.0)
# Observation noise range from 0.5 to 8.0 with step size 0.1

# Observation noise | mean | standard deviation

0.5 12.138051815265479 14.133135165986916
0.6 11.886392756255496 15.150175658078695
0.7 12.19946668981871 14.829817516687172
0.7999999999999999 12.169131549263446 14.958944160933948
0.8999999999999999 11.8763186510277 15.056204416580425
0.9999999999999999 12.336668052913824 14.25063340447765
1.0999999999999999 12.641294905321585 15.053057676630516
1.1999999999999997 11.56674783487143 13.925749801572028
1.2999999999999996 11.502774727357435 14.184392721224272
1.3999999999999995 11.082245525583724 13.500512310498564
1.4999999999999993 10.91253322260403 12.928924844776617
1.5999999999999992 10.969748018292991 13.230100155042507
1.699999999999999 10.8606110789402 13.677794947451682
1.799999999999999 10.372186343018438 13.07174831436647
1.8999999999999988 11.117499392578898 12.981090333378582
1.9999999999999987 10.801948837591992 12.811995984954759
2.0999999999999988 10.649648434749459 12.414062007259444
2.199999999999999 11.034669187172389 12.2557974300522
2.299999999999999 10.239223411262154 11.740487421838745
2.399999999999999 10.008601140252019 11.874085606675926
2.499999999999999 9.713124310342764 11.886579387871596
2.599999999999999 10.035397443757573 11.741086150664934
2.6999999999999993 10.759128501376301 12.263775366270202
2.7999999999999994 9.97106809907838 12.069328575867821
2.8999999999999995 9.047972738666518 12.183559390593615
2.9999999999999996 9.252711295430352 11.399743404346742
3.0999999999999996 8.928637749047285 11.2045838665106
3.1999999999999997 9.330322915752912 11.619718112299863
3.3 9.82058962498518 11.115655051648845
3.4 9.230744827941491 11.142302219576395
3.5 8.913446212351086 11.065614039591775
3.6 9.095683660570453 11.152146244599795
3.7 8.583520771685661 10.720298404462525
3.8000000000000003 9.187204967280964 11.142644003565598
3.9000000000000004 9.350654395567725 10.959776751565697
4.0 8.963435015951324 10.604670378651388
4.1 9.11010340434623 11.459179982081219
4.199999999999999 9.804371861002554 11.03403932553255
4.299999999999999 9.4172798554848 10.857324321596806
4.399999999999999 8.599447953541983 11.308947565197066
4.499999999999998 9.07499418984964 11.120251589844083
4.599999999999998 8.90859712720267 10.484797528493386
4.6999999999999975 8.757242375628593 10.730343123249007
4.799999999999997 8.338853497579333 10.814025057750147
4.899999999999997 8.56928367446829 10.84156176714224
4.9999999999999964 8.958682024644977 10.657367606885016
5.099999999999996 8.95378298478083 10.95719950914028
5.199999999999996 8.757085721320294 10.706687529143936
5.299999999999995 9.03337620615078 10.773592591696872
5.399999999999995 8.545275114300235 10.629962628689677
5.499999999999995 8.438882043703677 10.734156589441723
5.599999999999994 8.548160694552259 10.742721769610112
5.699999999999994 8.401890707669262 10.647663397132481
5.799999999999994 8.262622382844722 10.845382957840378
5.899999999999993 8.655850928917342 10.743393206830753
5.999999999999993 8.825603270827626 10.687274375437548
6.0999999999999925 8.365963628573152 10.920024897613606
6.199999999999992 8.70717237162777 10.118912453068257
6.299999999999992 8.192588220996008 10.935205683368064
6.3999999999999915 8.292509241802469 10.53803195624002
6.499999999999991 8.99493954802386 10.513659303422585
6.599999999999991 8.349843153137364 11.050118577290984
6.69999999999999 7.937490314853526 10.590865670690421
6.79999999999999 8.024217841054082 10.64787282631857
6.89999999999999 8.573988580805766 10.723960605228482
6.999999999999989 7.9100864908164965 10.508975427485906
7.099999999999989 8.581123944553493 10.601274614306417
7.199999999999989 8.952448442220332 10.845168004765485
7.299999999999988 8.824945644421446 10.701396713187595
7.399999999999988 9.18695353661036 10.71604508731172
7.499999999999988 8.723064190492419 10.5471522412654
7.599999999999987 8.02605910420493 10.712700053864296
7.699999999999987 8.555444185851753 10.38575851978352
7.7999999999999865 9.1781566975542 10.981980533600673
7.899999999999986 8.882246825508323 10.475246529273301
7.999999999999986 8.342473753125091 10.329154175859891
